0.0001260302
0.0001233345
0.0001196788
0.0001186793
0.0001185232
0.0001211212
0.0001216104
0.0001194342
0.000109513
9.434419e-05
7.485048e-05
5.979271e-05
4.869347e-05
4.983427e-05
5.954021e-05
7.716188e-05
9.902108e-05
0.0001205449
0.0001353427
0.00013872
0.0001183179
7.558187e-05
1.262362e-05
-5.144602e-05
-0.0001050634
-0.0001287253
-0.0001304242
-0.0001151268
-9.850381e-05
-0.0001007711
-0.0001343891
-0.0001878934
-0.0002443189
-0.000300017
-0.0003516559
-0.0003940849
-0.0004195344
-0.0004226076
-0.0003949265
-0.0003376442
-0.0002678395
-0.0001976444
-0.0001538318
-0.0001324077
-0.0001348423
-0.0001655052
-0.0002032815
-0.0002691065
-0.0003771815
-0.0005003028
-0.0006250665
-0.0006888962
-0.0006556594
-0.0005576536
-0.0004250232
-0.0002950714
-0.0001926523
-8.636217e-05
8.80198e-06
4.379098e-05
-3.875477e-05
-0.0002513193
-0.0005896377
-0.0009915207
-0.001416881
-0.001781896
-0.001993587
-0.002020024
-0.00178736
-0.001255473
-0.0004502747
0.0005400533
0.001575887
0.002497945
0.003122235
0.003331931
0.003080769
0.002490046
0.001716641
0.001008551
0.0005287587
0.0004694168
0.0008402018
0.001490009
0.001954641
0.001782127
0.0009158446
-0.0005532321
-0.002083053
-0.003260505
-0.003862916
-0.003702408
-0.002932241
-0.001757627
-0.0003755807
0.001161
0.002591221
0.003835874
0.004808922
0.005259435
0.005107927
0.004478234
0.003545275
0.002583839
0.002020237
0.002005514
0.002459614
0.003265466
0.00410971
0.004694401
0.004696613
0.004008189
0.002606901
0.0008315384
-0.0007988373
-0.001849004
-0.001939056
-0.0008917152
0.0009053302
0.002848344
0.00440469
0.00533365
0.005479957
0.005009377
0.004382965
0.004143535
0.00446871
0.005366201
0.006399468
0.007034232
0.006821798
0.005501026
0.003338271
0.0009145283
-0.000970326
-0.002000043
-0.002153328
-0.002040098
-0.002589605
-0.004435325
-0.007518399
-0.01089425
-0.01360929
-0.01444527
-0.01324188
-0.01085967
-0.008364119
-0.006673799
-0.006239082
-0.006790982
-0.00738673
-0.007322537
-0.006240724
-0.004434921
-0.002674655
-0.001649359
-0.00179016
-0.002758599
-0.004132431
-0.005377995
-0.006309829
-0.007042561
-0.007723511
-0.008741955
-0.01018851
-0.01203631
-0.01395539
-0.01521592
-0.0150429
-0.0127673
-0.008640181
-0.003558972
0.001256179
0.004318259
0.004830134
0.002712734
-0.00161091
-0.007175396
-0.01318731
-0.01932236
-0.02483475
-0.02825195
-0.0281841
-0.02407303
-0.01625033
-0.006597378
0.002795422
0.009677251
0.01389314
0.01567919
0.01588503
0.01505308
0.01360666
0.0120225
0.01057621
0.00960314
0.008979985
0.00814668
0.006439977
0.003679409
-0.0004182647
-0.005463159
-0.01071532
-0.01512371
-0.01759326
-0.01734182
-0.01412442
-0.00815192
-0.0002059914
0.008827146
0.01781164
0.02563604
0.03130235
0.03353849
0.03141116
0.0252272
0.01617199
0.006630141
-0.001893242
-0.007593541
-0.01111269
-0.01338655
-0.01445929
-0.01458468
-0.01392929
-0.0121083
-0.008657536
-0.003358317
0.003266387
0.01027883
0.0171827
0.02325502
0.0275697
0.02953783
0.02893157
0.02576978
0.02026612
0.01263797
0.002994102
-0.008896634
-0.02209893
-0.03518148
-0.04643061
-0.05164915
-0.04997014
-0.04234478
-0.02978345
-0.01411968
0.001348228
0.01332051
0.0207665
0.02482939
0.02622817
0.02589822
0.02429998
0.02181268
0.01856179
0.01407173
0.007876721
1.51777e-05
-0.009488047
-0.01963038
-0.02899584
-0.03653972
-0.0412422
-0.04255731
-0.04072171
-0.03596463
-0.0291292
-0.02052239
-0.01024963
0.001014987
0.01216642
0.02177511
0.02916482
0.03271975
0.03217539
0.02746427
0.0188549
0.007992905
-0.003003004
-0.01227273
-0.01867579
-0.02191416
-0.0224509
-0.02108133
-0.01836821
-0.0150629
-0.01165696
-0.008335674
-0.005076731
-0.001785961
0.001327692
0.00420085
0.006777179
0.008791194
0.009590064
0.00901956
0.006969778
0.003824406
0.0002188481
-0.003039176
-0.004792807
-0.004337905
-0.001522255
0.003388722
0.009113625
0.0145228
0.01909424
0.02358363
0.02739295
0.02998098
0.03092963
0.03003836
0.02729467
0.02291177
0.01748845
0.01182898
0.006652297
0.002090459
-0.002078654
-0.005506695
-0.00849652
-0.01107652
-0.01307435
-0.01433011
-0.01424289
-0.01220188
-0.008070701
-0.002451981
0.003725794
0.009959859
0.01550333
0.01948897
0.02122605
0.02094058
0.01912202
0.01604664
0.01198579
0.007343742
0.002219868
-0.002664688
-0.006850331
-0.009706418
-0.0113035
-0.01188215
-0.01188426
-0.01201404
-0.01269015
-0.01359831
-0.01422457
-0.01380904
-0.01179313
-0.008193445
-0.003853114
0.0004605193
0.003909464
0.006138477
0.00707244
0.006764013
0.005659976
0.004205493
0.002834027
0.001832769
0.001599724
0.00232988
0.004067621
0.006636729
0.009603138
0.01232759
0.01389147
0.01361974
0.01173052
0.008705673
0.00568211
0.00387291
0.003412099
0.004061646
0.004894306
0.00517928
0.004392856
0.001920746
-0.002255704
-0.007454626
-0.01270276
-0.01679961
-0.01888404
-0.01912774
-0.01700901
-0.0128584
-0.007664688
-0.002363853
0.001766454
0.003371972
0.002155453
-0.001598745
-0.007361602
-0.01398688
-0.020476
-0.02547117
-0.02858438
-0.02973399
-0.02914347
-0.02757715
-0.02601723
-0.02519517
-0.0252672
-0.02617749
-0.027539
-0.02874962
-0.02919663
-0.02880754
-0.0276427
-0.02588769
-0.02382207
-0.02200236
-0.02071098
-0.01993267
-0.01941271
-0.01868625
-0.01741465
-0.01556972
-0.01341092
-0.01094756
-0.009055645
-0.007571207
-0.006473722
-0.006018505
-0.006266174
-0.007021545
-0.008067613
-0.009143495
-0.01032037
-0.01173586
-0.01332091
-0.01484749
-0.01590376
-0.01628531
-0.01603031
-0.0150843
-0.01345721
-0.01133637
-0.008873526
-0.005869694
-0.001994485
0.002833048
0.008142963
0.0131593
0.01717424
0.02000345
0.02178101
0.02282801
0.02335091
0.02357023
0.02362535
0.02367074
0.02378638
0.02404303
0.02445755
0.02507221
0.0259901
0.02696904
0.02774833
0.02794412
0.02724189
0.02562146
0.02341553
0.02129841
0.0196067
0.01890178
0.01881346
0.01865204
0.01763131
0.01538295
0.01183936
0.007362749
0.002741824
-0.0001867723
-0.000549182
0.001966359
0.007409778
0.01454066
0.02141921
0.02647205
0.02900559
0.02946142
0.0285223
0.02708826
0.02588244
0.02523505
0.02478891
0.02383208
0.02176784
0.01829802
0.01379016
0.008541586
0.003054359
-0.002313496
-0.007543935
-0.01219858
-0.01644511
-0.02020649
-0.02330198
-0.02523124
-0.02533884
-0.02348808
-0.02005981
-0.01547955
-0.0105147
-0.005868045
-0.002259252
0.0001806778
0.001485832
0.00141971
0.0001379286
-0.002365622
-0.006151768
-0.01060282
-0.01520085
-0.02004264
-0.02450922
-0.02845772
-0.03162616
-0.03364019
-0.03397563
-0.03258838
-0.02970293
-0.02574258
-0.02128838
-0.01686188
-0.0123536
-0.007836755
-0.003673846
-0.0005779149
0.00103643
0.0009324281
-0.001103602
-0.004957669
-0.01000239
-0.01555706
-0.02091429
-0.02513642
-0.02720331
-0.02658181
-0.02320956
-0.0175232
-0.01001954
-0.001589886
0.006089186
0.01207988
0.01566169
0.01699712
0.01633313
0.0141952
0.01178402
0.01021262
0.009923899
0.01076895
0.01214599
0.01342332
0.01417931
0.01445073
0.01470816
0.01524344
0.01646643
0.01858525
0.02126076
0.02359774
0.02449297
0.02312957
0.01905087
0.01233877
0.004178721
-0.003837239
-0.01083257
-0.01596156
-0.01919631
-0.02023907
-0.01874352
-0.0149119
-0.009530691
-0.00344824
0.002542436
0.007659159
0.01111707
0.01301911
0.01334218
0.01245683
0.01120655
0.01017191
0.009623513
0.00962725
0.01020948
0.01125325
0.0125663
0.01389307
0.01457025
0.01414268
0.01249154
0.009924798
0.006360895
0.00219665
-0.002121991
-0.006259743
-0.01022137
-0.01402265
-0.01744654
-0.01997196
-0.02149927
-0.0218242
-0.02121751
-0.01948667
-0.01666065
-0.01313139
-0.009108412
-0.005143659
-0.001904344
0.0003417659
0.001885524
0.003312188
0.004889238
0.006730114
0.008686981
0.01042331
0.01114489
0.01030144
0.007708947
0.003312791
-0.002479979
-0.009066606
-0.01522253
-0.02067893
-0.02466563
-0.02703491
-0.02792404
-0.02774306
-0.0271118
-0.02597481
-0.02443775
-0.02256285
-0.02037536
-0.01813887
-0.01593697
-0.01402359
-0.01245757
-0.01139341
-0.01088457
-0.01119538
-0.01231667
-0.01416684
-0.01654043
-0.0193581
-0.02256092
-0.02561802
-0.02801559
-0.02915938
-0.02872603
-0.02667338
-0.02334225
-0.01937325
-0.01559745
-0.012535
-0.01009531
-0.007951235
-0.005934738
-0.003910735
-0.001432579
0.0014255
0.004573162
0.007537017
0.009326664
0.009689601
0.008177465
0.004683353
-0.0004027195
-0.006361744
-0.01188151
-0.01647304
-0.01904763
-0.01947155
-0.01834554
-0.01603676
-0.01268856
-0.008237697
-0.003227995
0.001592788
0.005621334
0.008479062
0.00988235
0.009899899
0.009055778
0.008232725
0.008072303
0.008829089
0.01067991
0.01347054
0.01648038
0.01929418
0.02168504
0.02343699
0.02443585
0.0245577
0.02377289
0.02214269
0.01976281
0.01656181
0.01211479
0.006122251
-0.00101455
-0.009099554
-0.01751969
-0.0250968
-0.03118515
-0.03516097
-0.03598053
-0.03314994
-0.02681777
-0.01768497
-0.007349508
0.0029807
0.01206679
0.01908362
0.02358588
0.02526146
0.02438342
0.02134704
0.01661164
0.01064601
0.004639382
-0.0003715878
-0.003569894
-0.004601742
-0.00392742
-0.002567446
-0.001084486
7.764816e-05
0.0005264643
6.528149e-05
-0.001247661
-0.003244762
-0.005962235
-0.009343705
-0.01333034
-0.01737837
-0.02084214
-0.0232059
-0.02450724
-0.02453143
-0.0231681
-0.02059921
-0.0173025
-0.01361143
-0.00963618
-0.005716825
-0.002019264
0.001119101
0.003155798
0.004013359
0.003631247
0.001939694
-0.0006094424
-0.003271318
-0.005420927
-0.006479142
-0.006172397
-0.004867772
-0.00281854
-0.0006421295
0.001185593
0.00236004
0.002563924
0.002210098
0.001799629
0.001671655
0.00220813
0.003093086
0.003791122
0.003874027
0.00288048
0.0008733342
-0.001413252
-0.003044357
-0.002839182
0.0003633347
0.00698505
0.01652049
0.02815204
0.04066847
0.05326055
0.06531397
0.07631983
0.08481436
0.09034785
0.09294618
0.09305418
0.09134534
0.08871198
0.08600527
0.08347887
0.08095558
0.07863789
0.0767945
0.07540996
0.0743454
0.07324159
0.07179394
0.06979278
0.06752923
0.06554803
0.06444834
0.06444576
0.06537908
0.06702124
0.06872227
0.06951451
0.06864884
0.06594549
0.06149023
0.05590307
0.05012252
0.04553835
0.04271765
0.04197166
0.04304033
0.04513249
0.04789466
0.05091783
0.05420243
0.05757805
0.06108391
0.06454113
0.06744919
0.06955754
0.07075655
0.07083291
0.06978098
0.06763113
0.06416761
0.05941087
0.05334195
0.04613743
0.03829421
0.03012136
0.022178
0.0147319
0.008152498
0.002476954
-0.002329729
-0.006001223
-0.008340562
-0.008951921
-0.007752622
-0.005749127
-0.004278459
-0.004756162
-0.008340469
-0.01507225
-0.02339447
-0.03175832
-0.03882462
-0.04340169
-0.04528461
-0.04465011
-0.04183879
-0.03781694
-0.03348531
-0.02972562
-0.02636536
-0.02205342
-0.01518463
-0.004878145
0.008376378
0.02282213
0.03623795
0.04528208
0.04797705
0.04528781
0.03811772
0.02831257
0.01877834
0.01282945
0.01186827
0.01560082
0.02339851
0.03352859
0.04363486
0.05220905
0.05855264
0.06287469
0.06547528
0.06725984
0.06857994
0.07012318
0.07265005
0.07641024
0.08083966
0.08477936
0.08660101
0.08455665
0.07832629
0.06891778
0.05854111
0.04971453
0.04443967
0.04310821
0.04527675
0.04906514
0.05305973
0.0558023
0.05701213
0.0560302
0.0533851
0.04975626
0.04640481
0.04408527
0.0428138
0.04181687
0.04019726
0.03683174
0.03068637
0.021556
0.01037789
-0.002708379
-0.01556494
-0.02655213
-0.03472342
-0.03991637
-0.04244063
-0.04319497
-0.04327868
-0.04336027
-0.04451428
-0.04730998
-0.0514652
-0.05623475
-0.06043361
-0.06304746
-0.06332345
-0.06130025
-0.05706463
-0.05132621
-0.04525793
-0.04020265
-0.03730176
-0.03695404
-0.03965036
-0.04459521
-0.05026402
-0.05469515
-0.05679588
-0.05730525
-0.05745824
-0.05854352
-0.06127971
-0.0648747
-0.06814233
-0.07040323
-0.07144547
-0.07167974
-0.07182877
-0.07315238
-0.07649073
-0.0814224
-0.08646649
-0.08912721
-0.08668004
-0.0774205
-0.06149442
-0.04146422
-0.02163671
-0.006630775
0.001999613
0.003554639
-0.0005212559
-0.008188172
-0.01730014
-0.02565109
-0.03261061
-0.03849281
-0.04358663
-0.0480313
-0.05242506
-0.05688372
-0.06140289
-0.06571973
-0.06881089
-0.06993531
-0.06783996
-0.06170219
-0.05109781
-0.03671481
-0.02109342
-0.007504434
0.0006968111
0.001821148
-0.003628959
-0.01259763
-0.02296432
-0.03261253
-0.04094652
-0.04764455
-0.05343069
-0.05863725
-0.06242118
-0.06352489
-0.06151049
-0.0562274
-0.04782397
-0.0372138
-0.02532453
-0.01349626
-0.002248883
0.007484417
0.01418171
0.01803655
0.01834443
0.01525978
0.01021073
0.004778278
0.0002674156
-0.002698243
-0.003324605
-0.001314556
0.00303003
0.009353034
0.0169992
0.023967
0.02907524
0.03240859
0.03484951
0.03852199
0.04454489
0.05281283
0.0614212
0.06733477
0.06745258
0.05992041
0.04515331
0.02600625
0.008077372
-0.003083621
-0.008840034
-0.008836071
-0.002582094
0.008319204
0.02264419
0.03798997
0.05204892
0.06391741
0.07331628
0.07954188
0.08289111
0.08340038
0.08130019
0.07683531
0.06976588
0.06053746
0.04958726
0.03765334
0.02436152
0.009280307
-0.007085708
-0.02296965
-0.03628891
-0.04499187
-0.0483609
-0.04892134
-0.04814782
-0.04767661
-0.04866738
-0.05160767
-0.05543705
-0.05881168
-0.06096785
-0.06205238
-0.06342255
-0.06597382
-0.07091596
-0.07825251
-0.0870081
-0.09594613
-0.1030707
-0.1068153
-0.1071158
-0.1049031
-0.1010518
-0.09572431
-0.08997031
-0.08409658
-0.07808974
-0.07173786
-0.06564911
-0.06109886
-0.05901413
-0.05965288
-0.06274167
-0.06699183
-0.07125536
-0.07498307
-0.07776175
-0.07926565
-0.07962222
-0.07932505
-0.0787313
-0.07765995
-0.07549914
-0.07160438
-0.06485239
-0.05488264
-0.04271215
-0.02999614
-0.01824227
-0.008777953
-0.002373392
0.001445772
0.002879808
0.001864918
-0.001340033
-0.006092351
-0.01155966
-0.01654925
-0.01918029
-0.01873033
-0.01505772
-0.008543033
-0.0001396317
0.008920945
0.01718341
0.02256275
0.02453327
0.02372576
0.02115759
0.01770032
0.01448596
0.01255066
0.01249364
0.0141241
0.01671229
0.01963995
0.0223135
0.02427046
0.02504383
0.02457704
0.02292842
0.02052706
0.01802256
0.01566207
0.01369275
0.01235986
0.01144633
0.01063917
0.009870856
0.008804095
0.007503357
0.006012156
0.005251708
0.005877274
0.008852221
0.01438291
0.02194062
0.03038698
0.03828477
0.04432321
0.04732943
0.04728101
0.0446946
0.04012856
0.03432344
0.02829842
0.02328632
0.01899508
0.01566138
0.01317908
0.01204714
0.01232343
0.01412467
0.01707641
0.02078992
0.02544671
0.03085594
0.03661871
0.04205793
0.04638809
0.04885125
0.04863933
0.04501089
0.03773423
0.02723102
0.01485418
0.002292584
-0.009728603
-0.01978051
-0.02733139
-0.0314549
-0.03205635
-0.0301904
-0.02679156
-0.02216013
-0.01710477
-0.01182178
-0.006180087
-0.0002320933
0.005688015
0.01165228
0.01758314
0.02354111
0.02906201
0.03394346
0.03764882
0.04014616
0.04155756
0.04227256
0.04248315
0.0418929
0.04002259
0.03633741
0.03041272
0.02216946
0.01198599
0.0003412121
-0.01133214
-0.02179454
-0.02933777
-0.03384181
-0.03560673
-0.03529246
-0.03392976
-0.03219029
-0.03086177
-0.03021513
-0.02979114
-0.02912895
-0.02784476
-0.02560962
-0.02275622
-0.01978576
-0.01724886
-0.01672823
-0.01927844
-0.02624314
-0.03861685
-0.05658111
-0.0798733
-0.1073396
-0.1361568
-0.1642464
-0.1901292
-0.2136667
-0.2338667
-0.2491609
-0.2588573
-0.2636667
-0.2669698
-0.2694019
-0.2714433
-0.2727675
-0.2731002
-0.2725892
-0.2715343
-0.2700829
-0.268101
-0.2656321
-0.2630284
-0.260226
-0.2567367
-0.2524499
-0.247198
-0.2410485
-0.2343245
-0.2261454
-0.2145969
-0.1951286
-0.1618429
-0.1082541
-0.0303838
0.06796414
0.1736889
0.2768326
0.3687539
0.4394548
0.4838406
0.5123875
0.5330195
0.5497732
0.5639058
0.5728907
0.57522
0.5709191
0.5610328
0.5461323
0.5271657
0.5041574
0.475017
0.4374868
0.3867459
0.3192175
0.2369121
0.1431642
0.03542026
-0.07821535
-0.1849059
-0.2742986
-0.3252959
-0.3208416
-0.2796163
-0.2133909
-0.1411443
-0.07606397
-0.01452866
0.04457433
0.1016946
0.1540719
0.1973112
0.2256357
0.2365831
0.231516
0.2101802
0.178235
0.1420961
0.1093323
0.08228594
0.06285153
0.05346406
0.05364354
0.05946687
0.06915245
0.08202162
0.09538927
0.1065465
0.1154103
0.1226802
0.1275475
0.1284412
0.1241432
0.1127249
0.09270889
0.06317851
0.02433522
-0.0179668
-0.05069612
-0.08240256
-0.1154931
-0.1484596
-0.1800663
-0.206941
-0.2241756
-0.22807
-0.2215077
-0.2046288
-0.1781339
-0.1471091
-0.1196442
-0.09737215
-0.08050273
-0.06969961
-0.0643994
-0.06484179
-0.0718326
-0.08529521
-0.1035897
-0.1247971
-0.1464201
-0.1669447
-0.1859226
-0.2005275
-0.2096499
-0.2118332
-0.207209
-0.1946337
-0.1731466
-0.1450057
-0.1137594
-0.0846234
-0.06084533
-0.04186237
-0.02747589
-0.01782068
-0.01154562
-0.008295683
-0.00740855
-0.007826677
-0.008392334
-0.007774338
-0.004883684
0.0007488967
0.009446704
0.02117315
0.03461279
0.04759274
0.05745135
0.06212917
0.059967
0.0508799
0.03593491
0.01793845
-0.0001863477
-0.01583211
-0.02723552
-0.03307821
-0.03385386
-0.03110432
-0.02599907
-0.01966899
-0.01305262
-0.006560238
-0.0004879204
0.004957029
0.009376122
0.01332013
0.01712992
0.02060615
0.0230865
0.02402956
0.02378044
0.02282489
0.02197424
0.02193618
0.02335629
0.02614807
0.02994461
0.03409114
0.03783
0.04094661
0.04236015
0.04136117
0.0377445
0.0317877
0.02404919
0.0153347
0.006416182
-0.00241236
-0.01115428
-0.01921008
-0.02660358
-0.03254978
-0.03640845
-0.03784682
-0.03679782
-0.03367064
-0.02865428
-0.022808
-0.01708405
-0.01179023
-0.007256969
-0.003946781
-0.001796277
-0.00068437
-0.0001398753
-0.000206209
-0.001127157
-0.002948607
-0.005710238
-0.009115316
-0.01284859
-0.0167834
-0.02034651
-0.02333748
-0.025243
-0.02575082
-0.0249723
-0.0229661
-0.01984641
-0.01566718
-0.01031624
-0.003929921
0.003301396
0.01079014
0.01784526
0.02491561
0.0320434
0.03872364
0.04468889
0.04984898
0.05400575
0.05698826
0.05894019
0.05968779
0.05901526
0.05656422
0.05240812
0.04732195
0.04040844
0.03116362
0.01913343
0.004561193
-0.01143699
-0.02759582
-0.043626
-0.05824426
-0.07066907
-0.08071804
-0.0883807
-0.09365991
-0.09613108
-0.09584333
-0.09307109
-0.08749858
-0.07923286
-0.06931821
-0.05873776
-0.04800561
-0.0379456
-0.02866921
-0.01970216
-0.01091181
-0.002689011
0.004666331
0.01102756
0.01637785
0.02009238
0.02207425
0.02238574
0.02130318
0.01908526
0.01593608
0.01246037
0.009089257
0.006315243
0.004337864
0.003400014
0.003483468
0.004059602
0.004679233
0.005057828
0.004936639
0.003966158
0.001837859
-0.001462067
-0.00603559
-0.01161602
-0.01752121
-0.02256497
-0.02651915
-0.03009951
-0.03387592
-0.03795226
-0.04256386
-0.04732682
-0.05127182
-0.05410744
-0.05603402
-0.05676435
-0.05634353
-0.05495868
-0.05246162
-0.0489247
-0.04443285
-0.03909065
-0.03295444
-0.02615708
-0.01875972
-0.01122636
-0.004003953
0.002573299
0.008442539
0.01368595
0.01799832
0.02175594
0.02515888
0.02875358
0.03255407
0.03594293
0.03830457
0.03915072
0.038087
0.03516597
0.0315395
0.02802667
0.02535067
0.02360356
0.02307422
0.0241285
0.02692864
0.031985
0.03919605
0.04785911
0.05723737
0.06571802
0.07238967
0.07654201
0.07702908
0.07428065
0.06909326
0.06253954
0.05559291
0.04903342
0.04379622
0.03988382
0.03660874
0.03324352
0.02968477
0.02607163
0.02254688
0.01969403
0.01770951
0.0161101
0.01442977
0.01242344
0.0098796
0.006218442
0.001291392
-0.004708743
-0.01087128
-0.01644521
-0.02109169
-0.02503106
-0.02824323
-0.03064952
-0.03221894
-0.03253712
-0.03131562
-0.02846548
-0.02423661
-0.01875755
-0.01214047
-0.004866228
0.002274488
0.009107317
0.01590966
0.02246572
0.02785921
0.03200603
0.03516518
0.03744935
0.03886439
0.03964685
0.0402767
0.04079318
0.04119484
0.04124086
0.04073669
0.03974327
0.03830915
0.03651099
0.03422347
0.03110885
0.02682016
0.02100505
0.01332425
0.004328625
-0.004606703
-0.0131468
-0.02096586
-0.02761697
-0.03256903
-0.03578252
-0.03703743
-0.03649088
-0.03412821
-0.02952769
-0.0224494
-0.01274589
-0.0006071757
0.01290729
0.02677707
0.04003553
0.05152723
0.06147641
0.06893873
0.0738456
0.07692263
0.07806693
0.07764247
0.07592032
0.07311069
0.06941222
0.06484175
0.05929251
0.05292713
0.04596854
0.03909921
0.03285939
0.02719849
0.02213345
0.01811249
0.01627429
0.01602122
0.01709901
0.01881932
0.02029711
0.02095173
0.02051246
0.01924394
0.01768521
0.01597434
0.01416906
0.01273226
0.01168174
0.01126046
0.01167728
0.01284004
0.01426525
0.01563455
0.01657419
0.01670343
0.01591166
0.01421036
0.01202125
0.009884388
0.007782605
0.005764335
0.003704296
0.001552812
-0.0006819489
-0.003291612
-0.006691627
-0.01135977
-0.01683742
-0.02279405
-0.02860141
-0.03370305
-0.03775835
-0.04002143
-0.04079133
-0.04016849
-0.03820826
-0.03520425
-0.03178315
-0.02850809
-0.02567254
-0.02344702
-0.02176781
-0.02038668
-0.01940561
-0.01872152
-0.01834113
-0.01835232
-0.01916448
-0.0211358
-0.02418855
-0.0277919
-0.03124271
-0.03397841
-0.03593852
-0.03714757
-0.03728766
-0.03610229
-0.03357507
-0.03010199
-0.02579382
-0.02091158
-0.01594804
-0.01098662
-0.005656505
-6.149106e-05
0.005673628
0.01151147
0.01744103
0.02310071
0.02818797
0.03231051
0.03519988
0.03700054
0.03771307
0.03749637
0.03634255
0.03428506
0.0314193
0.02762279
0.02318443
0.01828213
0.0131933
0.008318155
0.003964858
-6.22159e-05
-0.003804941
-0.007009439
-0.009265938
-0.01037828
-0.01037356
-0.009258152
-0.00731142
-0.004690244
-0.001567075
0.001611317
0.004570673
0.006939451
0.008548515
0.009425371
0.009554876
0.008982161
0.007661118
0.005681682
0.003364006
0.0006539604
-0.002433086
-0.005392942
-0.007968717
-0.009982978
-0.01093584
-0.01093477
-0.009975885
-0.008238899
-0.005997907
-0.00328307
-0.0003466243
0.002802616
0.005958237
0.008899318
0.01117847
0.01254505
0.01278237
0.01232298
0.01176483
0.01150843
0.01161973
0.01187915
0.01190828
0.01148789
0.01066088
0.00964631
0.008938236
0.00878305
0.008890673
0.009260825
0.009934506
0.01053453
0.01078187
0.01068847
0.01040738
0.01021094
0.0103348
0.01085541
0.01189384
0.01336354
0.01525365
0.0173321
0.01965434
0.0218523
0.02361293
0.02542733
0.02728026
0.02913948
0.03093716
0.03261703
0.03398417
0.03488733
0.03519711
0.03498256
0.03445522
0.03370882
0.03275724
0.03163976
0.03017183
0.02819542
0.02565548
0.02274771
0.0195279
0.01596226
0.0121049
0.007770515
0.003341613
-0.000825076
-0.004626355
-0.008322911
-0.01142656
-0.01418499
-0.01681121
-0.01945481
-0.02232006
-0.02547434
-0.02868914
-0.031531
-0.03398153
-0.03608085
-0.03792796
-0.03919277
-0.03956332
-0.0388996
-0.03690887
-0.03375917
-0.02975219
-0.02529176
-0.02095013
-0.01734794
-0.01497177
-0.01393875
-0.01400565
-0.01504491
-0.01674758
-0.01874612
-0.02052754
-0.02180046
-0.02266864
-0.02273037
-0.02199008
-0.02041699
-0.01815271
-0.01533284
-0.01183395
-0.007785133
-0.003270415
0.001657612
0.006777594
0.01210214
0.01771464
0.02347445
0.02910917
0.03404003
0.03799521
0.04071319
0.04198454
0.04199867
0.04110198
0.03974944
0.0383419
0.03716839
0.03601636
0.03491925
0.0342319
0.03368188
0.03307664
0.0323756
0.03123552
0.02955375
0.02719545
0.0240787
0.02005446
0.01531935
0.01002021
0.004283999
-0.001757959
-0.007157864
-0.01225355
-0.01688997
-0.02046353
-0.02302061
-0.02442576
-0.02512058
-0.02526514
-0.02486011
-0.02393585
-0.02246136
-0.02059029
-0.01862488
-0.01710153
-0.01586113
-0.01494468
-0.01453676
-0.01457147
-0.01499019
-0.01568901
-0.0168927
-0.01853125
-0.02041625
-0.02267444
-0.02507607
-0.02754291
-0.02994693
-0.03175604
-0.03270888
-0.03252759
-0.03125775
-0.02890665
-0.02552667
-0.0215294
-0.01734871
-0.013421
-0.009602343
-0.005845001
-0.002133704
0.001441103
0.004658822
0.007511473
0.0100091
0.01216811
0.01412557
0.01565069
0.01642113
0.01615937
0.01460027
0.01217091
0.009268784
0.005947501
0.002399451
-0.001078821
-0.00442058
-0.00741269
-0.009845822
-0.01124817
-0.01168747
-0.01120505
-0.009748512
-0.007366411
-0.004089128
0.0001626423
0.004964777
0.01008104
0.01530202
0.02043551
0.02531403
0.02971357
0.03342048
0.0362902
0.03827224
0.03947532
0.03996148
0.03978184
0.03893877
0.03737066
0.03531757
0.03314421
0.03099499
0.02902224
0.02737636
0.02573848
0.02405282
0.02225798
0.02018413
0.01808269
0.01610881
0.01443885
0.01303347
0.01194273
0.01126156
0.0106176
0.01010222
0.009663989
0.009064309
0.008183639
0.007113356
0.005788763
0.004147932
0.002196505
-0.0002755622
-0.003354992
-0.006979124
-0.01077057
-0.01495056
-0.01926391
-0.02322822
-0.02699059
-0.03014405
-0.03269372
-0.0346521
-0.03614903
-0.03716734
-0.03737054
-0.03682192
-0.03553416
-0.03375705
-0.03168297
-0.02935008
-0.02715381
-0.02504057
-0.02308843
-0.02144659
-0.02017389
-0.01903102
-0.01805761
-0.01720256
-0.0165168
-0.0161263
-0.01590133
-0.01584373
-0.01570866
-0.01544937
-0.01494905
-0.0141906
-0.0133123
-0.01227061
-0.01119406
-0.01023842
-0.009606072
-0.009371535
-0.009566575
-0.01003762
-0.01073909
-0.01159523
-0.01266344
-0.01402119
-0.01548052
-0.01732237
-0.01942649
-0.02185988
-0.02438991
-0.02675404
-0.02909109
-0.03144144
-0.03361018
-0.03562762
-0.03752889
-0.03897742
-0.04020884
-0.04118839
-0.04198093
-0.04258461
-0.04306023
-0.04320533
-0.04292282
-0.042284
-0.04110674
-0.03956664
-0.0378456
-0.03579221
-0.03350389
-0.0309442
-0.02803083
-0.02485455
-0.02159321
-0.01858247
-0.01585985
-0.01332029
-0.01085338
-0.008245391
-0.00547398
-0.00263886
0.0002559633
0.00301713
0.005757163
0.00824298
0.0105319
0.01287202
0.01534009
0.01787655
0.02049091
0.02284515
0.02475481
0.02629148
0.02738357
0.02779596
0.0275284
0.02679538
0.02579726
0.02477848
0.02394267
0.02348382
0.02311376
0.02256777
0.02188413
0.02120519
0.02076529
0.02052545
0.02052334
0.02057999
0.02054277
0.02064226
0.02123118
0.0222482
0.02348571
0.02478692
0.02599906
0.02706221
0.02792148
0.02863072
0.02940737
0.03013601
0.03094776
0.03173791
0.03263394
0.03342992
0.03385972
0.03398046
0.03367171
0.03294149
0.03180215
0.03039784
0.02849973
0.02593153
0.02270638
0.01905902
0.01548369
0.01201512
0.008546995
0.005188887
0.001887939
-0.001128599
-0.00372729
-0.005748319
-0.007285987
-0.008435502
-0.009327309
-0.01000915
-0.01035078
-0.01044838
-0.01030319
-0.01017443
-0.01021527
-0.01073337
-0.01197769
-0.01385747
-0.01617864
-0.01870796
-0.02122947
-0.02371092
-0.02591124
-0.02758149
-0.02880366
-0.02961504
-0.03000419
-0.02995126
-0.02960512
-0.02898025
-0.02827776
-0.02743637
-0.02653411
-0.02576489
-0.02502963
-0.02448043
-0.02420429
-0.02407706
-0.02400524
-0.02420207
-0.02453994
-0.02462655
-0.02444667
-0.02422108
-0.02421802
-0.02441434
-0.02479596
-0.02534199
-0.02584065
-0.02631597
-0.02659207
-0.02683411
-0.02702634
-0.0272494
-0.02728822
-0.02711467
-0.02683517
-0.02669832
-0.02681225
-0.02703657
-0.02728254
-0.02744194
-0.02745632
-0.02695622
-0.02607481
-0.02485419
-0.0237299
-0.02251533
-0.02084478
-0.01859985
-0.01588993
-0.01289762
-0.009812637
-0.006693091
-0.003645085
-0.0006726545
0.002317231
0.005223833
0.007890917
0.0103149
0.01220559
0.0135696
0.01437394
0.01496433
0.01525384
0.01512992
0.01466762
0.01382538
0.0126569
0.01115555
0.009480109
0.007978335
0.006692664
0.005660744
0.005110009
0.0049094
0.005011564
0.005365151
0.005715515
0.006034018
0.006214044
0.005962653
0.00550885
0.004848193
0.004124371
0.003529268
0.003006795
0.002461117
0.001951319
0.001481262
0.001141756
0.0009262654
0.0007571674
0.0007005318
0.000427408
9.285444e-05
-0.0001381815
-0.0003048032
-0.0002131283
2.573802e-05
0.0004133152
0.0006908157
0.001028383
0.001331819
0.001508749
0.001385287
0.001096952
0.000774622
0.0002715037
-0.0001415872
-0.0003940288
-0.0005494937
-0.0006642954
-0.0005724917
-0.0002032243
0.0004127152
0.00125395
0.002009829
0.002637079
0.00310198
0.00364652
0.004299152
0.004829977
0.00510837
0.005133937
0.005205157
0.005407606
0.005772797
0.006380355
0.007030587
0.007383611
0.007461953
0.007316137
0.006883243
0.006155415
0.005184815
0.004143625
0.003042666
0.002246335
0.001753925
0.001372079
0.001126038
0.0009897631
0.0008893853
0.0006789587
0.0001793904
-0.0005706895
-0.001239223
-0.001651113
-0.001767884
-0.001783923
-0.001908219
-0.00201861
-0.001972724
-0.001896266
-0.001870745
-0.00178868
-0.001618401
-0.001577459
-0.001515257
-0.001182019
-0.0007293915
-0.0001328994
0.0008453331
0.00186255
0.002823287
0.003756941
0.004369179
0.004628125
0.004688427
0.004606455
0.004468947
0.004180142
0.004044461
0.003966912
0.003836859
0.003359902
0.002744881
0.001787208
0.00100117
0.0003938957
-5.131775e-08
-0.0001758054
-0.0002024883
-4.364173e-05
3.337996e-05
-0.0001102954
-0.0006127295
-0.001281296
-0.002138581
-0.002832135
-0.003274808
-0.003488339
-0.003215884
-0.002471656
-0.001424835
-0.0001251694
0.001280262
0.002656499
0.003875734
0.00480954
0.005183874
0.005138439
0.004697605
0.00387346
0.00250206
0.00103556
-0.0003455108
-0.001902805
-0.003510951
-0.005097528
-0.006742266
-0.008587475
-0.01050431
-0.01252376
-0.01444346
-0.01630654
-0.01809314
-0.01950428
-0.02078385
-0.02129378
-0.02099381
-0.02010335
-0.01896157
-0.01750749
-0.01591411
-0.01425155
-0.0122755
-0.01005763
-0.007690987
-0.005315277
-0.00278116
-0.0004195621
0.001809524
0.003948361
0.00597612
0.007725376
0.009077415
0.01024642
0.01116538
0.01219537
0.01326548
0.01439861
0.01559734
0.01652618
0.01674037
0.01630362
0.01599351
0.01603492
0.01645763
0.01690795
0.0172335
0.01739078
0.01750341
0.01733163
0.01686041
0.01595125
0.01478782
0.0136213
0.01246398
0.01120616
0.009583758
0.008035253
0.006530788
0.005090229
0.00400052
0.003132205
0.002479483
0.001956353
0.001624938
0.001311366
0.001186513
0.0009792838
0.0005364875
7.982342e-06
-0.0006562273
-0.001143581
-0.001459114
-0.001484408
-0.001376917
-0.001046525
-0.0007239933
-0.0005597227
-0.0003887167
-0.0003138803
-0.0002334185
-0.000255449
-5.056932e-05
0.0003134403
0.0007857585
0.001375393
0.001856007
0.002316639
0.002774888
0.003229263
0.003816416
0.004462994
0.005090144
0.00591805
0.00704536
0.008268366
0.009614114
0.01111872
0.01273842
0.01445044
0.01616585
0.01757899
0.01858588
0.01921158
0.01955675
0.01958255
0.01924192
0.01880845
0.01821759
0.01770882
0.01714931
0.01659211
0.01588161
0.01507015
0.01427262
0.01369473
0.01361327
0.01394933
0.01475871
0.01596101
0.01739714
0.01846934
0.01902765
0.01984839
0.02053728
0.02094672
0.0209408
0.02030631
0.01914453
0.01771525
0.0164298
0.01521046
0.01424154
0.01342474
0.01281586
0.01236965
0.01206777
0.01177231
0.01146689
0.01111295
0.01061419
0.00985584
0.008899369
0.007949985
0.007043032
0.006252132
0.005094949
0.003470638
0.001718189
-0.0003209873
-0.002416146
-0.004383589
-0.006129216
-0.007627751
-0.008919803
-0.009904734
-0.01051229
-0.01085036
-0.0112605
-0.01160393
-0.01184628
-0.01193998
-0.01202349
-0.0121877
-0.01254863
-0.01294317
-0.01320942
-0.01362125
-0.01397999
-0.01438063
-0.014916
-0.01536256
-0.01558623
-0.01543854
-0.01517991
-0.01521813
-0.01535521
-0.01528959
-0.01486404
-0.01408785
-0.0131638
-0.01207683
-0.01063455
-0.009408538
-0.008379043
-0.007481934
-0.00687933
-0.006238102
-0.005629039
-0.004795391
-0.003873378
-0.002902752
-0.001889054
-0.001009242
-0.0004705772
2.104051e-05
0.0004174807
0.000762902
0.001192377
0.00157541
0.001948277
0.002077544
0.001974451
0.001626587
0.001247061
0.0007095454
-0.00017569
-0.001245609
-0.002365984
-0.00377028
-0.005546325
-0.007447714
-0.009606379
-0.01174004
-0.0137486
-0.01560494
-0.01692862
-0.01799544
-0.01910973
-0.02017294
-0.02130096
-0.02252366
-0.02332349
-0.02390267
-0.02443218
-0.0249732
-0.02527486
-0.02545382
-0.02536006
-0.02508855
-0.02447763
-0.02379713
-0.02281122
-0.02146885
-0.02024787
-0.01887779
-0.01725482
-0.01538689
-0.01346036
-0.01182978
-0.01057353
-0.009433919
-0.008208838
-0.006759286
-0.005108107
-0.003562044
-0.002132032
-0.0007955664
0.0004293899
0.001388882
0.002265407
0.002957308
0.003361885
0.003680571
0.003797144
0.004054773
0.004549494
0.005186433
0.005858412
0.006783128
0.007861899
0.008731503
0.009548931
0.01038821
0.0111111
0.01164247
0.01199302
0.01212538
0.01224511
0.01229468
0.01260161
0.01305365
0.0134641
0.01377713
0.014008
0.01418656
0.01420097
0.01432736
0.01455347
0.01477255
0.01494367
0.01494001
0.01476481
0.01446537
0.0140291
0.01356077
0.01282083
0.01168334
0.01059236
0.00950333
0.008660124
0.007860077
0.007235614
0.006954601
0.00703729
0.007119575
0.007271476
0.007441019
0.007583825
0.008200655
0.009061974
0.01015355
0.01141292
0.01258552
0.01352067
0.0141366
0.01450576
0.01472349
0.01467052
0.01441614
0.01408874
0.0135644
0.0128949
0.01212485
0.01127055
0.0105685
0.01001552
0.009580925
0.009186992
0.008617371
0.007975119
0.007395315
0.006851115
0.00638565
0.006010319
0.005708795
0.005429217
0.005013856
0.004296662
0.003301436
0.002108165
0.0008948696
-0.0002208389
-0.001123596
-0.001932224
-0.002483828
-0.003075881
-0.003538889
-0.003636866
-0.00367633
-0.003796649
-0.004099922
-0.004535104
-0.004783191
-0.004779725
-0.004726557
-0.004708218
-0.004694966
-0.00477392
-0.004971144
-0.005128992
-0.005221324
-0.005153425
-0.004962376
-0.004769542
-0.004661554
-0.004460333
-0.004242639
-0.004009943
-0.003743259
-0.003549501
-0.003545837
-0.003346672
-0.002966939
-0.002463023
-0.001997875
-0.001622666
-0.001313324
-0.001159495
-0.001170925
-0.001368772
-0.001662963
-0.002194961
-0.00284028
-0.003670024
-0.004484586
-0.005032333
-0.005349131
-0.005466813
-0.005392023
-0.005151011
-0.004928053
-0.004819657
-0.004631931
-0.004486697
-0.00439811
-0.004472875
-0.004848947
-0.005413176
-0.006083279
-0.006660655
-0.007244885
-0.007652409
-0.007882113
-0.007831107
-0.007480487
-0.007042283
-0.006718199
-0.006365295
-0.005793619
-0.005238253
-0.004636823
-0.004070148
-0.003488612
-0.002782216
-0.00215266
-0.001706102
-0.001411538
-0.001192067
-0.001033943
-0.0009347347
-0.001002791
-0.001134237
-0.001645858
-0.002205497
-0.002673276
-0.003013028
-0.002955563
-0.00260419
-0.002222143
-0.00194084
-0.001858097
-0.002042976
-0.002240713
-0.002391998
-0.002272311
-0.001833819
-0.001240818
-0.0005219143
0.0002718553
0.001316121
0.002489576
0.00365303
0.004700148
0.005850074
0.006921621
0.007964775
0.009142743
0.01020284
0.01096782
0.01113501
0.01075931
0.01017319
0.009870002
0.009789841
0.00967774
0.009698708
0.01001668
0.01066224
0.0114255
0.01227688
0.01296813
0.01383955
0.01472674
0.01538583
0.01616203
0.01697688
0.01795486
0.01875072
0.01933446
0.01950295
0.01961367
0.01970603
0.01986095
0.01995009
0.01977153
0.01944762
0.01877162
0.01797426
0.01694686
0.01613466
0.01543725
0.01462911
0.0137385
0.01262021
0.0113391
0.01016358
0.009031094
0.008095356
0.007325652
0.006799211
0.006508039
0.006198168
0.005672819
0.005281735
0.004844447
0.004255355
0.003690777
0.003149751
0.00242595
0.001718338
0.0009472766
9.624734e-05
-0.0007673973
-0.001417945
-0.001777866
-0.001999344
-0.002134427
-0.002247226
-0.002444515
-0.002862811
-0.00323229
-0.003703365
-0.004324897
-0.005026673
-0.005793591
-0.00656829
-0.007232404
-0.007737559
-0.008195943
-0.008651402
-0.009163578
-0.009848927
-0.0109853
-0.01189715
-0.0122695
-0.0123242
-0.01231301
-0.01239176
-0.0126877
-0.01310092
-0.01348742
-0.0137866
-0.01406879
-0.01444688
-0.01485531
-0.01541663
-0.01611734
-0.01720383
-0.01838319
-0.0196323
-0.02089172
-0.02201514
-0.02333089
-0.02455742
-0.02544442
-0.02583271
-0.02576926
-0.02531457
-0.02472112
-0.02440524
-0.0243032
-0.02402329
-0.02344257
-0.02265621
-0.02163391
-0.02031412
-0.01887876
-0.01735662
-0.01585845
-0.01420431
-0.0124129
-0.01067544
-0.009210844
-0.007895875
-0.006588758
-0.005471793
-0.00446786
-0.003535495
-0.002640741
-0.001906719
-0.001312822
-0.0007277153
-0.0003807548
-0.0003377287
-0.0004934678
-0.0007545344
-0.001123444
-0.001464036
-0.001527751
-0.001450844
-0.001293027
-0.00104198
-0.0007684647
-0.0004362893
6.273791e-05
0.0006617076
0.001365129
0.00208231
0.002710731
0.003210739
0.003550664
0.003894629
0.004261799
0.004810889
0.00535911
0.006010634
0.006807591
0.007621774
0.008587121
0.009816494
0.01082725
0.01176779
0.01264447
0.01337781
0.01397918
0.01434281
0.01453885
0.01451546
0.01438043
0.01422183
0.01402266
0.01390343
0.01381086
0.01369369
0.01356513
0.01323044
0.0127609
0.01237344
0.01195055
0.01136257
0.0106262
0.009765855
0.008889185
0.008153788
0.007575469
0.007364999
0.007268917
0.007229077
0.007283765
0.00726365
0.007147659
0.007227809
0.007304118
0.007304268
0.007240495
0.007256105
0.007407664
0.007701728
0.007912566
0.007863922
0.007474602
0.006811733
0.006116856
0.005316018
0.00433781
0.003465662
0.002782724
0.002323396
0.001992369
0.001521549
0.0007264467
-0.0003002068
-0.001226512
-0.002024483
-0.002768997
-0.003643806
-0.004650352
-0.005857107
-0.007048908
-0.008167244
-0.009171375
-0.01009841
-0.01104319
-0.0119744
-0.01297664
-0.01395936
-0.01482503
-0.01569663
-0.01645941
-0.01708172
-0.01766675
-0.01803644
-0.01808468
-0.01770711
-0.01687657
-0.01577922
-0.01477265
-0.01384555
-0.01297185
-0.01233263
-0.01138405
-0.01026084
-0.008896186
-0.007394674
-0.005981448
-0.004644651
-0.003202055
-0.001731732
-0.0001173608
0.0015898
0.003350899
0.004979537
0.006245642
0.007430057
0.008315416
0.008921469
0.009578145
0.01022575
0.01072432
0.01120835
0.01167984
0.01208448
0.01243864
0.01290035
0.01331297
0.0138747
0.01435884
0.01475127
0.01506622
0.01528827
0.01540145
0.01536976
0.0155046
0.01549955
0.01543081
0.01543422
0.01532835
0.01509432
0.01454317
0.01366111
0.01234114
0.01097529
0.009590732
0.008158793
0.006817801
0.005810716
0.005310152
0.004765765
0.004236332
0.003664968
0.002884076
0.001928086
0.001036989
0.0002991662
-5.142924e-05
2.474424e-05
4.929513e-05
-0.0001238619
-0.0002744631
-0.0005995334
-0.001014441
-0.00153943
-0.002209118
-0.002692125
-0.003119374
-0.00387908
-0.004694308
-0.005498688
-0.006173991
-0.006835832
-0.007754453
-0.008739129
-0.00958388
-0.01017671
-0.01064634
-0.01089126
-0.01129739
-0.01175536
-0.01209234
-0.01265777
-0.01343847
-0.01433001
-0.01515227
-0.0159605
-0.0167451
-0.01737329
-0.01772137
-0.01792736
-0.01792095
-0.01772946
-0.0173342
-0.01645845
-0.01538492
-0.01419327
-0.01322962
-0.0124517
-0.01188579
-0.01136062
-0.01072092
-0.009895136
-0.008817976
-0.007745682
-0.006630706
-0.005464954
-0.004205518
-0.002842363
-0.00118081
0.0003386521
0.001823533
0.003308801
0.004527979
0.005552745
0.006204592
0.006424526
0.006363084
0.006071435
0.005665934
0.005074094
0.0045144
0.00394996
0.00360134
0.003221155
0.002904167
0.002704154
0.002628061
0.002720759
0.002852056
0.0029916
0.002831302
0.002340714
0.001630569
0.001091938
0.0004145959
-0.0003073383
-0.001009903
-0.001754875
-0.002471297
-0.003207576
-0.003926165
-0.004810755
-0.005628415
-0.006359228
-0.007079816
-0.007621106
-0.007738013
-0.007412795
-0.006900588
-0.006257353
-0.005641583
-0.005238667
-0.004926231
-0.004587602
-0.004171624
-0.003784075
-0.003518894
-0.003367306
-0.003111809
-0.002896837
-0.002621902
-0.00234355
-0.002120966
-0.001842686
-0.001545572
-0.001098051
-0.0005672324
9.157246e-05
0.0008416248
0.00158816
0.002285178
0.002755632
0.002966917
0.003127407
0.003494835
0.003903245
0.00437061
0.004956143
0.00557279
0.006264497
0.007090787
0.007893259
0.00879815
0.009740321
0.01052535
0.01139549
0.01216062
0.01274139
0.01322072
0.01357713
0.01402253
0.0144146
0.01464667
0.01445852
0.01416361
0.01375773
0.01309911
0.01224439
0.01145845
0.01067111
0.009739688
0.008721059
0.007521189
0.006195982
0.00511619
0.004320544
0.003501739
0.00247537
0.001490223
0.0005117524
-0.0005789646
-0.001630012
-0.002682423
-0.003850447
-0.004948459
-0.006012704
-0.006932194
-0.00761205
-0.008218085
-0.008732399
-0.009130433
-0.009424995
-0.00931674
-0.008782583
-0.008025653
-0.00717577
-0.006050382
-0.004963278
-0.003917573
-0.002876525
-0.002065036
-0.001546846
-0.0013263
-0.001405464
-0.001744972
-0.002349379
-0.002817499
-0.003260806
-0.003519659
-0.003658253
-0.003736717
-0.003698986
-0.003696063
-0.003874003
-0.003973882
-0.004003148
-0.003509387
-0.002662112
-0.001563417
-0.0004006221
0.0005871832
0.001387015
0.001972567
0.002462776
0.00280641
0.003036916
0.003134494
0.003009772
0.002830326
0.00268825
0.002607555
0.002758207
0.002931497
0.003132767
0.003490383
0.003984829
0.004694338
0.0054744
0.006587239
0.007904171
0.009037534
0.009723939
0.009783225
0.009588761
0.009493568
0.009638497
0.009808258
0.009892588
0.00966657
0.009298176
0.008801395
0.00818234
0.007671825
0.007254739
0.007017453
0.00680779
0.006511252
0.006101961
0.005652479
0.005275531
0.004937658
0.004717468
0.004410004
0.004159855
0.003878699
0.003621479
0.003501084
0.003576401
0.003703218
0.003751911
0.003630768
0.003720206
0.004060644
0.004366181
0.004540538
0.004597325
0.004564919
0.004590378
0.004696913
0.004932162
0.005512724
0.006159358
0.006834857
0.007442986
0.007923169
0.008417334
0.00888068
0.009314929
0.00982133
0.01023488
0.01057161
0.0107046
0.01073965
0.01062243
0.01046223
0.01018803
0.01005826
0.009914853
0.009773452
0.00968229
0.009383694
0.009013129
0.008432723
0.007764052
0.007044332
0.006385003
0.005909175
0.005694989
0.005705384
0.005802041
0.005875311
0.005813726
0.005585236
0.005142779
0.004573009
0.003978477
0.003631208
0.003563796
0.003799825
0.004108326
0.004168416
0.003909099
0.00353086
0.003007012
0.002616608
0.002398835
0.002318076
0.002085876
0.001666629
0.001007907
7.231393e-05
-0.0009592566
-0.001986093
-0.003075811
-0.004167426
-0.005155358
-0.005901484
-0.006495546
-0.006877559
-0.007059278
-0.00713984
-0.007301409
-0.007710721
-0.008125018
-0.00835939
-0.00848433
-0.0086482
-0.008737208
-0.0088875
-0.009059373
-0.009376504
-0.009676606
-0.01008704
-0.01063426
-0.01121402
-0.01222668
-0.01362677
-0.01510388
-0.01652885
-0.01775736
-0.01896952
-0.02013755
-0.02112356
-0.02202517
-0.02268667
-0.02321719
-0.02359877
-0.02382739
-0.02399229
-0.02392948
-0.02374809
-0.02372474
-0.02362232
-0.02350491
-0.02345225
-0.02332323
-0.02320713
-0.02302253
-0.02269802
-0.02236482
-0.02210409
-0.02197577
-0.02171575
-0.02109609
-0.02036837
-0.01974234
-0.01904539
-0.01799585
-0.01686445
-0.01581632
-0.01471033
-0.01375555
-0.0129222
-0.01199424
-0.01113094
-0.01027398
-0.009371798
-0.008600349
-0.008259047
-0.008116641
-0.007975457
-0.00799469
-0.00824453
-0.008546083
-0.008851216
-0.009078965
-0.009237772
-0.00909947
-0.008691307
-0.008236065
-0.00795964
-0.007870784
-0.007696613
-0.007673048
-0.007565973
-0.007453962
-0.007251907
-0.006749432
-0.006077685
-0.005594103
-0.005385421
-0.00531372
-0.005388625
-0.005268954
-0.005139373
-0.005034862
-0.004788865
-0.004456684
-0.004189077
-0.003906008
-0.003731345
-0.003533724
-0.003270284
-0.003026906
-0.002645936
-0.002291491
-0.002033287
-0.00150253
-0.0009067603
-0.0002921116
0.0003893448
0.0006217261
0.0005673512
0.0006607884
0.0009498959
0.001418568
0.001858842
0.002492328
0.003195254
0.003625049
0.003998297
0.004271998
0.004561152
0.004808183
0.004993777
0.005010493
0.005159527
0.00522895
0.005213202
0.005257274
0.005059306
0.004807215
0.004672965
0.00464451
0.004672985
0.004518628
0.004649064
0.004912617
0.005011662
0.005247132
0.005558927
0.005695146
0.005800046
0.005954496
0.006097482
0.006048805
0.005893273
0.005896046
0.005778714
0.005735126
0.00590963
0.006214846
0.006501344
0.006707864
0.006924103
0.007217867
0.007642395
0.008062337
0.008579501
0.009053606
0.009396868
0.009689296
0.009813199
0.009748812
0.00975005
0.009854612
0.01011716
0.01024439
0.0101567
0.01005623
0.009965898
0.009919973
0.0097347
0.009532795
0.009031014
0.008469439
0.007699655
0.006703974
0.00560223
0.004323709
0.003048244
0.001715685
0.0003218619
-0.001094975
-0.002069963
-0.002803279
-0.003160247
-0.003118324
-0.002832165
-0.002409585
-0.002073444
-0.001847784
-0.00162364
-0.001264437
-0.0008955994
-0.0005193644
-0.0002325779
3.453226e-05
0.0005808763
0.001335129
0.001923734
0.002257171
0.002546551
0.002713575
0.002850733
0.003084878
0.00348861
0.003960087
0.004442991
0.005003365
0.005265276
0.005248834
0.004935626
0.004455987
0.0041799
0.00430888
0.004773486
0.005367391
0.00590059
0.006354078
0.006786279
0.007157058
0.00747253
0.007697302
0.007803239
0.00817839
0.008773062
0.009329625
0.009668433
0.009921723
0.01013558
0.0102931
0.01038015
0.01037723
0.01036136
0.01019741
0.01000829
0.009707122
0.009521136
0.009433188
0.009321224
0.009153342
0.009196378
0.009515659
0.009829071
0.009943623
0.009880398
0.009701576
0.00928446
0.008801124
0.008288437
0.007609796
0.006875842
0.006014133
0.005262931
0.004633557
0.004009468
0.003356229
0.003015882
0.002749118
0.002513371
0.002348295
0.002358994
0.002499654
0.002741527
0.002968579
0.003224236
0.003392321
0.003408507
0.003268793
0.003152075
0.003019264
0.002933404
0.002701025
0.002320267
0.001488648
0.0004576612
-0.0004620087
-0.001231701
-0.00186088
-0.002181646
-0.00225287
-0.002295411
-0.002619085
-0.003109764
-0.003508898
-0.003665082
-0.003353746
-0.002799526
-0.002303291
-0.0018683
-0.00162219
-0.001537293
-0.00150708
-0.001548238
-0.001689754
-0.001806966
-0.001798247
-0.001639307
-0.001379505
-0.001134067
-0.0007380692
-0.00046625
-0.0003515312
-0.0002298813
-8.056672e-05
0.0002178968
0.0006743706
0.001259999
0.001993777
0.002796211
0.003305624
0.003210332
0.002790839
0.002121851
0.001454281
0.0009192733
0.00037868
-0.0002293963
-0.001039704
-0.001986392
-0.002877554
-0.003582397
-0.004204935
-0.004705153
-0.005181134
-0.005576958
-0.005908246
-0.006295347
-0.006449386
-0.006312675
-0.005878189
-0.005460602
-0.00502885
-0.004645991
-0.004227173
-0.003784136
-0.003256961
-0.002646224
-0.001991155
-0.001234847
-0.000320254
0.0006448107
0.001587876
0.002401679
0.003014891
0.003320433
0.003335201
0.003370873
0.003419604
0.003386835
0.003291932
0.003126473
0.003144022
0.003121849
0.003024593
0.002768333
0.002305621
0.001958129
0.001703085
0.001530374
0.001343447
0.001276638
0.001389932
0.001561622
0.001860737
0.002061975
0.001832223
0.001470809
0.0009895435
0.0002733764
-0.0004903824
-0.0011452
-0.001691177
-0.002229129
-0.002745873
-0.003175649
-0.003553095
-0.003513331
-0.003533491
-0.003519358
-0.003573876
-0.003700339
-0.004002252
-0.004318536
-0.004726324
-0.004959454
-0.005068944
-0.005191326
-0.005166032
-0.005144854
-0.005076598
-0.004946246
-0.005108829
-0.005410129
-0.00586789
-0.006374144
-0.006856766
-0.00732163
-0.007776111
-0.008330494
-0.00893827
-0.009365822
-0.009566351
-0.00969017
-0.009923717
-0.01011461
-0.01007635
-0.009862081
-0.009390267
-0.008878291
-0.008494747
-0.008438747
-0.008446727
-0.008354126
-0.008189132
-0.008020192
-0.007873828
-0.007739585
-0.007831897
-0.007929826
-0.007945095
-0.00791284
-0.007635106
-0.007274059
-0.007066084
-0.00695572
-0.006859673
-0.006779145
-0.006681102
-0.006433924
-0.006109026
-0.005742376
-0.005409182
-0.005297589
-0.005292601
-0.005198164
-0.005104076
-0.004908889
-0.004663739
-0.004421818
-0.004133587
-0.003556241
-0.002638642
-0.001615132
-0.0006275212
0.0003522267
0.001262342
0.002051702
0.002607863
0.003038879
0.003435413
0.003808462
0.004417779
0.005214096
0.005963916
0.006534625
0.007148066
0.007911399
0.008847794
0.009986888
0.0112186
0.0125633
0.01394839
0.01519184
0.01623051
0.01700232
0.01772316
0.01822695
0.01872354
0.01915973
0.01949633
0.01964776
0.01968535
0.01952594
0.0190652
0.018379
0.01765336
0.01687402
0.01607416
0.01527187
0.01437532
0.01333731
0.01199604
0.01056868
0.009057334
0.007765843
0.006863349
0.006142087
0.005225767
0.004025859
0.002720915
0.001481116
0.0004689876
-0.0006021883
-0.001760355
-0.002783811
-0.003573463
-0.004255318
-0.004960712
-0.005497899
-0.005902029
-0.006333967
-0.006731776
-0.006983301
-0.007155448
-0.007291708
-0.007442495
-0.007502252
-0.007586443
-0.007661987
-0.00794797
-0.008758204
-0.009833942
-0.01070858
-0.01150454
-0.01232376
-0.01310596
-0.0137947
-0.01421617
-0.01458291
-0.014704
-0.01483072
-0.01492944
-0.01489645
-0.01487273
-0.01483677
-0.01463135
-0.01427876
-0.01383142
-0.01336028
-0.01297091
-0.01276128
-0.0126943
-0.01260087
-0.0126522
-0.01297291
-0.01322762
-0.01349809
-0.01360317
-0.01360262
-0.01357071
-0.01359267
-0.01363469
-0.01358993
-0.0133218
-0.01290106
-0.01245119
-0.01213625
-0.0120153
-0.01187728
-0.0115798
-0.01129803
-0.01099915
-0.01065734
-0.01028154
-0.009765985
-0.009178057
-0.008313689
-0.00724463
-0.006065038
-0.004860995
-0.003509879
-0.002146966
-0.0007774986
0.0006391269
0.002019707
0.003365772
0.004733084
0.005940031
0.007102921
0.008066809
0.008805646
0.00938037
0.00987837
0.01025507
0.01050389
0.01047783
0.01028404
0.009926699
0.009402635
0.008907021
0.008404986
0.007907982
0.007522657
0.007068074
0.006802877
0.006896729
0.007381178
0.008164765
0.008925985
0.009464098
0.009797929
0.01013958
0.0105002
0.01079001
0.0110324
0.01129469
0.01154637
0.01166802
0.0118088
0.0120123
0.01216197
0.01232401
0.01247502
0.01254768
0.01256058
0.01250852
0.01246685
0.01258605
0.01294672
0.01320847
0.01301397
0.01245838
0.01184812
0.01143002
0.01121574
0.01097852
0.01047381
0.009676857
0.008636233
0.007724143
0.007095825
0.006521375
0.006079328
0.005769269
0.005398661
0.005065204
0.00476598
0.004408404
0.00403293
0.003773232
0.003645617
0.003602791
0.003533752
0.003474341
0.003371372
0.003316045
0.003299909
0.003369684
0.003682485
0.004052002
0.004420067
0.004852665
0.005190643
0.005419583
0.005590414
0.005607937
0.00564538
0.005713191
0.005685817
0.00558129
0.005410931
0.00522291
0.004991352
0.004682776
0.004287208
0.003839027
0.003296729
0.002733474
0.002207283
0.00172494
0.001221364
0.0007697475
0.0003930949
0.0001097757
-0.0001498228
-0.0002733212
-0.0003312471
-0.0003614192
-0.0003216757
-0.0002236978
-0.0002000212
-0.0003453455
-0.0004378851
-0.0004750173
-0.0004878685
-0.0004561366
-0.0004404335
-0.0004307344
-0.0004199234
-0.000410906
-0.0005059036
-0.000688504
-0.0008911942
-0.001106835
-0.001364793
-0.001484338
-0.001449766
-0.001456318
-0.001519815
-0.001622957
-0.001816702
-0.002094208
-0.002429893
-0.002846563
-0.003323847
-0.003767745
-0.004223573
-0.004750087
-0.005240428
-0.005649567
-0.006028291
-0.006411111
-0.006795272
-0.007202288
-0.007636123
-0.007896837
-0.007947042
-0.007766596
-0.007703195
-0.007832882
-0.008136708
-0.008453033
-0.008695916
-0.008797957
-0.008854336
-0.008821385
-0.008691709
-0.008463223
-0.008197154
-0.00784595
-0.007459632
-0.007086407
-0.006637583
-0.006130159
-0.005559256
-0.004972109
-0.004409091
-0.003915575
-0.003499121
-0.003138478
-0.002863486
-0.002615491
-0.002375449
-0.002112328
-0.001911627
-0.001833112
-0.001823082
-0.001788659
-0.001740287
-0.001649521
-0.001557937
-0.001501528
-0.001471027
-0.001425179
-0.001277345
-0.001166689
-0.001062346
-0.0009552342
-0.0007629716
-0.0005673422
-0.0004287964
-0.0002391316
-3.071288e-05
0.0002295176
0.0004878199
0.0007494097
0.001034642
0.001357801
0.001685868
0.00196474
0.002278036
0.002577309
0.002855148
0.003092262
0.003287366
0.003432788
0.00354891
0.003611602
0.003647166
0.003688172
0.003708399
0.003659148
0.003525133
0.003342455
0.003154317
0.002959468
0.002744899
0.002549234
0.002351559
0.002163871
0.001978437
0.001765722
0.001509927
0.001257215
0.001065395
0.0009509617
0.0008686877
0.0008021235
0.0007157516
0.000598252
0.0004712296
0.0003583814
0.0002404815
0.0001260361
4.279552e-05
-2.021163e-05
-6.628738e-05
-0.0001227831
-0.00019903
-0.0002860029
-0.0003704896
-0.0004400824
-0.0004873539
-0.0004919542
-0.0004501931
-0.0003704715
-0.0002642301
-0.0001436645
-3.266534e-05
4.71465e-05
8.909665e-05
0.0001079473
0.0001308728
0.000156028
0.000172726
0.0001845896
0.00017213
0.0001480825
0.0001215065
9.193623e-05
5.190207e-05
3.914877e-06
-4.159058e-05
-8.828444e-05
-0.0001308012
-0.0001699248
-0.0002017086
-0.0002326933
-0.00025379
-0.0002660231
-0.0002757126
-0.0002789346
-0.0002811012
-0.0002886195
-0.0002993837
-0.0003130019
-0.000321745
-0.0003211889
-0.0003180363
-0.0003149916
-0.0003105668
-0.0003055037
-0.000300302
-0.0002952206
-0.0002896565
-0.0002795971
-0.0002730163
-0.0002733192
-0.0002797095
-0.0002934347
-0.0003140775
-0.0003333531
-0.0003418603
-0.0003403106
-0.0003396727
-0.0003419131
-0.0003455429
-0.0003518833
-0.0003585186
-0.0003592017
-0.0003556007
-0.0003497249
-0.0003412687
-0.0003305865
-0.0003189226
-0.0003056968
-0.000293677
-0.0002833753
-0.0002738882
-0.0002661077
-0.0002600566
-0.0002557394
-0.0002520595
-0.0002494267
-0.0002480838
-0.0002478804
-0.0002478491
-0.0002474356
-0.0002465463
-0.000245631
-0.0002453829
-0.0002459068
-0.0002465293
-0.0002459897
-0.0002445023
-0.0002417907
-0.0002385478
-0.000235311
-0.0002322815
-0.0002296125
-0.0002273133
-0.0002252423
-0.0002231698
-0.0002210883
-0.0002190519
-0.0002171626
-0.000215425
-0.0002139441
-0.0002127578
-0.0002115401
-0.000210235
-0.0002089066
-0.0002075156
-0.0002060889
-0.0002046726
-0.0002032261
-0.0002017454
-0.0002002293
-0.0001987091
-0.0001971793
-0.0001956432
-0.000194088
-0.0001925034
-0.0001908928
-0.0001892685
-0.0001876363
-0.0001859961
-0.0001843464
-0.0001826811
-0.0001809967
-0.0001792905
-0.0001775606
-0.0001758052
-0.0001740229
-0.0001722129
-0.0001703748
-0.0001685081
-0.0001666129
