-2.954741e-05
-2.959879e-05
-2.96256e-05
-2.966115e-05
-2.968337e-05
-2.971448e-05
-2.97366e-05
-2.97614e-05
-2.978366e-05
-2.981359e-05
-2.983506e-05
-2.985232e-05
-2.98608e-05
-2.989312e-05
-2.99429e-05
-2.997123e-05
-2.993275e-05
-2.988572e-05
-2.985629e-05
-2.987264e-05
-2.989583e-05
-2.989572e-05
-2.98725e-05
-2.985112e-05
-2.98378e-05
-2.982869e-05
-2.981714e-05
-2.99094e-05
-3.017314e-05
-3.066738e-05
-3.091157e-05
-3.113545e-05
-3.102692e-05
-3.030545e-05
-2.959257e-05
-2.935215e-05
-2.939137e-05
-2.942833e-05
-2.938404e-05
-2.92692e-05
-2.915629e-05
-2.911945e-05
-2.901946e-05
-2.880464e-05
-2.867018e-05
-2.855323e-05
-2.752703e-05
-2.794182e-05
-2.892795e-05
-2.983937e-05
-3.05654e-05
-2.940713e-05
-2.39568e-05
-1.789756e-05
-1.313951e-05
-9.16486e-06
-7.45315e-06
-9.979861e-06
-1.729366e-05
-2.307895e-05
-2.02022e-05
-1.608549e-05
-1.853041e-05
-2.42026e-05
-3.254537e-05
-3.896582e-05
-3.289587e-05
-2.816235e-05
-2.682712e-05
-2.537945e-05
-1.739144e-05
-5.91203e-06
1.370266e-05
3.715062e-05
5.321141e-05
5.856598e-05
4.575892e-05
2.055086e-05
9.418088e-06
2.77683e-05
6.487009e-05
0.0001055984
0.0001170287
9.345137e-05
5.370299e-05
2.069469e-06
-3.549063e-05
-5.32634e-05
-4.714606e-05
-3.630332e-05
-3.396576e-05
-3.907917e-05
-4.410234e-05
-4.44755e-05
-5.394996e-05
-0.0001203498
-0.0001989993
-0.0002347716
-0.0002563181
-0.000280726
-0.000290949
-0.0002853813
-0.0002781535
-0.0003106018
-0.0003131776
-0.000299264
-0.0003012428
-0.0003136646
-0.0002742636
-0.0001716634
-6.885457e-05
-6.898209e-05
-0.0002299503
-0.0003954293
-0.0004718662
-0.0004142988
-0.0002394447
-6.424898e-05
7.065424e-05
6.109117e-05
-8.20334e-05
-0.0002953124
-0.0003749826
-0.0002808251
-0.0001559294
-8.403122e-05
3.592469e-05
0.0002099917
0.0003048616
0.0001589507
-9.338905e-05
-0.0002018101
-3.894772e-05
0.0002232406
0.0003449249
0.0003217073
0.0003743547
0.0006139245
0.0008118261
0.001038119
0.001487378
0.002001741
0.002268805
0.002232139
0.001890937
0.00120206
0.0005376264
0.0001816139
0.0001147664
2.421301e-05
-0.0003268886
-0.0008254372
-0.001294731
-0.001976694
-0.00274946
-0.002988009
-0.002616961
-0.001780948
-0.0006359315
0.0006169164
0.001620779
0.002230183
0.00279741
0.003403052
0.003478467
0.002975313
0.002367791
0.001874338
0.001510186
0.001434716
0.001621574
0.001827041
0.001846614
0.001374304
0.0006420623
-7.10069e-06
-0.0006604113
-0.001461623
-0.002396481
-0.003117872
-0.003362408
-0.003120461
-0.002452384
-0.001857494
-0.001421787
-0.0009012
-0.0004239438
-5.583947e-05
-0.0001064526
0.0001089429
0.0008277604
0.001508622
0.001565587
0.001492264
0.002120481
0.003235853
0.003994833
0.004065443
0.00380993
0.003679572
0.003725426
0.003617658
0.002530149
0.0003632076
-0.001639705
-0.00261194
-0.002256392
-0.001094108
-0.0004637778
-0.0008104901
-0.002112823
-0.003686919
-0.005059263
-0.005885028
-0.006427381
-0.005931029
-0.003665599
-0.0008472313
0.0001486024
0.0001635323
0.001017156
0.00266534
0.004163377
0.004509429
0.003277883
0.001206907
-0.0004711253
-0.001354016
-0.001762021
-0.001584444
-0.00108527
-9.508674e-05
0.001138264
0.001449345
0.0002516666
-0.0009528258
-0.001275115
-0.001290885
-0.00159493
-0.003029617
-0.005708236
-0.008232609
-0.008995576
-0.008400124
-0.007354887
-0.005673782
-0.0036798
-0.00202878
-0.0009172135
-0.0003351756
0.0006847245
0.002822555
0.005708154
0.007549932
0.007393195
0.005976817
0.004807122
0.003998881
0.002587063
0.0007456437
-0.0005640832
-0.0005905351
0.0003197485
0.0007025522
-0.0001526074
-0.0007664993
0.0005081468
0.003310769
0.00748074
0.01187071
0.01396326
0.01350907
0.01305637
0.0136166
0.01464623
0.01368163
0.009911327
0.004767283
-0.0001233605
-0.003427649
-0.005421998
-0.00647681
-0.005708475
-0.00261946
0.001671944
0.00581796
0.008479764
0.009116055
0.008441845
0.007339449
0.006552718
0.005747385
0.004912942
0.004682383
0.004367656
0.003324405
0.0008882773
-0.002121155
-0.005023321
-0.00727715
-0.008903001
-0.009749932
-0.01031009
-0.0108989
-0.01041361
-0.008174375
-0.00582137
-0.005839109
-0.007725193
-0.009183694
-0.009349243
-0.00866591
-0.007460695
-0.006520283
-0.006140223
-0.00623566
-0.007567406
-0.01076587
-0.01456438
-0.01754169
-0.01855768
-0.01759877
-0.01608173
-0.01465313
-0.01254401
-0.01033398
-0.008320409
-0.005387474
-0.002138815
-0.000136578
0.00017233
-0.001126064
-0.003206925
-0.005085766
-0.006617292
-0.008160493
-0.009266486
-0.009799207
-0.009238921
-0.007693332
-0.006034528
-0.004145075
-0.001935132
4.185662e-05
0.002299139
0.005195126
0.008367207
0.01033888
0.009772515
0.007409214
0.005056887
0.004421502
0.00577189
0.006342401
0.005625311
0.004784694
0.003611425
0.001971787
0.0007597719
0.001148219
0.003043472
0.004802388
0.005826469
0.006994185
0.00790298
0.008119857
0.007543143
0.006248863
0.00513336
0.005602652
0.007259639
0.009282242
0.01065192
0.01098192
0.01082334
0.01070912
0.0107184
0.01073948
0.01069018
0.01072268
0.01141917
0.01274814
0.01379017
0.014627
0.01545105
0.01604153
0.01534376
0.01250107
0.0085022
0.005823386
0.00499632
0.004207196
0.001556351
-0.00244477
-0.006340329
-0.008086354
-0.007177122
-0.004637593
-0.001929865
-0.0008602107
-0.001512366
-0.001776923
-0.00152943
-0.002402113
-0.004257724
-0.005571209
-0.006328354
-0.007688034
-0.009847139
-0.01161391
-0.01197577
-0.009924948
-0.006061296
-0.002963024
-0.002567513
-0.003102545
-0.003349444
-0.004290321
-0.00624792
-0.00831157
-0.00971169
-0.01076238
-0.01126018
-0.01191805
-0.01410299
-0.01784528
-0.02110871
-0.02257835
-0.02177476
-0.01909837
-0.01556825
-0.01283031
-0.01173022
-0.01118248
-0.01044657
-0.0106679
-0.01074028
-0.009803443
-0.008272595
-0.005875539
-0.003103928
-0.001393966
-0.002019781
-0.004390197
-0.006036875
-0.005636025
-0.004123221
-0.001764854
0.001060194
0.003054289
0.003661166
0.004240009
0.004678742
0.003817967
0.002363089
0.002207921
0.003655065
0.005874409
0.008487379
0.01130272
0.01446415
0.01671685
0.01728747
0.01664109
0.01531256
0.01419198
0.01435622
0.01509818
0.01506744
0.01378607
0.01234761
0.01223798
0.01399864
0.01696604
0.01945223
0.0203744
0.01985397
0.01868606
0.01756322
0.01620961
0.01364378
0.01059952
0.008800503
0.008771241
0.009654865
0.009495196
0.007549099
0.005094411
0.003806804
0.003057785
0.001864249
-1.028025e-05
-0.00290703
-0.00590075
-0.007960549
-0.008553581
-0.007323813
-0.004163182
-0.0002932967
0.002564312
0.003481756
0.003752304
0.004740308
0.005409982
0.005893294
0.006658343
0.00716749
0.006551303
0.004436001
0.001937184
-0.0002075935
-0.002781045
-0.00705213
-0.01368174
-0.0212905
-0.02683877
-0.02928433
-0.02991596
-0.0290681
-0.02653755
-0.02166689
-0.01547825
-0.009854572
-0.005806032
-0.003927399
-0.004328234
-0.005979122
-0.006121241
-0.004439637
-0.002224609
-0.000855169
-0.0006470643
-0.000593515
0.0008749515
0.003578185
0.005717317
0.007046176
0.007965762
0.007630372
0.005820625
0.002560385
-0.002101136
-0.007175394
-0.0112586
-0.0130696
-0.01295287
-0.01168882
-0.01121168
-0.01263399
-0.01493559
-0.01660031
-0.01682558
-0.0158931
-0.01563473
-0.01618722
-0.01626545
-0.01518946
-0.01305115
-0.01065243
-0.008303402
-0.00549671
-0.001771406
0.002720336
0.007329632
0.01084786
0.0135506
0.01525196
0.01490106
0.01294148
0.01092701
0.01024441
0.01102404
0.01274249
0.01420434
0.01453682
0.01408492
0.01351076
0.01304821
0.01264001
0.01243209
0.01228469
0.01163044
0.01067739
0.01036931
0.010696
0.01093219
0.01021656
0.008218997
0.004814365
0.0004268532
-0.003509384
-0.005605584
-0.004516587
-0.001025978
0.003500374
0.00695275
0.008762297
0.009906929
0.01139607
0.01427716
0.01859707
0.02337647
0.0274171
0.02912938
0.02915665
0.02976969
0.03121771
0.03198426
0.03062943
0.02662076
0.02127755
0.01552242
0.009967317
0.005166909
0.001976417
0.001356583
0.003198992
0.006372406
0.008875909
0.009648428
0.00917505
0.008679378
0.008181292
0.007127978
0.005793243
0.003979352
0.001477451
-0.001868962
-0.005916002
-0.01016342
-0.01452057
-0.01902703
-0.02263972
-0.02324737
-0.02049443
-0.01575851
-0.01093653
-0.006778737
-0.004946303
-0.007312436
-0.01469357
-0.02472887
-0.03378316
-0.03976426
-0.04253527
-0.04296665
-0.04209042
-0.03966715
-0.03510846
-0.02850398
-0.02212803
-0.01789802
-0.0155976
-0.01518747
-0.01647055
-0.01728999
-0.0162489
-0.01357554
-0.0103062
-0.006582861
-0.001579229
0.004568821
0.01101398
0.01696841
0.02071424
0.02161758
0.01970617
0.01531623
0.009397698
0.0036384
1.045429e-05
-0.0003926184
0.002475482
0.007831205
0.01454124
0.0215592
0.02754052
0.03150014
0.03278441
0.03150442
0.02846814
0.02516789
0.02256172
0.0211353
0.02081943
0.02090671
0.02095255
0.02155885
0.02347453
0.02556472
0.02577051
0.02293896
0.01701541
0.008414081
-0.0003211395
-0.007076483
-0.01084171
-0.01179795
-0.01155314
-0.01138827
-0.01150476
-0.01184708
-0.0141098
-0.02082588
-0.03062766
-0.0397025
-0.04566671
-0.04798591
-0.04697942
-0.0432809
-0.0367617
-0.02831918
-0.01964154
-0.0134068
-0.01041326
-0.009416464
-0.01052497
-0.0138344
-0.01791139
-0.02090417
-0.02256796
-0.02355869
-0.02247927
-0.01750261
-0.009784704
-0.001437457
0.004909785
0.008316702
0.008585783
0.006264373
0.002961274
8.010833e-06
-0.002778101
-0.005033815
-0.006266422
-0.007121375
-0.008323299
-0.009620956
-0.01096192
-0.01174166
-0.01046508
-0.006838654
-0.002121366
0.002003571
0.00481305
0.006473894
0.007056927
0.005399714
0.0007610679
-0.006408319
-0.01513216
-0.02316794
-0.02834124
-0.03076843
-0.0316841
-0.03300956
-0.03463106
-0.03590585
-0.03702575
-0.03844552
-0.04014245
-0.04207953
-0.04421398
-0.0461514
-0.0470036
-0.04651786
-0.04445638
-0.04106475
-0.03707546
-0.03339139
-0.02994245
-0.02668547
-0.02354531
-0.02020395
-0.01630565
-0.01123356
-0.005087274
0.002059194
0.01025834
0.01936369
0.02981805
0.04164457
0.0538147
0.06515992
0.0745894
0.08099828
0.08420519
0.08422897
0.0819666
0.07876838
0.07563588
0.07359171
0.07365296
0.075783
0.07910045
0.08173738
0.08213958
0.08012236
0.07680778
0.07264013
0.06811789
0.06463782
0.0632233
0.06327157
0.06387447
0.06492433
0.06575631
0.06539855
0.06273656
0.05801451
0.05246609
0.04688495
0.04063844
0.03354596
0.02689633
0.02229933
0.02020073
0.01984985
0.01999001
0.01998714
0.01991388
0.02053654
0.02308088
0.02752123
0.03154227
0.03294184
0.03202548
0.02973102
0.02603551
0.01933771
0.008766772
-0.004410697
-0.01753705
-0.02822598
-0.03644262
-0.04242209
-0.04651488
-0.04847063
-0.04875575
-0.04924623
-0.05256711
-0.05885593
-0.06696838
-0.07616432
-0.08470302
-0.09091029
-0.09408996
-0.09293898
-0.08714033
-0.07800653
-0.06597222
-0.05197817
-0.03720528
-0.02481266
-0.01681826
-0.01284189
-0.01158658
-0.0115961
-0.01269737
-0.01418588
-0.01597696
-0.01907759
-0.0248216
-0.03403664
-0.0461423
-0.05904651
-0.07147465
-0.08280423
-0.09248584
-0.09986088
-0.1045223
-0.1067336
-0.1064761
-0.104046
-0.1004421
-0.09723138
-0.09499379
-0.09292221
-0.09019473
-0.08676825
-0.08258911
-0.07796076
-0.07347445
-0.06932485
-0.06554476
-0.06223759
-0.0593885
-0.05680518
-0.05434062
-0.05043672
-0.04365803
-0.0346692
-0.02616589
-0.02071533
-0.01836795
-0.01799035
-0.01928031
-0.02308057
-0.02938048
-0.03526758
-0.03840469
-0.03786072
-0.03392696
-0.02675395
-0.01586848
-0.001935044
0.01518817
0.03448408
0.05458007
0.07706845
0.1007035
0.1199021
0.132331
0.1394348
0.143565
0.1472441
0.1513793
0.155661
0.159756
0.1627743
0.1633431
0.1614707
0.1586327
0.1560879
0.1528335
0.148099
0.1413787
0.1321171
0.1210989
0.1097212
0.09902843
0.09005997
0.08221286
0.07402074
0.06521518
0.05654001
0.04893507
0.04287613
0.03943596
0.04043478
0.04634765
0.05527485
0.0645722
0.07310642
0.07999609
0.0846976
0.08624927
0.08487568
0.08243861
0.07989404
0.07735926
0.07481376
0.07239607
0.06855194
0.06105017
0.04978845
0.03693435
0.02418637
0.01096553
-0.00296905
-0.01647072
-0.03023676
-0.04598391
-0.06484529
-0.08604138
-0.1071276
-0.1238114
-0.1338507
-0.1376457
-0.1379531
-0.1384391
-0.1410435
-0.1459278
-0.1523552
-0.158676
-0.1628364
-0.1637389
-0.1608801
-0.1538217
-0.1419841
-0.1269502
-0.1118631
-0.09936788
-0.09037177
-0.08440418
-0.08060568
-0.07706056
-0.07217958
-0.06439599
-0.05399275
-0.04014801
-0.02309631
-0.005025651
0.01149886
0.02577968
0.03863794
0.05030679
0.05885668
0.06267963
0.06256227
0.05930494
0.05318193
0.04492199
0.0355095
0.02631185
0.01834629
0.01123439
0.004503509
-0.001930523
-0.00786116
-0.01325885
-0.01882549
-0.02431043
-0.02933414
-0.03392273
-0.03747677
-0.04064231
-0.04407381
-0.04806484
-0.05255748
-0.05648181
-0.05956035
-0.06205788
-0.06385926
-0.06449317
-0.06403385
-0.06252439
-0.06067267
-0.05827223
-0.05522141
-0.05128799
-0.04603827
-0.0389605
-0.02982128
-0.01801227
-0.00322437
0.01229395
0.02471787
0.03294311
0.03879506
0.04334727
0.04644297
0.04854349
0.04971027
0.04909228
0.04661365
0.04415007
0.04289985
0.04142636
0.03903809
0.03732894
0.03780572
0.03970524
0.04285746
0.04867344
0.0568336
0.06622852
0.07668224
0.08766874
0.09801919
0.1074358
0.1158866
0.122644
0.1276381
0.131011
0.132411
0.1323122
0.1308566
0.1285363
0.1266159
0.1268177
0.1284962
0.1289379
0.126625
0.1217384
0.1148788
0.1059393
0.09530862
0.08528245
0.0767376
0.06853781
0.05918655
0.04621983
0.02765245
0.005273507
-0.01815314
-0.04061703
-0.0605771
-0.07732329
-0.09082459
-0.1024266
-0.1133253
-0.123018
-0.1306911
-0.1357189
-0.1385757
-0.1400728
-0.1403362
-0.1402479
-0.1404457
-0.140163
-0.1370474
-0.1295039
-0.1192264
-0.1079854
-0.09652889
-0.0854509
-0.07424062
-0.06120878
-0.04553772
-0.02784337
-0.01007201
0.00537035
0.01567546
0.01960876
0.01995185
0.02045933
0.02192019
0.02388883
0.02640135
0.02928272
0.0319537
0.03295918
0.03138847
0.02842799
0.02551676
0.02308908
0.02139569
0.0208052
0.0205865
0.01979597
0.01789057
0.01412548
0.007331019
-0.002983707
-0.01591069
-0.0296036
-0.04298732
-0.05558029
-0.06692641
-0.07676158
-0.08562323
-0.0945654
-0.1027244
-0.1092431
-0.114957
-0.1201778
-0.1228046
-0.1230374
-0.1226645
-0.1206067
-0.1146503
-0.1051792
-0.09367466
-0.07941623
-0.06350558
-0.04866425
-0.03585822
-0.02397592
-0.01158855
0.001978422
0.01666326
0.03134704
0.04365802
0.05215533
0.05773575
0.06100261
0.06127627
0.05751277
0.05071724
0.04143123
0.03075892
0.02013381
0.0111399
0.005144857
0.001733792
-0.000214843
-0.001999149
-0.003554812
-0.005052587
-0.006394939
-0.006302038
-0.003860985
0.001309302
0.008932578
0.01799405
0.02736523
0.03622295
0.04388137
0.04966387
0.05404372
0.05815085
0.06274769
0.06809252
0.07388675
0.08066432
0.08815595
0.09545982
0.1024838
0.1095552
0.1164248
0.1231325
0.129257
0.133557
0.1360902
0.1367662
0.1352556
0.1317111
0.126191
0.1191908
0.1109975
0.1015392
0.09084397
0.07850277
0.06387342
0.04742884
0.03184839
0.01839666
0.005357839
-0.008344724
-0.02145123
-0.03301893
-0.04284854
-0.05040035
-0.05401305
-0.05440047
-0.05415596
-0.05409479
-0.05424481
-0.05537613
-0.05677832
-0.05794134
-0.05939603
-0.06083398
-0.06103224
-0.05852172
-0.05251095
-0.04259428
-0.02745438
-0.008054836
0.01242608
0.03123484
0.04593017
0.05614623
0.06291441
0.06664921
0.06728703
0.06647998
0.06596075
0.06496919
0.06145531
0.05567495
0.04833862
0.03847977
0.02723675
0.01645291
0.006827241
-0.001342389
-0.008184126
-0.01402192
-0.01839147
-0.02075461
-0.02096199
-0.01840954
-0.0138799
-0.00823775
-0.002652971
-5.205836e-05
-0.003264223
-0.01260797
-0.02635626
-0.04256551
-0.05836678
-0.07205436
-0.0829831
-0.09189869
-0.09916258
-0.1040005
-0.1066541
-0.1084889
-0.1098883
-0.1106997
-0.1113662
-0.1106549
-0.107533
-0.1025721
-0.09499618
-0.08369176
-0.07052938
-0.05727426
-0.04435732
-0.03448921
-0.02836149
-0.02391827
-0.02092205
-0.01835689
-0.01413525
-0.007224649
0.002572723
0.01495595
0.0285102
0.04174515
0.05344037
0.06093039
0.06299406
0.0605682
0.05586388
0.04911417
0.03917591
0.02691366
0.01315197
-0.002460741
-0.0180386
-0.03333514
-0.04884481
-0.06210878
-0.07200039
-0.07940016
-0.08426883
-0.08556135
-0.08438608
-0.08276128
-0.07979773
-0.07358826
-0.06424355
-0.05076646
-0.03268919
-0.01356761
0.004045035
0.0195904
0.03220972
0.04146829
0.04899157
0.05509684
0.05864086
0.05939395
0.05788636
0.05219478
0.04135973
0.02803348
0.01494339
0.003140239
-0.005705755
-0.0110622
-0.01404193
-0.01425981
-0.01176624
-0.007149001
-0.0003440279
0.007733091
0.01484115
0.01980274
0.02273192
0.02305885
0.02329686
0.02539554
0.02885564
0.03378611
0.04116944
0.05069622
0.06059151
0.0699247
0.07896582
0.08804016
0.09686918
0.1056953
0.1151293
0.1231693
0.1284337
0.1311212
0.1306021
0.126721
0.1194558
0.1083965
0.09282536
0.07448937
0.05666483
0.0409451
0.02795221
0.01820963
0.01197573
0.008022893
0.00461515
0.0004419917
-0.00444893
-0.009138491
-0.01404228
-0.01929756
-0.02525029
-0.03219352
-0.03926145
-0.04555157
-0.04947928
-0.05006038
-0.04812327
-0.04444384
-0.0386257
-0.03300079
-0.02959081
-0.02897569
-0.0311843
-0.03504261
-0.0397686
-0.04589388
-0.05292284
-0.05875824
-0.06273664
-0.06569319
-0.06782056
-0.06808047
-0.06765513
-0.0683306
-0.06955582
-0.07041197
-0.07147706
-0.07103227
-0.06773784
-0.06345406
-0.05864768
-0.05252918
-0.0455671
-0.03937655
-0.03429086
-0.02994149
-0.0257638
-0.02111561
-0.01594461
-0.01010682
-0.003984313
0.001318153
0.005083597
0.007900118
0.009864502
0.0106653
0.01137075
0.01168551
0.01074083
0.01000075
0.009718777
0.009351411
0.0100309
0.01165273
0.01435473
0.01916438
0.02555005
0.03211324
0.03826868
0.0436959
0.04684449
0.04673899
0.0435452
0.03707617
0.02675996
0.01235906
-0.00445735
-0.02015487
-0.03182356
-0.03905645
-0.04301094
-0.04459156
-0.04404295
-0.04280677
-0.04226453
-0.04241468
-0.04285331
-0.04268549
-0.04121472
-0.03943611
-0.03731894
-0.03374922
-0.02759439
-0.01858222
-0.007261027
0.005842867
0.01894076
0.03012186
0.03880865
0.04488214
0.04859045
0.05083177
0.05313187
0.05571099
0.05838433
0.06121287
0.06349109
0.06463227
0.06499752
0.06447633
0.06243788
0.06024313
0.05883832
0.05758457
0.0570841
0.05716726
0.05684922
0.05572959
0.05259759
0.04569583
0.03569893
0.02483662
0.01498993
0.007425788
0.002174753
-0.003305116
-0.009508534
-0.01556241
-0.02195644
-0.02791146
-0.03238349
-0.03457763
-0.03391377
-0.03127249
-0.02667793
-0.01937821
-0.01124417
-0.004682721
0.0001748435
0.002570648
0.0008779499
-0.004628613
-0.01283377
-0.022576
-0.03147881
-0.03900916
-0.04611703
-0.05197378
-0.05567336
-0.05846113
-0.06060647
-0.06194658
-0.06232775
-0.0609579
-0.05851829
-0.05501052
-0.04879089
-0.03970258
-0.0287585
-0.01709623
-0.006575137
0.001681463
0.007281294
0.009776058
0.01033304
0.01131065
0.01294595
0.01602075
0.02038249
0.02528649
0.03044621
0.03478867
0.03806629
0.04083655
0.04226334
0.04100457
0.03742723
0.03175085
0.0240019
0.01449831
0.004342767
-0.005184987
-0.01285106
-0.01833537
-0.02213702
-0.02472071
-0.0268096
-0.02812961
-0.02847318
-0.02812728
-0.0280845
-0.0291395
-0.03061632
-0.03125405
-0.0313642
-0.03099094
-0.02989302
-0.02834351
-0.02700915
-0.02544878
-0.02292354
-0.01915439
-0.01373703
-0.006993018
-0.0005852813
0.005186214
0.009486423
0.01146832
0.01176395
0.01198318
0.01241258
0.01415266
0.0174154
0.0209774
0.02477443
0.02795463
0.02901494
0.02866023
0.02793515
0.02641933
0.0245111
0.02281219
0.02122213
0.02055606
0.02094798
0.02138712
0.02124912
0.02089304
0.02172796
0.0236562
0.02649213
0.02933312
0.03166079
0.03428416
0.03674627
0.03849022
0.03946793
0.04037068
0.04198525
0.04393779
0.04468319
0.04506253
0.04548391
0.04503448
0.04421828
0.0432706
0.04195713
0.04087055
0.03917129
0.03617756
0.03240907
0.02740174
0.02118181
0.01377045
0.005803966
-0.001995447
-0.009243277
-0.01529055
-0.02039567
-0.02488181
-0.02848258
-0.0312462
-0.03348385
-0.03545266
-0.03763249
-0.03893032
-0.03886623
-0.03814434
-0.03710672
-0.03566008
-0.03426407
-0.03310186
-0.03296085
-0.03330685
-0.03308391
-0.03375062
-0.03505302
-0.03579425
-0.03583536
-0.0343684
-0.03075282
-0.02546901
-0.01963556
-0.01344831
-0.007065025
-0.0009758202
0.003786377
0.007266175
0.01023711
0.01242451
0.01271699
0.0110552
0.008506607
0.005007054
0.0003593727
-0.004662375
-0.008985234
-0.0120212
-0.01331089
-0.01341138
-0.01271619
-0.01062464
-0.007352942
-0.003667513
0.0005766746
0.003607559
0.004520764
0.004473665
0.003317336
0.001163155
-0.001243872
-0.003107989
-0.003174336
-0.001988007
-0.0006990422
0.001097259
0.002873337
0.004668612
0.006613253
0.007886021
0.00922861
0.01126777
0.01415596
0.01816153
0.02238065
0.02574451
0.0280654
0.03058051
0.03347375
0.03531013
0.03593122
0.03599206
0.03580284
0.03511524
0.03333334
0.03074848
0.02747738
0.02453964
0.02248174
0.01985005
0.01529214
0.008880224
0.002074817
-0.004159806
-0.009325449
-0.01245755
-0.01323385
-0.01245995
-0.01099
-0.01009813
-0.01041298
-0.01211629
-0.01490832
-0.0178712
-0.0206376
-0.02305089
-0.02473571
-0.02624744
-0.02731998
-0.02787343
-0.02772446
-0.02740585
-0.0267278
-0.02526458
-0.02364009
-0.0217696
-0.02069786
-0.02038497
-0.02126347
-0.023137
-0.02541983
-0.02835296
-0.03102179
-0.03260971
-0.0342991
-0.03701591
-0.04020933
-0.04223158
-0.04287456
-0.04235227
-0.04110787
-0.03948588
-0.03695307
-0.03296386
-0.02871124
-0.0253221
-0.02296514
-0.02019768
-0.01666182
-0.01310791
-0.009375384
-0.004789629
0.0006375569
0.006161759
0.01160465
0.01648963
0.01987218
0.02208268
0.02262657
0.02183577
0.02055834
0.01854753
0.01501845
0.01077116
0.005937643
0.0002347255
-0.005900581
-0.01105475
-0.01514258
-0.01817544
-0.02000578
-0.02004968
-0.01888861
-0.01700398
-0.01428833
-0.01066384
-0.007342785
-0.004878211
-0.003472975
-0.002556943
-0.001308069
0.0002502185
0.001611601
0.002833482
0.00353053
0.0026483
0.0002158012
-0.00324658
-0.007467515
-0.01179674
-0.0151475
-0.01735455
-0.01881261
-0.01941803
-0.01974944
-0.02050183
-0.02174759
-0.02306485
-0.02314
-0.02160417
-0.01957106
-0.01713279
-0.01382242
-0.009962128
-0.005709119
-0.002248853
0.0004943601
0.002159655
0.003440142
0.004698629
0.005446404
0.00610022
0.007097626
0.009259117
0.01289957
0.01730408
0.02204784
0.02614947
0.02930903
0.03183375
0.03425097
0.036479
0.03800095
0.03887544
0.03880916
0.03826218
0.03749847
0.03649813
0.03547797
0.03405009
0.03274562
0.03212757
0.03246541
0.03385324
0.03524116
0.03586875
0.03499121
0.03367355
0.0325662
0.03105987
0.02921245
0.0273722
0.02583469
0.0243489
0.02356443
0.02332988
0.02252293
0.02226651
0.02325489
0.02488821
0.02644598
0.02790188
0.02964609
0.03161428
0.03296809
0.03405218
0.03484571
0.03549313
0.03500849
0.03297645
0.02995331
0.02670193
0.02329331
0.0199264
0.01667582
0.01332877
0.01029287
0.007418031
0.004438679
0.001336419
-0.001802562
-0.005161156
-0.008712785
-0.01234381
-0.01538986
-0.01718727
-0.01860207
-0.01975719
-0.02136131
-0.02364189
-0.0262603
-0.0294234
-0.03272542
-0.03501789
-0.03604713
-0.03743708
-0.03874319
-0.03902119
-0.03866879
-0.03788767
-0.03669166
-0.03523007
-0.03344493
-0.03103973
-0.0276564
-0.02388023
-0.02016479
-0.01605743
-0.01158328
-0.007760641
-0.004775381
-0.002731967
-0.0006856845
0.00143743
0.003324829
0.005311329
0.006949054
0.008868856
0.01126219
0.0128093
0.01288789
0.01138243
0.009712559
0.00824107
0.00607131
0.003282059
0.000302818
-0.001773125
-0.0036817
-0.005700001
-0.006880357
-0.007344784
-0.006903804
-0.006040078
-0.004459492
-0.002210759
0.0003117151
0.002637545
0.003964821
0.004991299
0.005638501
0.005605676
0.005231037
0.005144331
0.006314228
0.006836187
0.007096775
0.007704862
0.008807033
0.009805309
0.01006494
0.01069887
0.0115377
0.01192968
0.0118789
0.01203294
0.01213003
0.01252059
0.01384617
0.01550809
0.01722387
0.01843471
0.01943396
0.0205904
0.02113923
0.02079625
0.01989437
0.01869801
0.01749283
0.0161742
0.01496167
0.01389032
0.01249339
0.01005083
0.007094802
0.004025584
0.0009922273
-0.001673536
-0.003891906
-0.005195288
-0.006001448
-0.006657524
-0.006963449
-0.006737008
-0.005750097
-0.004707942
-0.003996587
-0.003229114
-0.002209448
-0.001361045
-0.001020431
-0.001164452
-0.002204714
-0.004117577
-0.006167858
-0.008335383
-0.009930477
-0.01083368
-0.0108042
-0.01019877
-0.009170535
-0.007736424
-0.005877853
-0.003829242
-0.001438216
0.0009080637
0.001923943
0.002179438
0.002405015
0.001822879
-6.833725e-05
-0.00292518
-0.006395728
-0.009916693
-0.01317797
-0.01662557
-0.02013321
-0.02307392
-0.02522709
-0.02663615
-0.02721427
-0.02699018
-0.02585496
-0.02390263
-0.0216325
-0.01902385
-0.0165023
-0.01385831
-0.01083281
-0.007869605
-0.005468983
-0.003905111
-0.0028201
-0.001760962
-0.0002018302
0.0007995716
0.001163429
0.001019636
-0.000116292
-0.001968101
-0.004493472
-0.007612029
-0.01128804
-0.0138684
-0.01526985
-0.01628303
-0.01696912
-0.0164042
-0.01498102
-0.01362439
-0.01274711
-0.01228498
-0.01187985
-0.01122007
-0.01024093
-0.008971487
-0.007461623
-0.005409625
-0.002569918
0.0007353103
0.003721891
0.005230479
0.005349442
0.005080382
0.005028661
0.004840139
0.004116426
0.003453918
0.002487328
0.0008400799
-0.001070399
-0.00288654
-0.005120636
-0.00724741
-0.008569218
-0.01006628
-0.01219668
-0.01509464
-0.01766036
-0.01964509
-0.02107983
-0.02215572
-0.02227721
-0.02162392
-0.02111903
-0.0206213
-0.01983205
-0.01932523
-0.01973147
-0.02025992
-0.02083089
-0.02112235
-0.02110312
-0.02087798
-0.01982467
-0.01867721
-0.01800217
-0.01673366
-0.01346023
-0.009395149
-0.006472322
-0.005432394
-0.005007002
-0.004862091
-0.004967404
-0.005241778
-0.006326912
-0.00705144
-0.005968946
-0.004038157
-0.002172803
-9.561474e-05
0.001751609
0.003506223
0.004809571
0.005653831
0.006453766
0.007281714
0.007800857
0.009090941
0.01076686
0.01263737
0.01518303
0.01826811
0.0212687
0.02422376
0.02751571
0.03053715
0.03281973
0.03467116
0.03603857
0.0367731
0.03728086
0.03756383
0.03780771
0.03838367
0.03892887
0.03962102
0.03977489
0.03913689
0.03853357
0.03839628
0.03772329
0.03640967
0.03571148
0.03534023
0.03415811
0.03272178
0.03211929
0.03225986
0.03244612
0.03239435
0.03230645
0.03231002
0.03228544
0.03152987
0.02958531
0.0269482
0.02474237
0.02284923
0.02060069
0.01784325
0.01475245
0.01161151
0.008742226
0.00584859
0.002277125
-0.001895517
-0.006272844
-0.01064909
-0.01466654
-0.01752992
-0.01947442
-0.02087914
-0.02247118
-0.02370972
-0.02486213
-0.02551914
-0.02579238
-0.02547346
-0.02474857
-0.0240934
-0.02391604
-0.02417642
-0.02536261
-0.02682847
-0.0283335
-0.03028128
-0.03221272
-0.03385382
-0.03513481
-0.03528548
-0.03456191
-0.03345468
-0.03218538
-0.03170088
-0.03183522
-0.03176617
-0.03181331
-0.03227093
-0.03238102
-0.03164507
-0.03070578
-0.0299635
-0.02894405
-0.02796483
-0.02802331
-0.02859092
-0.02840713
-0.02807918
-0.02816351
-0.02910153
-0.02964024
-0.02951373
-0.02905967
-0.0285925
-0.02783168
-0.02674811
-0.02555957
-0.02417476
-0.02249444
-0.02034765
-0.01871268
-0.0173882
-0.01572445
-0.01354161
-0.0109907
-0.008383236
-0.00560188
-0.002495436
0.001287328
0.005362515
0.009045406
0.01223456
0.01504207
0.01779137
0.02047041
0.02322964
0.02668917
0.03044409
0.03364522
0.03645558
0.03938726
0.04244508
0.04549942
0.04811351
0.0499828
0.05152636
0.05355971
0.05618783
0.05800593
0.05840829
0.05841436
0.05845264
0.05853132
0.05830248
0.05738428
0.05579774
0.05475353
0.05413753
0.0529777
0.05132782
0.04906469
0.04589699
0.04234819
0.03903009
0.0367793
0.03570295
0.0349498
0.03390551
0.03309332
0.03234232
0.03045788
0.02707847
0.0228887
0.01859086
0.01450638
0.01039107
0.006842359
0.004327193
0.001967346
-0.0004886577
-0.002978366
-0.00552873
-0.007397922
-0.008974228
-0.01079941
-0.01275068
-0.01453712
-0.01683993
-0.01981611
-0.02299162
-0.02579089
-0.0282507
-0.03025038
-0.03245215
-0.03558406
-0.0387481
-0.04112322
-0.04303528
-0.04481011
-0.04642049
-0.04737855
-0.0476293
-0.04784179
-0.04782802
-0.04764127
-0.04704385
-0.04529722
-0.04265082
-0.03945866
-0.03665733
-0.0340274
-0.03135719
-0.02870649
-0.0259174
-0.02321577
-0.02061195
-0.01783939
-0.01481492
-0.01171571
-0.008880376
-0.00684454
-0.005367482
-0.003983121
-0.002483122
-0.00142238
-0.0001354036
0.0009689778
0.001336266
0.001451577
0.001881411
0.002694048
0.003235148
0.003447667
0.003167906
0.002631972
0.002131799
0.002245287
0.0032827
0.004899696
0.00680831
0.009061259
0.01134612
0.01365594
0.01527124
0.0160167
0.01628121
0.01738358
0.01892604
0.02071241
0.02204049
0.02241499
0.02218485
0.02176117
0.02168865
0.02082381
0.01949657
0.01877429
0.01847702
0.01816037
0.01821439
0.01865271
0.01895397
0.01892818
0.01879156
0.01880939
0.01910964
0.01876
0.01740864
0.01561178
0.0138996
0.01207565
0.01032349
0.009431475
0.009163452
0.008835121
0.007971665
0.006724446
0.005243732
0.003439231
0.001679638
1.534318e-05
-0.001515862
-0.003193596
-0.00534302
-0.007726222
-0.01013585
-0.01243328
-0.01462123
-0.01608063
-0.01683181
-0.01814585
-0.0194573
-0.01954167
-0.0194567
-0.02058431
-0.02199252
-0.02297329
-0.02327325
-0.02391235
-0.02461589
-0.02535277
-0.02545895
-0.02518696
-0.02467491
-0.02409743
-0.02293644
-0.02154004
-0.02063124
-0.02010408
-0.01928293
-0.01759134
-0.0160009
-0.01465164
-0.01367695
-0.01297135
-0.01256016
-0.01174432
-0.01047486
-0.009071978
-0.007574436
-0.006556475
-0.006197268
-0.00531576
-0.004708761
-0.005196268
-0.006781369
-0.008177921
-0.009224269
-0.01017477
-0.01173424
-0.01325905
-0.01448562
-0.01561311
-0.0163406
-0.01655047
-0.01690838
-0.01761543
-0.01780534
-0.01736038
-0.01655857
-0.01518376
-0.01325184
-0.01070991
-0.007983502
-0.00519993
-0.001955319
0.001936281
0.005894628
0.009128311
0.01115772
0.01258967
0.01368898
0.01429308
0.01438692
0.01396032
0.01363415
0.01491781
0.01694162
0.01870554
0.01974322
0.02027863
0.02047773
0.02074259
0.02084975
0.02057372
0.0195316
0.01859234
0.0182682
0.01787318
0.01726716
0.01671884
0.01677837
0.01725801
0.0175017
0.01743598
0.01769226
0.01904547
0.02035467
0.02095285
0.02104262
0.02185881
0.02305015
0.02293463
0.0217851
0.02202089
0.02303438
0.0232819
0.02312043
0.02306934
0.02313983
0.02316998
0.02336284
0.0237987
0.02353459
0.02252031
0.02182556
0.02173199
0.02104918
0.01996639
0.01898148
0.01811102
0.01686249
0.01517441
0.01313385
0.01022459
0.007088149
0.004990164
0.002714905
-0.0003347011
-0.003731269
-0.00699139
-0.01018222
-0.01284719
-0.01488473
-0.01701526
-0.01961826
-0.02239179
-0.02491389
-0.02740856
-0.02918141
-0.0307001
-0.03282186
-0.03469417
-0.03577536
-0.03650619
-0.03755187
-0.03863554
-0.0398019
-0.04173357
-0.04165797
-0.03986498
-0.03808227
-0.0364341
-0.03514429
-0.03390658
-0.03201189
-0.02984434
-0.02792337
-0.02538556
-0.02177217
-0.01783166
-0.01420586
-0.01067656
-0.007903199
-0.005822253
-0.003925321
-0.002465071
-0.00116712
-2.974438e-05
0.0009964317
0.001694021
0.002146296
0.002179755
0.001644419
0.0006366527
0.0004353395
0.00145165
0.002182082
0.002010406
0.001748086
0.001495416
0.001455142
0.002063946
0.002745652
0.003479336
0.004499893
0.00513616
0.00545294
0.005773053
0.00693875
0.008518623
0.00964144
0.009568132
0.009251853
0.009661196
0.01087636
0.01199037
0.01313959
0.01468463
0.01665545
0.01783626
0.01847274
0.01962356
0.02074799
0.0216874
0.02217253
0.0221284
0.02216552
0.02256662
0.02292188
0.02325572
0.02259827
0.0217412
0.0205193
0.01835916
0.01581885
0.01324819
0.01115821
0.009856136
0.008468262
0.006325819
0.003946564
0.002209474
0.001075685
-0.0005006459
-0.002463275
-0.003193251
-0.003069293
-0.003683788
-0.004401995
-0.004816887
-0.005039749
-0.004890646
-0.004159249
-0.003281063
-0.002089048
-0.001094265
-0.0004890884
4.972866e-05
0.001411907
0.003133683
0.004148069
0.004330693
0.004191727
0.003083161
0.001414236
0.0002798691
-0.0008054758
-0.002390163
-0.004083175
-0.00492028
-0.005590563
-0.006479133
-0.007162168
-0.007433307
-0.008299455
-0.009804604
-0.01158585
-0.01304871
-0.01381272
-0.01415885
-0.01414803
-0.01344695
-0.01340819
-0.01454182
-0.01573992
-0.01640277
-0.01653195
-0.01656104
-0.01717681
-0.01771955
-0.01791616
-0.01796363
-0.01756676
-0.01722753
-0.01690614
-0.01606929
-0.0144573
-0.01276359
-0.01102442
-0.009255114
-0.007520876
-0.005610274
-0.003547094
-0.001605931
-0.0002170204
0.001134788
0.002581822
0.003925732
0.005198693
0.006409995
0.007940825
0.009376171
0.01049288
0.01155478
0.01278619
0.0141291
0.01504126
0.01593332
0.01723443
0.01838259
0.01899609
0.01951099
0.0201661
0.02076531
0.02100598
0.02057824
0.01973889
0.01820885
0.01676642
0.01543923
0.01475994
0.01441877
0.01315137
0.01114608
0.008945279
0.007285485
0.006211398
0.005549842
0.004750843
0.004101039
0.00372746
0.003045641
0.002132528
0.0007022202
-0.0003216771
-0.000415673
-2.534488e-05
5.938459e-05
-0.0001273884
0.0002733243
0.0007363766
0.0007170896
0.000571535
0.0007008531
0.0008939506
0.0007950024
0.0007093652
0.0005350277
-0.0002280493
-0.001785335
-0.003031148
-0.004030218
-0.005568698
-0.007264277
-0.008724209
-0.01021348
-0.01184395
-0.01295333
-0.013187
-0.0125969
-0.01183051
-0.01119483
-0.01055377
-0.01028935
-0.01022706
-0.01005641
-0.009978973
-0.01010355
-0.01024922
-0.01005179
-0.009643002
-0.008649719
-0.008099765
-0.008998175
-0.01035532
-0.01119167
-0.01175943
-0.01259877
-0.01390495
-0.01513781
-0.015537
-0.01635601
-0.01733974
-0.01844942
-0.01983677
-0.02064304
-0.02041392
-0.01965276
-0.01835365
-0.01679502
-0.01497553
-0.01309949
-0.01108724
-0.008707567
-0.006801559
-0.005500866
-0.004017684
-0.002272118
-0.0007389947
0.0006155946
0.002319717
0.004450149
0.006430613
0.007546275
0.008687564
0.01014418
0.01150729
0.01246965
0.01378001
0.01526506
0.01693831
0.01802825
0.01830706
0.01876432
0.01970144
0.02054114
0.02097014
0.02100925
0.02090995
0.02114282
0.02222032
0.02324054
0.02328622
0.02226744
0.0216597
0.02240974
0.02347168
0.02366322
0.02358274
0.02364351
0.02377196
0.02367686
0.02256831
0.02160802
0.0217016
0.02168486
0.02113748
0.02064678
0.02014152
0.01951818
0.01885351
0.01827926
0.01765736
0.01699109
0.01580873
0.01462258
0.01370341
0.01284007
0.0117613
0.01060243
0.01004065
0.00954547
0.008592211
0.006856239
0.004930745
0.003327442
0.001472701
-0.0008674964
-0.003443091
-0.00561639
-0.00717444
-0.008619733
-0.009811332
-0.01107897
-0.01212457
-0.01262385
-0.01319774
-0.0137518
-0.01438156
-0.01506713
-0.0153442
-0.01485641
-0.01449133
-0.01533018
-0.01701872
-0.01826831
-0.01849317
-0.01843801
-0.01904888
-0.01981346
-0.02052036
-0.02100785
-0.02132086
-0.02128591
-0.02152507
-0.02151534
-0.02028644
-0.01863312
-0.01720083
-0.01608185
-0.01539017
-0.01448138
-0.01325589
-0.01253026
-0.01249577
-0.01242383
-0.01245648
-0.01267252
-0.01333053
-0.01459131
-0.01571495
-0.01610737
-0.0160134
-0.01577889
-0.0155402
-0.01541907
-0.01517954
-0.01445884
-0.01279142
-0.01063718
-0.00865995
-0.006903488
-0.005329863
-0.003532545
-0.00230284
-0.001494796
-0.0002552222
0.0007145476
0.0009275166
0.001012869
0.001100729
0.001979499
0.003115058
0.002623276
0.001202489
0.0009662725
0.002024158
0.003118361
0.003782562
0.004349222
0.00448266
0.004115043
0.003708557
0.003682532
0.004385953
0.005752106
0.006767436
0.007031885
0.006911464
0.007457595
0.008380187
0.009165034
0.009977165
0.01085935
0.01135993
0.01134145
0.01172655
0.01225275
0.01218151
0.01200257
0.01174032
0.01153197
0.01141514
0.01074837
0.009961828
0.009418527
0.009447308
0.009317468
0.00814476
0.006357432
0.004372834
0.002688333
0.0007598454
-0.001168478
-0.002660423
-0.003884826
-0.004679662
-0.005472908
-0.006699011
-0.007506846
-0.007345406
-0.007904579
-0.00949328
-0.01058737
-0.0104485
-0.009724171
-0.009570842
-0.01023198
-0.01031686
-0.009595826
-0.009244828
-0.009516826
-0.01006961
-0.01069848
-0.01054813
-0.009841611
-0.00891483
-0.00822869
-0.007493758
-0.006533035
-0.005676449
-0.00518428
-0.004347668
-0.002651116
-0.001086286
-0.0001210195
0.0009035924
0.001898519
0.002332826
0.002298698
0.002455058
0.003095522
0.004398711
0.005336202
0.005485112
0.00526723
0.005161727
0.005384166
0.006396886
0.006826684
0.00662544
0.006629841
0.007124634
0.007813489
0.008527648
0.009086536
0.009529607
0.009724226
0.00972474
0.009555694
0.009249312
0.009170262
0.008302765
0.006958286
0.006130316
0.005393244
0.004667656
0.004301123
0.004023624
0.003461208
0.002956726
0.003058248
0.003368933
0.003483757
0.003631715
0.00428746
0.004850583
0.004732121
0.004641017
0.004806964
0.004993284
0.005018494
0.004953525
0.004842883
0.004504953
0.004203244
0.003891022
0.00346329
0.002692702
0.001884693
0.0009969906
-1.049479e-05
-0.001316299
-0.002601222
-0.003728464
-0.004788325
-0.006207804
-0.007773562
-0.008824767
-0.009726805
-0.01086926
-0.01157743
-0.01195606
-0.01198032
-0.01233068
-0.0128449
-0.01356062
-0.01423507
-0.01475507
-0.01498535
-0.01468793
-0.01413029
-0.01457226
-0.01561427
-0.0161559
-0.01559136
-0.01426813
-0.01303764
-0.01242108
-0.01136121
-0.01027873
-0.009588103
-0.008833494
-0.008952686
-0.009104131
-0.008005481
-0.005946716
-0.004116749
-0.002853165
-0.001765194
-0.0007143744
0.00103697
0.002902142
0.004236066
0.005025024
0.005983628
0.00744015
0.008870395
0.01009107
0.01093975
0.01190168
0.01328783
0.01437157
0.01516219
0.01571686
0.01616476
0.01625132
0.01597518
0.01574702
0.01558712
0.01495737
0.01426402
0.01338372
0.01150272
0.009900395
0.009537332
0.009163535
0.008372295
0.007757417
0.007177723
0.007134089
0.007798081
0.007627998
0.007290997
0.007486646
0.00780681
0.007879545
0.007810455
0.008105346
0.008445958
0.008183305
0.007783088
0.007609192
0.006776679
0.006231599
0.007262878
0.009216583
0.00990211
0.009634146
0.009859051
0.01005904
0.009343008
0.009340172
0.01001348
0.009790616
0.008758736
0.008199825
0.007760938
0.007459771
0.007387172
0.007022481
0.00671079
0.006512085
0.005848459
0.004855558
0.003825696
0.00263423
0.001850947
0.001333006
0.0005798781
-0.0004001332
-0.0009525408
-0.001008674
-0.0009277615
-0.001443434
-0.002511819
-0.003045393
-0.003950849
-0.005125192
-0.005720705
-0.005818041
-0.00555613
-0.005621701
-0.006462206
-0.007187944
-0.006793759
-0.00568036
-0.005310002
-0.006042673
-0.006644273
-0.006326036
-0.005658942
-0.005503542
-0.006517476
-0.00742984
-0.006931851
-0.006424234
-0.006863217
-0.008013802
-0.0085736
-0.008901577
-0.009178331
-0.009754068
-0.009988167
-0.009831078
-0.009992968
-0.01039008
-0.01068812
-0.01103792
-0.011478
-0.01144002
-0.01125616
-0.01147875
-0.01174471
-0.01188934
-0.01205334
-0.01216596
-0.01220168
-0.01257397
-0.0129011
-0.01269656
-0.01255105
-0.01262822
-0.0127772
-0.0123452
-0.01101508
-0.009419735
-0.008119148
-0.007151223
-0.006223417
-0.005116395
-0.003791166
-0.003735036
-0.005560248
-0.007298106
-0.007972362
-0.007870714
-0.007635476
-0.00714256
-0.006325374
-0.005527824
-0.004749424
-0.004363186
-0.004597803
-0.004505288
-0.003505397
-0.001830177
-0.0003108506
0.0006680665
0.001900086
0.003245133
0.004475216
0.006071876
0.007728363
0.009234346
0.01098769
0.0129721
0.01466165
0.01596957
0.01662396
0.01689614
0.01737582
0.01791298
0.01897205
0.01975184
0.01988423
0.0196874
0.01945726
0.01858953
0.01767137
0.01694138
0.01614029
0.01522178
0.01494358
0.01465636
0.01377023
0.01307339
0.01283366
0.01221021
0.01082816
0.00952036
0.008856158
0.007559602
0.005085473
0.002301163
0.0004394112
-0.0006468024
-0.002089479
-0.003933524
-0.004690061
-0.004691214
-0.004777006
-0.005356625
-0.006505041
-0.00700897
-0.006486645
-0.006448521
-0.007059524
-0.007512671
-0.007517845
-0.007361444
-0.00707541
-0.007000075
-0.007224363
-0.006980795
-0.006052342
-0.006163131
-0.006738815
-0.006538715
-0.005919465
-0.005356073
-0.004671319
-0.003609823
-0.002919338
-0.002283323
-0.001443248
-0.001046819
-0.0009199021
-0.0006938399
-0.0002781228
0.0004766644
0.001180331
0.001614323
0.001583913
0.0009576266
0.000449461
-0.0003456404
-0.001474262
-0.002023436
-0.002155593
-0.001663101
-0.0009148964
-0.0005694693
-0.0006790037
-0.001127065
-0.00113487
-0.0003242405
0.0005864146
0.0007217967
0.0005931632
0.0008205752
0.0008573816
0.0001514696
-0.001062022
-0.001770777
-0.0019758
-0.002195924
-0.0024474
-0.003069255
-0.003796531
-0.004109621
-0.00387144
-0.003534284
-0.003411825
-0.003457584
-0.003091043
-0.002887135
-0.002699569
-0.002038893
-0.001447351
-0.001621012
-0.001908461
-0.001912103
-0.001670525
-0.001693383
-0.002360214
-0.00305264
-0.003541026
-0.003984901
-0.004463678
-0.005290827
-0.006371633
-0.007214124
-0.007490154
-0.007426895
-0.007358576
-0.007380631
-0.007618165
-0.007832726
-0.007613331
-0.00684741
-0.005855418
-0.005165749
-0.005206722
-0.005298749
-0.004663538
-0.003697823
-0.002942726
-0.002511355
-0.001831818
-0.0007579558
0.0003696666
0.00131724
0.001239517
0.0007296616
0.001026779
0.001829376
0.002273132
0.001998504
0.001624081
0.001717445
0.002028028
0.002166839
0.002635252
0.003327759
0.004206087
0.004728646
0.005009159
0.005615691
0.00639891
0.007293625
0.007765723
0.008202038
0.009257597
0.0106359
0.01187006
0.01262201
0.01356399
0.01500686
0.01646976
0.01765921
0.01912909
0.02075426
0.02136835
0.02189779
0.02293515
0.02418999
0.02528721
0.02587974
0.02574861
0.02568446
0.02577682
0.02503343
0.02352458
0.0224531
0.02120711
0.01961186
0.01770944
0.01608803
0.01436318
0.01232969
0.01043993
0.008351443
0.005473327
0.003444547
0.002613741
0.001520871
-0.0003579353
-0.002388098
-0.004380368
-0.006062534
-0.007009122
-0.007714294
-0.00844861
-0.009008044
-0.009277463
-0.00980129
-0.01034481
-0.01079981
-0.0109376
-0.01109663
-0.0115691
-0.01219427
-0.01245146
-0.01253027
-0.01307686
-0.01361524
-0.01385175
-0.01438143
-0.01514197
-0.01607552
-0.01664348
-0.01640335
-0.01657855
-0.01727275
-0.01824767
-0.01929299
-0.01996292
-0.02019878
-0.02074541
-0.02106192
-0.02069135
-0.02087104
-0.02194919
-0.02259053
-0.02295677
-0.0228518
-0.0229163
-0.02310928
-0.02284619
-0.02205979
-0.02110575
-0.01982653
-0.01931733
-0.01902264
-0.01777012
-0.01608709
-0.01519069
-0.01458318
-0.01388234
-0.0136178
-0.01331912
-0.01308868
-0.01258112
-0.01143347
-0.01074189
-0.01047264
-0.009994279
-0.009311647
-0.009031499
-0.008938423
-0.00843891
-0.008059077
-0.008241316
-0.00795461
-0.007021565
-0.006366789
-0.006326696
-0.00654163
-0.006633695
-0.006003655
-0.004848863
-0.004109629
-0.003680582
-0.002871507
-0.00120637
0.0009972713
0.003160446
0.004776689
0.006165262
0.007807624
0.00965114
0.01136989
0.01273784
0.01329998
0.01430787
0.01601511
0.0175351
0.01821553
0.01875943
0.02004594
0.02183727
0.0224479
0.02203241
0.02199346
0.02297578
0.02424328
0.02492103
0.02523402
0.02491526
0.02485814
0.02508391
0.0251045
0.02473085
0.0241232
0.02380395
0.02380924
0.02359165
0.02316211
0.02335474
0.02318722
0.02264766
0.02189557
0.0206189
0.01902134
0.01786731
0.01733844
0.01625225
0.01497835
0.01437161
0.01348148
0.01245101
0.01172466
0.01106422
0.009928483
0.008794535
0.008031798
0.007034992
0.006032857
0.005383944
0.005239783
0.005033104
0.003771997
0.00241145
0.001882501
0.0013975
0.0002222611
-0.0008744975
-0.001350321
-0.002163345
-0.003380775
-0.004310922
-0.005173988
-0.006081899
-0.005760897
-0.005224813
-0.004703023
-0.003954235
-0.003072905
-0.002198944
-0.001524053
-0.001596502
-0.001727438
-0.001796913
-0.002345675
-0.002924593
-0.003111928
-0.003024256
-0.002944771
-0.002961416
-0.003001121
-0.003007211
-0.002986501
-0.002833309
-0.003334463
-0.003978877
-0.004291077
-0.004155063
-0.004101251
-0.004204638
-0.00455099
-0.005304568
-0.005704376
-0.005860172
-0.005448469
-0.00484772
-0.004671111
-0.004383092
-0.004070397
-0.00438012
-0.00509179
-0.005174344
-0.005844817
-0.00733609
-0.00907726
-0.0103927
-0.01083043
-0.01075625
-0.01127722
-0.01232616
-0.01293687
-0.01284475
-0.01315199
-0.01415617
-0.01495877
-0.01489267
-0.01459018
-0.01475643
-0.015289
-0.01517832
-0.01468544
-0.01492763
-0.0153245
-0.01522283
-0.01506261
-0.01505104
-0.01508857
-0.01466165
-0.01417824
-0.01396421
-0.01362837
-0.01311334
-0.01280227
-0.01221193
-0.0109484
-0.009238294
-0.007963554
-0.006686763
-0.005323671
-0.003811393
-0.002655019
-0.001481856
-0.0002165558
0.001109694
0.002394057
0.003471453
0.003955358
0.004237546
0.004649091
0.005062646
0.00524895
0.005592192
0.005231034
0.004137629
0.003265198
0.003073535
0.003085352
0.002540617
0.002328892
0.00268688
0.003006553
0.003126451
0.003670087
0.004303188
0.004909935
0.005555982
0.006174319
0.006531041
0.006705906
0.007042609
0.007458817
0.007726523
0.007497063
0.007219599
0.006964149
0.006292938
0.005451448
0.00457277
0.00430995
0.003925451
0.003186934
0.002013648
0.001049609
0.0006751769
0.0001975489
-0.0004884987
-0.001196414
-0.001918037
-0.002242199
-0.002476142
-0.002725842
-0.00339667
-0.004098444
-0.004166021
-0.004079578
-0.004091184
-0.004033832
-0.00374966
-0.002942318
-0.00202775
-0.001508294
-0.0008437962
-0.0007876437
-0.0009786495
-0.0009143536
-0.001127892
-0.001548905
-0.002085612
-0.002810069
-0.003629866
-0.004421977
-0.004758117
-0.004734572
-0.005312742
-0.006069402
-0.005993168
-0.005241271
-0.005042164
-0.005307236
-0.005272494
-0.005088872
-0.005228339
-0.005453258
-0.005095411
-0.004906055
-0.00481745
-0.004514569
-0.004261131
-0.004243558
-0.00434707
-0.004400653
-0.004383226
-0.004358664
-0.004356957
-0.004134866
-0.003682139
-0.003131355
-0.002790095
-0.002696373
-0.00266163
-0.002436023
-0.002229532
-0.001942558
-0.001512452
-0.001335567
-0.001582208
-0.001576604
-0.001130914
-0.0007570605
-0.0001188033
0.001017577
0.002233237
0.002845116
0.003016859
0.00299142
0.003242295
0.00336457
0.002872953
0.001991757
0.001692691
0.002257392
0.002952605
0.003489544
0.003449023
0.003686102
0.004842578
0.00607745
0.006947632
0.007562111
0.007859877
0.008368309
0.009150241
0.009883902
0.01040288
0.01077892
0.0111237
0.01132059
0.01134465
0.01187009
0.01295311
0.01388595
0.01411432
0.01395084
0.013867
0.01415869
0.01460548
0.01456745
0.01413177
0.0138708
0.0138717
0.01394284
0.01391869
0.01360768
0.01330299
0.01243886
0.01130241
0.01070792
0.01072184
0.01089146
0.01050285
0.009407639
0.008843976
0.008338969
0.006930294
0.005120024
0.003609421
0.0023565
0.001546268
0.001028907
0.0005513077
8.118642e-06
-0.0003659176
-0.0004519807
-0.0007404035
-0.001121721
-0.0006024671
0.0003363754
0.0007936334
0.0005716218
0.0001165812
-4.32644e-05
5.147874e-05
0.0002380441
0.0004606079
0.0007161386
0.001236992
0.001294563
0.0005277188
0.0001769013
0.0004753569
0.0005177215
-0.0004121852
-0.001209424
-0.001476813
-0.001569321
-0.001776063
-0.002098485
-0.002031076
-0.002086414
-0.002116195
-0.002246848
-0.002232611
-0.002417257
-0.002743611
-0.002839088
-0.003360919
-0.003438521
-0.003087742
-0.003643574
-0.004685372
-0.00464643
-0.003781316
-0.003721698
-0.00466345
-0.005488281
-0.005626678
-0.005608384
-0.006127119
-0.00619476
-0.005785275
-0.005514268
-0.005702737
-0.006542083
-0.007144273
-0.007521186
-0.007129704
-0.006258422
-0.005783016
-0.005715841
-0.005638366
-0.005788595
-0.005997363
-0.006118092
-0.006032014
-0.005262903
-0.004198935
-0.00380166
-0.004170197
-0.004026887
-0.003635665
-0.003388961
-0.003322094
-0.003789173
-0.003766576
-0.003157628
-0.003181775
-0.00337244
-0.003365012
-0.003247737
-0.003432052
-0.003589639
-0.003466358
-0.003287624
-0.002726801
-0.002286537
-0.001722512
-0.0009053155
-0.000371439
-0.0005092876
-0.0005803685
-0.0004314974
-0.000372741
-0.001222944
-0.002179837
-0.002059506
-0.001242244
-0.0007817627
-0.001033492
-0.0009431148
-0.0005729767
-0.0003746164
-0.0001473597
0.0002051757
-2.749165e-05
-0.0004846645
-0.0004255806
0.0003766726
0.001028941
0.001317042
0.001783932
0.001978314
0.002113806
0.002475622
0.003269499
0.003839711
0.00390367
0.003543539
0.003040128
0.002516374
0.002179407
0.002069081
0.002071532
0.002060829
0.001988013
0.001922722
0.002370453
0.003133163
0.003687848
0.004322397
0.004797135
0.004913716
0.004818859
0.004742036
0.004868787
0.005147783
0.005012464
0.004715488
0.00459256
0.004513491
0.0042761
0.00405925
0.004018786
0.003213797
0.001900467
0.001080755
0.0003698466
-0.0004834119
-0.001272074
-0.002080121
-0.002810383
-0.002970305
-0.003346112
-0.003763306
-0.004345452
-0.005174065
-0.005409105
-0.005463561
-0.005861851
-0.006066402
-0.005955584
-0.006007737
-0.006265385
-0.006072049
-0.005958348
-0.005784258
-0.005296195
-0.004732076
-0.004522828
-0.004948599
-0.004913429
-0.0045293
-0.004190796
-0.004363476
-0.005243547
-0.005410433
-0.00525297
-0.005476761
-0.005544879
-0.005371046
-0.005809867
-0.006222537
-0.006000798
-0.005729633
-0.005628749
-0.005493902
-0.00542295
-0.005723776
-0.005438633
-0.005043605
-0.004721957
-0.004324037
-0.003607819
-0.003331306
-0.003430563
-0.003578934
-0.003286348
-0.002345226
-0.001979316
-0.002433924
-0.003129427
-0.003589115
-0.002966378
-0.002501733
-0.002787377
-0.002856967
-0.001908919
-0.001039562
-0.0008952952
-0.0008086662
-0.0003998963
-3.408926e-05
5.075042e-05
-0.0003345022
-0.0008562698
-0.0006060503
-0.0001010023
7.278631e-05
-1.763382e-05
0.0001659957
0.0005883924
0.00050831
0.000909796
0.001628351
0.002186219
0.002388046
0.00221899
0.002258419
0.002567391
0.002758943
0.002741349
0.002666078
0.002615648
0.002590567
0.002551643
0.002572685
0.003103143
0.003709052
0.003680191
0.003840558
0.00442696
0.005114664
0.005404215
0.005345849
0.005236459
0.005211152
0.005217091
0.005202454
0.005260103
0.005847735
0.006509996
0.006733971
0.006612056
0.006085655
0.005319493
0.005294931
0.006055377
0.006597585
0.006589072
0.006417139
0.006873664
0.007765742
0.008380075
0.008726294
0.009158337
0.009544039
0.00966047
0.009615161
0.00954764
0.009285078
0.009034245
0.008528928
0.008122039
0.007958995
0.007724565
0.007789792
0.007567004
0.006291383
0.005077821
0.004751141
0.004956861
0.005088979
0.005031511
0.0046675
0.00415007
0.003487107
0.002971919
0.003457711
0.004055413
0.00388152
0.003734391
0.004101725
0.005137473
0.005670348
0.005249857
0.004746042
0.004621314
0.004460365
0.004520002
0.004687022
0.004492803
0.004194216
0.003689251
0.003488658
0.002802051
0.001912349
0.002040455
0.003045935
0.003247536
0.002563606
0.001968569
0.001686939
0.001655406
0.001673666
0.001347483
0.0002295327
-0.0009807316
-0.001252258
-0.0007322978
-0.0004531833
-1.286982e-05
0.0009864521
0.001702567
0.00179823
0.001735048
0.002308184
0.002890808
0.003160006
0.003014762
0.002904704
0.002895647
0.002955773
0.002962506
0.003087932
0.003247395
0.00259635
0.001754661
0.001026041
0.0003387599
-0.0004007761
-0.001167606
-0.001443096
-0.001278334
-0.002002196
-0.003740599
-0.004990585
-0.005215517
-0.005641211
-0.007068376
-0.008295363
-0.008595441
-0.008445217
-0.008695536
-0.009107988
-0.009715983
-0.009730291
-0.009133405
-0.008735678
-0.00862493
-0.00837995
-0.007709066
-0.006639385
-0.005967159
-0.005715951
-0.005165443
-0.004428228
-0.003693436
-0.003371999
-0.003208535
-0.003366445
-0.003368757
-0.003148119
-0.002985938
-0.002979466
-0.003011364
-0.003021979
-0.003018711
-0.003017569
-0.003020507
-0.003022033
-0.00302063
-0.003171391
-0.003398132
-0.003273121
-0.003037277
-0.002950108
-0.002977617
-0.002766109
-0.0023675
-0.001178709
-0.0003617597
4.886475e-05
0.0005890727
0.0005570637
0.000172266
0.0006456318
0.001480592
0.001756758
0.001544215
0.001522548
0.00172103
0.00164572
0.001197265
0.0003422486
-0.0002355858
-0.0003201391
-0.0002103324
-0.0002296698
-0.0008332451
-0.00144327
-0.001683894
-0.001905932
-0.00231047
-0.002565707
-0.002510537
-0.002111632
-0.001327488
-0.0006428534
-0.000452949
-0.0005539554
-0.0006353732
-0.0006500022
-0.0006536753
-0.0006665943
-0.0007801899
-0.001329623
-0.00140052
-0.001273283
-0.001588952
-0.001824141
-0.002065023
-0.002628818
-0.003445629
-0.004175136
-0.004686882
-0.0054987
-0.006468153
-0.006929447
-0.006997081
-0.00726622
-0.008269054
-0.00942595
-0.009750364
-0.009917628
-0.01086173
-0.01230805
-0.01285892
-0.01281782
-0.01284828
-0.01300148
-0.01307487
-0.01281317
-0.01200256
-0.01135097
-0.0119832
-0.01275983
-0.01285416
-0.01250363
-0.01180208
-0.01097209
-0.01071397
-0.01063975
-0.01047608
-0.01016043
-0.009978252
-0.009983742
-0.01003578
-0.009731342
-0.00860678
-0.007301701
-0.006760936
-0.006782298
-0.006224538
-0.00487202
-0.003776472
-0.003002565
-0.002747673
-0.002655185
-0.002100811
-0.001232876
-0.0007698902
-0.0007699051
-0.000607897
-0.0001067904
0.0004619921
0.0008518408
0.001484985
0.00203879
0.002362632
0.002542586
0.0026486
0.003140472
0.004303958
0.004647488
0.004068652
0.004042458
0.004721113
0.005234035
0.00545554
0.005489317
0.005285808
0.005396394
0.006173357
0.007211556
0.006977599
0.006823699
0.00786092
0.009328968
0.00999696
0.01021931
0.01074572
0.0112502
0.01138107
0.01127585
0.01119009
0.01092253
0.01072922
0.01038924
0.01029807
0.01040919
0.01076599
0.01112903
0.01123129
0.01113776
0.01107364
0.0111097
0.01090768
0.0101589
0.009551017
0.009453153
0.009520859
0.009020776
0.008219545
0.007849966
0.00784449
0.007393344
0.006404573
0.00531701
0.004831182
0.00489256
0.005036772
0.005041019
0.004877734
0.004107746
0.002786018
0.001937842
0.002022078
0.002147045
0.002022822
0.001866607
0.001843254
0.001883417
0.001669145
0.001228206
-1.249374e-05
-0.0009527232
-0.001004901
-0.001000992
-0.001673164
-0.002625436
-0.003541041
-0.004223503
-0.004747419
-0.005184994
-0.005326191
-0.005581241
-0.006098124
-0.0064624
-0.006871552
-0.006962402
-0.007120824
-0.007318187
-0.00740813
-0.007390996
-0.007356859
-0.007353178
-0.007364684
-0.007368089
-0.007360299
-0.006997225
-0.006547906
-0.006578594
-0.006633038
-0.006274874
-0.005915781
-0.00582981
-0.006119621
-0.006435602
-0.006805683
-0.007304624
-0.007587774
-0.007267225
-0.006151178
-0.00563756
-0.006173395
-0.00722908
-0.007720791
-0.007212602
-0.0068893
-0.006654783
-0.006326631
-0.006024303
-0.005391955
-0.005103572
-0.005403831
-0.005384404
-0.004161477
-0.002440777
-0.001516885
-0.001139775
-0.0009033596
-0.0001599791
0.000919901
0.001416243
0.00132331
0.00132685
0.001773093
0.002685301
0.003116186
0.002955471
0.003208348
0.003949875
0.004668431
0.004937641
0.005797947
0.006910659
0.007416945
0.00733612
0.007168989
0.007640622
0.008585156
0.008643981
0.007783943
0.008008505
0.009139637
0.009896158
0.01004652
0.009938312
0.009884424
0.009886292
0.009907038
0.0104496
0.0117428
0.01211192
0.01129799
0.01074652
0.01112298
0.01213895
0.01255224
0.01255204
0.01257894
0.01266127
0.01254181
0.01190488
0.01079438
0.01031476
0.0105066
0.01100973
0.01140636
0.0102969
0.009001617
0.008903535
0.009304795
0.009008106
0.008752772
0.008968061
0.009000781
0.008979267
0.008723105
0.008512141
0.008677615
0.008421908
0.008027887
0.007737614
0.007514328
0.007739151
0.00775271
0.006696743
0.005719057
0.00551439
0.005959202
0.005982076
0.004585701
0.002863052
0.002157212
0.002310633
0.002541116
0.002538914
0.002437271
0.002400121
0.002466506
0.002958029
0.003227959
0.002837784
0.002409902
0.002327329
0.002426459
0.002430894
0.002103041
0.001811104
0.001108167
0.000245348
-0.0004326885
-0.001003661
-0.002250478
-0.002672648
-0.001930371
-0.001687373
-0.002350254
-0.0033619
-0.003279568
-0.002545527
-0.002404605
-0.002940196
-0.003537395
-0.004176551
-0.004849138
-0.005104059
-0.005481991
-0.005551726
-0.005364577
-0.005234481
-0.005525727
-0.005654091
-0.005405101
-0.005178185
-0.004923254
-0.004802649
-0.004500169
-0.004251422
-0.004087678
-0.004354491
-0.00481733
-0.005094878
-0.005282442
-0.005374024
-0.005390845
-0.005385822
-0.005406779
-0.005174707
-0.004950807
-0.004162895
-0.003369626
-0.004078221
-0.0052699
-0.005348889
-0.004472452
-0.004282406
-0.005075282
-0.00533862
-0.005036753
-0.005175366
-0.005565315
-0.005894133
-0.00641353
-0.006371441
-0.005946852
-0.005695792
-0.005742973
-0.00587565
-0.005910799
-0.005900596
-0.005910525
-0.005959357
-0.006015741
-0.006048556
-0.006086735
-0.006118133
-0.006127309
-0.006121752
-0.006115814
-0.005936246
-0.005428463
-0.005322977
-0.005094386
-0.004714354
-0.004196231
-0.003700052
-0.003528837
-0.003538641
-0.003535728
-0.003244075
-0.003142874
-0.003333686
-0.003259794
-0.003039336
-0.002929071
-0.002955199
-0.003043584
-0.003367048
-0.003551022
-0.003052646
-0.002588975
-0.003091198
-0.003546602
-0.003487366
-0.003068417
-0.002772197
-0.002523259
-0.002186904
-0.002250346
-0.002286017
-0.002006889
-0.001982993
-0.002939158
-0.003606633
-0.00283394
-0.002107569
-0.002206097
-0.002627309
-0.002893042
-0.003182705
-0.003194349
-0.003518126
-0.004151944
-0.004259092
-0.003838386
-0.003779781
-0.003834015
-0.003354776
-0.00284019
-0.002882983
-0.002951163
-0.003095217
-0.002802944
-0.002433566
-0.002106548
-0.001926547
-0.001893662
-0.00191289
-0.00191859
-0.002106845
-0.002310285
-0.002150304
-0.001930438
-0.001891497
-0.001958947
-0.001979488
-0.002008759
-0.002090653
-0.002157104
-0.001275396
-0.0007863169
-0.001436866
-0.002126924
-0.001759728
-0.0009072593
-0.000987471
-0.001098576
-0.0001535267
0.0008234183
0.001038032
0.0007901796
0.0006500494
0.0009527829
0.002248728
0.003799752
0.005215211
0.006365854
0.006892739
0.006885446
0.006758214
0.00671453
0.006862281
0.007243324
0.007522117
0.00783817
0.00813251
0.008686804
0.009220214
0.008833573
0.007664958
0.006613153
0.00631756
0.006292308
0.006147886
0.006048928
0.005539271
0.00499836
0.004793268
0.004849229
0.004769453
0.004095007
0.003607206
0.003942743
0.004019437
0.003640508
0.003322708
0.003302378
0.003394828
0.003125459
0.002981821
0.002929786
0.001930969
0.000531766
-0.0004307273
-0.0008916108
-0.001690672
-0.002704834
-0.00322104
-0.003366956
-0.00393781
-0.004630682
-0.005361584
-0.006101199
-0.006477681
-0.006520086
-0.006377051
-0.005755711
-0.005026378
-0.004484672
-0.00422212
-0.004225967
-0.004076482
-0.003887636
-0.003983353
-0.004765715
-0.005546267
-0.005797694
-0.005704131
-0.006038054
-0.00688555
-0.007474118
-0.007558663
-0.007446946
-0.007447123
-0.007559338
-0.007653876
-0.007660139
-0.007375967
-0.007126622
-0.006468273
-0.005781257
-0.005169942
-0.004732628
-0.00460514
-0.004567762
-0.004251991
-0.003713357
-0.00317509
-0.002436782
-0.001483993
-0.0008112275
-0.0005713294
-0.0004374669
-0.0002425944
0.00041147
0.001074782
0.00164223
0.002649869
0.003800843
0.004340393
0.004289657
0.003877903
0.00372486
0.004429048
0.005813802
0.00667347
0.006961194
0.007125661
0.00727022
0.007338017
0.007329482
0.007305976
0.007304027
0.007314738
0.007320567
0.007319483
0.007318229
0.007319851
0.007322479
0.007324229
0.00732524
0.007325588
0.007282012
0.007207282
0.007170896
0.00715025
0.007235258
0.007947897
0.00928183
0.01024393
0.01038642
0.01013572
0.009651616
0.008953865
0.008428241
0.007990709
0.007745338
0.007483343
0.007259771
0.007666825
0.007950883
0.007452606
0.006763757
0.005980664
0.005053111
0.004359074
0.004039226
0.003818832
0.003679748
0.003549511
0.003087491
0.001856933
0.0006556947
0.0006146685
0.00118841
0.001029385
0.0004963125
0.0002353256
0.000276738
7.841475e-05
-8.692501e-05
-4.624104e-05
-0.0005937923
-0.001562242
-0.001862664
-0.001942112
-0.002238482
-0.002310655
-0.00190135
-0.001548252
-0.001754414
-0.001760866
-0.001477482
-0.00142677
-0.001613116
-0.002038219
-0.002213622
-0.001986766
-0.001766999
-0.001758606
-0.001820848
-0.00172786
-0.001067287
-0.0003974038
-0.000203425
-0.0002883884
-0.0003481962
-0.0001054886
0.0004781699
0.001675706
0.002672319
0.002915547
0.00274555
0.002636628
0.002682013
0.002743433
0.002722568
0.002670769
0.002651096
0.002600045
0.002540729
0.002321481
0.001499172
0.00145945
0.002123083
0.002563517
0.002129189
0.0007573029
-0.0005920797
-0.001089392
-0.001006995
-0.0009340886
-0.001375647
-0.002264346
-0.002893946
-0.003562713
-0.004180509
-0.004438139
-0.004410781
-0.004382057
-0.00478259
-0.005600224
-0.006220528
-0.006577231
-0.006790435
-0.007073167
-0.007384706
-0.007712147
-0.007874166
-0.007873933
-0.00784123
-0.007875857
-0.007935921
-0.007980486
-0.00800241
-0.008014505
-0.007933124
-0.007316992
-0.00626257
-0.005273285
-0.004897826
-0.004957097
-0.005074354
-0.005108867
-0.005068139
-0.005025885
-0.005018926
-0.005034249
-0.005055217
-0.005046156
-0.005009955
-0.004992582
-0.004991365
-0.004976495
-0.004947689
-0.004963741
-0.00499923
-0.004985554
-0.004954073
-0.004721721
-0.004622596
-0.004816831
-0.005022012
-0.005081818
-0.00505782
-0.004928217
-0.004203075
-0.003007262
-0.00237728
-0.002154712
-0.002079878
-0.002067384
-0.002107455
-0.002076909
-0.001829293
-0.001829597
-0.001376112
-0.0002308873
0.0003355799
8.031961e-05
0.00012966
0.0004797166
0.0006845159
0.0005787483
0.0004042122
0.0003581842
0.0003887641
0.0003426415
0.0006880802
0.001931122
0.002397753
0.001668173
0.001173961
0.001304163
0.001569228
0.001472329
0.001230975
0.00195851
0.002895433
0.003187302
0.002875077
0.001647019
0.000770445
0.001603818
0.002790305
0.003180593
0.002958634
0.002750341
0.002785149
0.002902045
0.002945099
0.002894541
0.002868455
0.002868178
0.002890544
0.002852712
0.002386384
0.002101797
0.002290566
0.002147915
0.001837288
0.001467646
0.001269504
0.0007952127
5.599245e-05
-0.0003277058
-2.313611e-05
0.0001468154
-7.114628e-05
-0.0002994329
-0.0002983668
-4.414015e-05
0.0003984523
0.0009523072
0.001347434
0.001471502
0.00191636
0.002600826
0.002954256
0.002878589
0.002673177
0.002599508
0.002636655
0.002640328
0.00260391
0.002565051
0.002548137
0.002517905
0.002471515
0.002414093
0.00236491
0.00204959
0.001339187
0.001347192
0.001976954
0.002393252
0.002374836
0.002233344
0.002200738
0.002215379
0.002197948
0.002162424
0.002121017
0.001748514
0.001211253
0.0008348919
0.000605602
0.000504414
0.0003822294
0.0003258204
0.0002387408
-0.000251823
-0.0009291109
-0.001301635
-0.001346198
-0.001298821
-0.001298411
-0.0013287
-0.001366884
-0.001407469
-0.001438755
-0.001728708
-0.001827277
-0.001640183
-0.00147984
-0.001461623
-0.001491767
-0.001503424
-0.0008592001
0.0004308214
0.0007456596
0.0002590395
-8.837095e-05
-2.445602e-05
0.0001450303
0.0001952979
0.0004001066
0.0008765882
0.0009807275
0.001278492
0.001203984
0.0002636866
0.0003716858
0.001335787
0.001967178
0.001951083
0.001726675
0.001651356
0.001702004
0.001750775
0.001753981
0.001713579
0.001804314
0.002191619
0.002892571
0.003833342
0.003923208
0.00380118
0.00420827
0.00467067
0.004808056
0.004719341
0.004619798
0.004572928
0.004527425
0.004242164
0.004210848
0.004366761
0.003989587
0.0035081
0.003615769
0.003669039
0.003023078
0.00244042
0.002607884
0.003121465
0.003180647
0.00295143
0.002925307
0.003590373
0.003870873
0.002705361
0.001415348
0.001052364
0.001165064
0.0006658116
-6.491608e-05
-0.0005530101
-0.00118652
-0.001714611
-0.001883898
-0.002294529
-0.003630208
-0.003761406
-0.003030489
-0.003613264
-0.004775668
-0.005308309
-0.005228396
-0.005071507
-0.005102618
-0.005200878
-0.005331939
-0.005949538
-0.006402348
-0.006222508
-0.006002721
-0.006141217
-0.00640951
-0.006494699
-0.006692861
-0.006877767
-0.006719532
-0.007141675
-0.008122501
-0.008676726
-0.008407404
-0.00753726
-0.007133445
-0.007025337
-0.006271727
-0.005518318
-0.005307495
-0.005446397
-0.005550745
-0.005521089
-0.005473677
-0.005728977
-0.005885067
-0.005691411
-0.005500571
-0.005470424
-0.005544966
-0.00559856
-0.00559518
-0.005576413
-0.005574949
-0.005612559
-0.00566677
-0.005709043
-0.005720249
-0.005743164
-0.005746374
-0.005264047
-0.00400879
-0.002854335
-0.002524353
-0.002687602
-0.002806698
-0.002787298
-0.002707559
-0.002196008
-0.001198209
-0.0001242192
0.0003565117
0.0003284235
0.0002118608
0.0002059151
0.0002420221
0.0003447629
0.0006101936
0.0005853941
0.000662443
0.001414761
0.002402795
0.002931852
0.003091291
0.003101607
0.003110258
0.003252719
0.003904279
0.004939722
0.005898338
0.006254201
0.006151989
0.006183375
0.006652911
0.007760969
0.008917397
0.009382201
0.009290124
0.009110699
0.009284805
0.00958515
0.009493754
0.009255306
0.009163622
0.009211818
0.009247574
0.009228813
0.009145217
0.008270882
0.007145609
0.007610596
0.008645533
0.008785431
0.007999709
0.007068944
0.00647087
0.006146002
0.006036798
0.006025223
0.005694923
0.004857341
0.00397592
0.003349776
0.003006184
0.00291695
0.002838866
0.00245381
0.00151472
0.0002993361
-0.0003089528
-0.0002794716
-0.0001132686
-0.0001066513
-0.0006010236
-0.00139023
-0.001643723
-0.002038554
-0.002145685
-0.002013211
-0.002034004
-0.002142314
-0.001637872
-0.001066637
-0.001377752
-0.001962172
-0.001510741
-0.0004893896
-0.0005660704
-0.002079738
-0.003298374
-0.003455004
-0.003149391
-0.003027403
-0.003124351
-0.003163971
-0.002841514
-0.00278891
-0.003032357
-0.003216371
-0.003174393
-0.002355049
-0.0008853926
-6.966912e-06
2.389723e-05
-0.000202504
-0.0002548532
-0.0001711577
-0.0001220346
-0.0001462219
-0.0001970507
-0.0002149162
-0.0001854871
-0.0001602292
-0.0001891265
-0.0002060835
-0.0001817011
-0.0001618304
-0.000197863
-0.0002277266
-0.000198181
-0.0001642599
-0.0001715484
-0.0001765728
-0.0001667972
-0.0001630533
-0.000202023
-0.0002276159
-0.0002029751
-0.0001891954
-0.0002178962
-0.0002551644
-0.0002671424
-0.0002690787
-0.0002986719
-0.0003080816
-0.000324299
-0.0003569311
-0.0005441178
-0.001272422
-0.001829766
-0.001854633
-0.002224081
-0.002906574
-0.00330486
-0.003531522
-0.003744024
-0.00386973
-0.003898343
-0.003917177
-0.003946383
-0.003964327
-0.003974483
-0.004005959
-0.004057043
-0.004050241
-0.003734514
-0.003190091
-0.002380446
-0.00167628
-0.001920252
-0.001988866
-0.001439967
-0.001383458
-0.001477173
-0.001193724
-0.0008620784
-0.0007531178
-0.0007753187
-0.0008019883
-0.0007941889
-0.000765302
-0.0007513863
-0.0007550491
-0.000760588
-0.0007604247
-0.0007607217
-0.0007826813
-0.0008352211
-0.0008978754
-0.0009450426
-0.0009621145
-0.0009789178
-0.0009615016
-0.000711788
-0.000750453
-0.0006932003
0.0003519683
0.0007765505
4.935025e-05
-0.0004738916
-0.0001651051
0.0004952795
0.0005142731
0.0003971419
0.0009205715
0.001518947
0.001683808
0.001509849
0.001376999
0.001744245
0.00310328
0.004348733
0.004686707
0.004484316
0.004335734
0.004334555
0.004340436
0.004257948
0.003930189
0.003702376
0.00348455
0.002841017
0.002100744
0.001718855
0.001419327
0.001193126
0.001103948
0.001081108
0.001060239
0.001040758
0.001099307
0.001670272
0.002377488
0.002928597
0.003585995
0.003991666
0.004031251
0.003935698
0.003896212
0.003887522
0.003859505
0.003797136
0.003742826
0.003726609
0.004000212
0.005124846
0.00630904
0.006260692
0.005718246
0.005991902
0.006572552
0.006768539
0.006607315
0.006434592
0.006428474
0.006456384
0.006425999
0.006243118
0.005114066
0.004469856
0.005198366
0.005843684
0.006070256
0.006071629
0.006065672
0.006087272
0.006071418
0.005804326
0.005603792
0.005345022
0.005245349
0.005559602
0.005475831
0.004619671
0.003512315
0.002834937
0.002745572
0.0028864
0.002917192
0.002841596
0.002784988
0.002785795
0.002761173
0.002260734
0.002074225
0.002380464
0.002159949
0.001489415
0.001087492
0.001101054
0.001148804
0.0008205067
0.0007353457
0.0008460366
0.0006960389
0.00075416
0.00146937
0.002204141
0.001901181
0.001313326
0.001570258
0.001847239
0.001021704
-0.000302743
-0.0004632769
0.000234462
0.0001882419
-0.0006093119
-0.00115882
-0.001159219
-0.0009905515
-0.0009587446
-0.001031868
-0.001065055
-0.001236107
-0.001936674
-0.003018441
-0.003858351
-0.004045983
-0.003927168
-0.003853151
-0.003867765
-0.003893766
-0.003907973
-0.003913232
-0.003954172
-0.004460369
-0.005423291
-0.00650816
-0.007071879
-0.007086314
-0.006979964
-0.007003951
-0.007091382
-0.007312698
-0.007541474
-0.007480033
-0.008019729
-0.009202763
-0.009773648
-0.009225215
-0.008781292
-0.008824316
-0.008953563
-0.008729579
-0.008456533
-0.007965419
-0.00766087
-0.008313635
-0.009742014
-0.01060992
-0.01063266
-0.01039473
-0.01031165
-0.01016527
-0.00970984
-0.008623792
-0.007623337
-0.008118718
-0.008921289
-0.008381653
-0.007389126
-0.006954168
-0.007041683
-0.007172124
-0.007127914
-0.007004923
-0.00691316
-0.006900284
-0.00689155
-0.006818611
-0.0067387
-0.006720189
-0.006710972
-0.006643159
-0.006577474
-0.006558944
-0.006545962
-0.006504722
-0.006096805
-0.005371288
-0.004597505
-0.003913186
-0.003607503
-0.003593128
-0.003646636
-0.003639201
-0.003208199
-0.002242322
-0.001410638
-0.0009554994
-0.000849157
-0.0008861411
-0.000900057
-0.0005582702
0.0004328678
0.001506346
0.001939184
0.001826014
0.001665892
0.00165549
0.00189968
0.001998154
0.001793815
0.001872265
0.002467403
0.003007522
0.003366572
0.002796255
0.002357939
0.002974563
0.003820981
0.004060056
0.003836887
0.003633915
0.003624536
0.003586495
0.003328199
0.003307794
0.003192054
0.002743254
0.002788897
0.003234577
0.003505911
0.00347064
0.003351488
0.003072469
0.00269131
0.002625407
0.002947858
0.003057036
0.003123328
0.003163357
0.002829264
0.002720906
0.003037433
0.003147717
0.003051414
0.003105435
0.00321922
0.00325368
0.003211099
0.003213861
0.003620432
0.004136831
0.004535897
0.005003664
0.005301563
0.005307255
0.005188335
0.005110699
0.005085506
0.005035971
0.004956952
0.004877536
0.004801184
0.004741684
0.00469293
0.004377176
0.00361244
0.003611174
0.004210869
0.004570908
0.004496529
0.004295718
0.004193747
0.00418103
0.004159141
0.00408411
0.004012237
0.003970444
0.003935314
0.003879244
0.003818445
0.003703829
0.003464727
0.003443019
0.003482231
0.003268974
0.002765857
0.002177547
0.001838199
0.001658837
0.001489895
0.001263787
0.001106057
0.001058695
0.001057171
0.001018512
0.0009377351
0.0008741003
0.000851063
0.0008301487
0.0008327634
0.00101109
0.001546577
0.002258854
0.002573658
0.002292181
0.00190083
0.001992385
0.002241145
0.002030118
0.001298328
0.001084069
0.001399797
0.001354828
0.0009635906
0.0004528338
0.000133709
0.0002752666
0.000741864
0.001072612
0.001210832
0.0009251384
0.000808779
0.0007397018
0.0004784988
0.0002273033
0.0003740693
0.0006744331
0.0008398533
0.0009163431
0.0007722565
0.0003950351
-9.552604e-05
-0.0003538123
-0.0003644454
-0.0003415092
-0.000687799
-0.00139086
-0.001969359
-0.002139532
-0.002060941
-0.001993412
-0.002008554
-0.002086762
-0.002410582
-0.002745385
-0.002850351
-0.002980693
-0.003201042
-0.003331975
-0.003301636
-0.003305976
-0.002910404
-0.00234728
-0.002626722
-0.003295592
-0.00357989
-0.003462093
-0.003302263
-0.003266746
-0.003281448
-0.003253781
-0.003192148
-0.003150448
-0.003124426
-0.003087734
-0.002980803
-0.002508202
-0.001952402
-0.001592911
-0.001498434
-0.001521547
-0.001520748
-0.00147266
-0.001430326
-0.001413338
-0.001400453
-0.001377006
-0.00134776
-0.001327594
-0.001305391
-0.001275148
-0.001244688
-0.001228603
-0.001223503
-0.001211995
-0.001185136
-0.001160607
-0.001151109
-0.001128869
-0.001095648
-0.001072678
-0.001048285
-0.00102035
-0.0009824511
-0.0009531384
-0.0009368312
-0.0009071245
-0.0008687327
-0.0008418342
-0.0008190602
-0.0007798508
-0.0005361178
-0.0001262605
-0.0001728204
-0.0005405608
-0.0007409496
-0.0006954257
-0.0005924541
-0.0005546447
-0.0005590484
-0.0005151299
-0.0003859271
-0.0002271448
5.196323e-05
3.798902e-05
-0.0002032241
-6.891864e-05
0.0002540013
0.0004019815
0.0003596011
0.0002970958
0.0002955518
0.0003154984
0.0003152852
0.0002991512
0.000289381
0.0002843552
0.0002776037
0.0002728072
0.0002717953
0.0002669712
0.0002562107
0.0002487505
0.0002215975
0.0001735527
0.0001082592
9.979157e-05
0.0001871279
0.0002595907
0.0002697115
0.0002529992
0.0002515772
0.0002612559
0.0002679027
0.0002730444
0.0002794648
0.0002809014
0.0002832233
0.0002864127
0.0002877608
0.000287104
0.0002934059
0.0004189332
0.0005303549
0.0004526707
0.0003585945
0.0003988767
0.0005121197
0.00054735
0.0005334199
0.000531822
0.0004780851
0.0004265344
0.0004147744
0.0003487367
0.0002504468
0.0002659411
0.0003229236
0.0003101774
0.0002372915
0.0002031838
0.0002379942
0.0002365716
0.0002041517
0.0002224118
0.0002977315
0.000343017
0.0003704485
0.0003811002
0.0003746068
0.0003623231
0.0003652659
0.0003655433
0.0003395649
0.0002945673
0.0002344549
0.0001623034
0.0001235845
0.000122009
0.0001305419
0.0001312756
0.000123331
9.743231e-05
8.772838e-05
5.740964e-05
1.354687e-05
-4.455064e-06
4.033572e-06
1.514445e-05
1.964983e-05
2.313819e-05
2.83383e-05
2.223578e-05
-7.987053e-06
-4.014493e-05
-4.615805e-05
-3.179977e-05
-1.581059e-05
-5.617405e-06
2.018952e-06
1.037386e-05
3.029893e-05
5.765021e-05
7.027109e-05
6.026505e-05
6.103785e-05
8.483761e-05
0.000115434
0.0001303307
0.0001310128
0.0001298894
0.0001323372
0.000136083
0.0001384795
0.0001406696
0.0001453539
0.0001455813
0.0001476168
0.0001557152
0.0001663259
0.0001749781
0.0001766955
0.0001739745
0.000170948
0.000168785
0.0001669837
0.0001650728
0.0001628746
0.0001622548
0.0001654989
0.0001689611
0.0001717593
0.0001711948
0.0001677095
0.0001635554
0.0001598511
0.0001565461
0.0001532728
0.0001498739
0.0001463824
0.0001430185
0.0001403688
0.0001411431
0.0001425241
0.0001405663
0.0001359945
0.0001312679
0.0001272491
0.0001229448
0.0001192491
0.0001160508
0.0001126709
0.0001088846
0.0001040878
9.847008e-05
9.438992e-05
9.334416e-05
9.258576e-05
9.011026e-05
8.658253e-05
8.326725e-05
8.044916e-05
7.777049e-05
7.499746e-05
7.220783e-05
6.982188e-05
6.756964e-05
6.543908e-05
6.338314e-05
6.101872e-05
5.837147e-05
5.569371e-05
5.314657e-05
5.072016e-05
4.833942e-05
4.598861e-05
4.369199e-05
4.146408e-05
3.929637e-05
3.716452e-05
3.507594e-05
3.303452e-05
3.100746e-05
2.907629e-05
2.721902e-05
2.538758e-05
2.35741e-05
2.179252e-05
2.005513e-05
1.836264e-05
1.670593e-05
1.508217e-05
1.349721e-05
1.194399e-05
1.039605e-05
8.869652e-06
7.409677e-06
6.015917e-06
4.660428e-06
3.327237e-06
2.011027e-06
7.285998e-07
-5.200507e-07
-1.744461e-06
-2.94788e-06
-4.118088e-06
-5.253389e-06
-6.361068e-06
-7.445436e-06
-8.506025e-06
-9.540875e-06
-1.055287e-05
-1.153957e-05
-1.250043e-05
-1.343637e-05
-1.434879e-05
-1.523761e-05
-1.610239e-05
-1.694286e-05
-1.775934e-05
-1.855226e-05
-1.932163e-05
-2.006766e-05
-2.079049e-05
-2.14901e-05
-2.216668e-05
-2.282036e-05
-2.345127e-05
-2.405952e-05
-2.464526e-05
-2.520859e-05
-2.574965e-05
-2.626857e-05
-2.676549e-05
-2.724054e-05
-2.769385e-05
-2.812556e-05
-2.853582e-05
-2.892476e-05
-2.929253e-05
