-0.0007083526
-0.0007104819
-0.0007126117
-0.0007147393
-0.0007168642
-0.0007189891
-0.0007211161
-0.0007232299
-0.0007253587
-0.0007274752
-0.0007295994
-0.0007317143
-0.0007338386
-0.0007359627
-0.0007380974
-0.0007402005
-0.0007422918
-0.0007443824
-0.000746439
-0.0007484353
-0.000750385
-0.0007522873
-0.0007542242
-0.0007562771
-0.0007583675
-0.0007604841
-0.0007628911
-0.0007651616
-0.0007668862
-0.0007687896
-0.0007712784
-0.0007737227
-0.0007758087
-0.000777424
-0.0007784673
-0.0007797581
-0.0007815611
-0.0007834848
-0.000785274
-0.0007869618
-0.0007882074
-0.000788465
-0.0007881986
-0.0007872082
-0.0007857494
-0.0007854577
-0.0007869196
-0.0007918736
-0.0008000464
-0.000808866
-0.0008149048
-0.0008209742
-0.0008241392
-0.0008279504
-0.0008337807
-0.0008394471
-0.0008383132
-0.0008324052
-0.0008308808
-0.0008341551
-0.0008377794
-0.0008401126
-0.0008421688
-0.0008473403
-0.0008536817
-0.0008540581
-0.0008533073
-0.0008554579
-0.0008594856
-0.0008628614
-0.0008657002
-0.0008617849
-0.0008490258
-0.000841826
-0.000841549
-0.000847787
-0.0008436044
-0.0008135627
-0.0007637975
-0.000712077
-0.0006639931
-0.0006302196
-0.0006159009
-0.0006118656
-0.0006292917
-0.0006615537
-0.0007111657
-0.0007732076
-0.0008342141
-0.000896603
-0.0009441418
-0.0009603683
-0.0009617703
-0.0009644506
-0.0009620857
-0.0009619371
-0.0009564836
-0.0009801725
-0.001005991
-0.0009599437
-0.0008670607
-0.0007799286
-0.0007209054
-0.0006997334
-0.0007294624
-0.0007531424
-0.0007850837
-0.0008596491
-0.0009638902
-0.001078563
-0.001200876
-0.001312879
-0.001397577
-0.001404744
-0.001351312
-0.001275561
-0.001134019
-0.0009770174
-0.0009641506
-0.001171152
-0.001443419
-0.00158968
-0.00152666
-0.001393006
-0.001213293
-0.0009680049
-0.000639294
-0.0002451586
0.0001513538
0.000538007
0.0008635824
0.001019959
0.000940586
0.0005678599
8.484625e-05
-0.0003792239
-0.0007708898
-0.0009533559
-0.001032726
-0.001208383
-0.001358952
-0.001408534
-0.001549091
-0.001761196
-0.001827825
-0.00180328
-0.001774661
-0.001802494
-0.001895951
-0.001943085
-0.001824099
-0.001600222
-0.001455421
-0.001262623
-0.001027814
-0.0008467856
-0.0006326268
-0.0003999668
-0.0001920936
-0.0001791327
-0.0001369503
6.938705e-05
0.0003524195
0.0006442655
0.0009472853
0.001078306
0.0008354991
0.0008049367
0.001053718
0.0008755887
7.639538e-05
-0.0006203002
-0.0005171534
-0.0003717205
-0.0007662836
-0.001533721
-0.002402478
-0.003191379
-0.003809029
-0.004232014
-0.004257992
-0.003687314
-0.002682833
-0.001603732
-0.0009876986
-0.0009956173
-0.001637088
-0.002420744
-0.002523036
-0.002143922
-0.001894442
-0.001362252
0.0001226427
0.002461632
0.005235854
0.007392639
0.007976016
0.007021398
0.00510654
0.003027526
0.001276285
-0.0005593592
-0.002294592
-0.003679348
-0.005500941
-0.007304022
-0.007857049
-0.00610569
-0.002609454
0.001080136
0.003901271
0.00502511
0.004299931
0.002317565
0.0002861054
-0.001000196
-0.002269971
-0.0036076
-0.004693286
-0.005205877
-0.004422435
-0.002266691
0.0006120887
0.003386474
0.005202387
0.005213137
0.003422319
0.0009644442
-0.00140003
-0.003022405
-0.003398037
-0.002927557
-0.002422685
-0.001807414
-0.0006540222
0.0009010044
0.002329605
0.002874989
0.002779653
0.002120187
0.001231058
0.001260886
0.002197622
0.003150232
0.004187695
0.005451522
0.00661216
0.007067142
0.007042696
0.006790365
0.005960013
0.005466621
0.006435604
0.007560955
0.007302821
0.00569311
0.003860285
0.001911063
-0.001002548
-0.004391886
-0.00723454
-0.009560326
-0.01181547
-0.01310247
-0.01270651
-0.01045168
-0.007382759
-0.004206487
-0.001696768
-0.0007790108
-0.0006586159
-0.001033612
-0.002210219
-0.003285445
-0.004103674
-0.004677453
-0.004037234
-0.001629724
0.001248408
0.003323712
0.003961774
0.003851082
0.003413051
0.001830737
-0.001566678
-0.006391982
-0.0115254
-0.01578445
-0.01784056
-0.01831175
-0.01855607
-0.01871404
-0.01783883
-0.01571033
-0.01256684
-0.009576873
-0.007356795
-0.005370431
-0.002529653
0.002194627
0.00822773
0.01399746
0.0191403
0.02416735
0.02852534
0.03028156
0.0287261
0.02450602
0.0182813
0.01122735
0.005203561
0.002430702
0.002323385
0.002985388
0.004350056
0.006530742
0.007967367
0.009014791
0.01021894
0.01058063
0.009433063
0.006086412
0.0003846582
-0.006439253
-0.01228988
-0.01627277
-0.01704618
-0.01398654
-0.008033565
-0.00191234
0.001498168
0.002418577
0.002673454
0.002952547
0.003134865
0.00298727
0.002770676
0.00336454
0.005438146
0.008863824
0.0116642
0.0114665
0.007035395
-0.001238238
-0.01012704
-0.01665039
-0.02074415
-0.02268122
-0.02263212
-0.02071999
-0.01784944
-0.01399502
-0.008993374
-0.003710447
0.000511541
0.003436826
0.005501318
0.007292592
0.009093928
0.01049493
0.01149526
0.01227051
0.01352625
0.01608626
0.01962407
0.02239589
0.02285353
0.02165941
0.01861612
0.01381653
0.008023287
0.002330816
-0.002702918
-0.005742965
-0.005232562
-0.001558301
0.002406705
0.003828319
0.002817289
-2.771543e-05
-0.004834025
-0.01105606
-0.0174893
-0.02271063
-0.02505348
-0.0247093
-0.02187925
-0.01658383
-0.009814315
-0.003598723
0.001149655
0.004491569
0.006224183
0.005208147
0.001692385
-0.002610287
-0.006189156
-0.006991575
-0.003780682
0.001946781
0.007726822
0.01286252
0.0172034
0.01947542
0.01786289
0.01230869
0.004998846
-0.001799153
-0.006582989
-0.00719394
-0.003586078
0.003713427
0.01320268
0.02161717
0.02570071
0.02478696
0.0214593
0.01743833
0.01242076
0.006778978
0.001481001
-0.001506032
-0.0003180943
0.003618469
0.006927846
0.008163349
0.007626114
0.006170953
0.004287458
0.002081692
-0.0002413985
-0.002551807
-0.003805878
-0.003256896
-0.001665626
-0.0003803692
0.0006290519
0.001311722
0.001291856
-0.0001300295
-0.002549943
-0.005343506
-0.008555082
-0.01187728
-0.01509996
-0.01723071
-0.01797946
-0.01658213
-0.01263066
-0.007256691
-0.001555694
0.004649867
0.0101306
0.0135808
0.01373428
0.01089879
0.006152182
0.0008054652
-0.00428844
-0.008391864
-0.01018785
-0.008815242
-0.005142214
-0.0009182352
0.002422282
0.003155551
0.002706879
0.003230537
0.002836036
-0.00039839
-0.005473913
-0.009649848
-0.0116031
-0.01110162
-0.008377353
-0.004955848
-0.002283028
-0.001159394
-0.001593449
-0.004516461
-0.00958629
-0.01501354
-0.01915919
-0.01961065
-0.01465841
-0.004857167
0.006940383
0.01739889
0.0243204
0.0272904
0.02791218
0.02745201
0.024765
0.01977358
0.01406916
0.008725573
0.00412409
0.0007251506
-0.001436306
-0.001721464
3.315008e-05
0.002731975
0.005923227
0.009846096
0.01340527
0.01563006
0.0169372
0.01722433
0.01658236
0.01605515
0.01571284
0.01428777
0.0114245
0.007549139
0.00239059
-0.004230059
-0.01016118
-0.01343285
-0.01500236
-0.01624588
-0.01686784
-0.0157954
-0.01247804
-0.00844818
-0.004826417
-0.002284887
-0.002085423
-0.004743668
-0.009329365
-0.01388035
-0.01750933
-0.01967048
-0.01966526
-0.01778199
-0.01407384
-0.008240792
-0.001156271
0.005038075
0.008881624
0.01098605
0.01102251
0.008223555
0.003759217
-0.0006020101
-0.004190187
-0.006265658
-0.006432585
-0.004761074
-0.002300365
-8.722348e-06
0.001506197
0.002346951
0.001994851
-0.0003155534
-0.004125618
-0.008240687
-0.01157753
-0.01343829
-0.01376093
-0.01100586
-0.006094892
-0.002225514
-0.000847002
-0.0007454787
-0.001485994
-0.002983806
-0.004028871
-0.00331697
-0.0003387089
0.004137233
0.009453805
0.01452639
0.01811587
0.01905857
0.01682826
0.01263973
0.007924599
0.004919028
0.004170879
0.004519605
0.004662954
0.003898803
0.003390218
0.004505916
0.007167108
0.01014228
0.01249766
0.01355024
0.0127336
0.01046955
0.006805057
0.001178904
-0.005396965
-0.009855471
-0.009754846
-0.006211755
-0.001021689
0.004971949
0.01126304
0.01663067
0.02090843
0.02400384
0.02554517
0.0241751
0.01819483
0.00909365
-0.001229148
-0.01156309
-0.02066012
-0.02830664
-0.03394908
-0.0371056
-0.03762162
-0.03625052
-0.03476758
-0.03345266
-0.03194993
-0.02842536
-0.02266184
-0.01622603
-0.009731265
-0.003246414
0.003081951
0.0079938
0.01060154
0.01112169
0.01092721
0.01088618
0.01042149
0.008130428
0.005220598
0.004193952
0.005850279
0.01005492
0.01672115
0.02527229
0.03416425
0.04157569
0.04598939
0.0466752
0.04467076
0.04158567
0.03887185
0.03696237
0.03430744
0.02926376
0.02135109
0.01098083
0.0009559568
-0.006538286
-0.01057629
-0.008719464
-0.0002359068
0.01296424
0.02846705
0.0439279
0.05832017
0.06976671
0.07680756
0.0802173
0.07936435
0.07068122
0.05143406
0.02409704
-0.008293014
-0.04388325
-0.08000275
-0.1128991
-0.135114
-0.1443913
-0.1453947
-0.1424665
-0.135341
-0.1168244
-0.08384739
-0.04396692
-0.006883943
0.02268521
0.04310897
0.05308966
0.05206576
0.03998146
0.01820814
-0.01029525
-0.042491
-0.0744136
-0.1016661
-0.1222231
-0.1326129
-0.1326069
-0.120265
-0.08978496
-0.04290702
0.01137373
0.06153452
0.1012331
0.1309301
0.151895
0.1638806
0.1670671
0.1623268
0.1500038
0.131787
0.1090632
0.08024954
0.05063852
0.02807932
0.01410582
0.005840355
9.182929e-05
-0.003812599
-0.005302809
-0.005895546
-0.009044548
-0.0163486
-0.0262708
-0.03599977
-0.04161807
-0.0428889
-0.03944632
-0.03141649
-0.01952376
-0.005455934
0.008916308
0.02134697
0.02942236
0.03459729
0.03898476
0.04306438
0.04841987
0.05767695
0.07066881
0.08585356
0.100936
0.1136286
0.1235502
0.131614
0.1368909
0.1375118
0.135821
0.1339523
0.1308574
0.1248736
0.1145737
0.0975872
0.0726617
0.03977745
-0.0005090135
-0.0421629
-0.07841596
-0.1077074
-0.1257393
-0.1297834
-0.1234617
-0.1146536
-0.1053848
-0.09372512
-0.08117621
-0.0700662
-0.05949155
-0.04916026
-0.04064558
-0.03723744
-0.04333856
-0.06044856
-0.08696338
-0.1181594
-0.1476606
-0.1719714
-0.1898012
-0.2022858
-0.2115952
-0.218215
-0.2215508
-0.2219342
-0.2198363
-0.2153475
-0.2044084
-0.1781592
-0.1321049
-0.06500716
0.01539052
0.08941681
0.1419384
0.1722463
0.19206
0.2096729
0.2209812
0.2268147
0.2337728
0.2417267
0.2465725
0.2491158
0.2495149
0.2458846
0.238354
0.227609
0.2108252
0.1865757
0.1552875
0.1210058
0.08592626
0.04870989
0.01566375
-0.009226631
-0.02777836
-0.04238033
-0.05318074
-0.06182651
-0.07166395
-0.08518622
-0.1047393
-0.1296772
-0.1569282
-0.1852173
-0.2133849
-0.2370652
-0.2551087
-0.2673999
-0.2729802
-0.2732829
-0.2679804
-0.2559647
-0.2383959
-0.2182944
-0.1928145
-0.1572273
-0.1157772
-0.07135746
-0.02937578
0.005116049
0.03197599
0.04922164
0.0553857
0.0569221
0.05787038
0.05775621
0.05802675
0.05887375
0.05793603
0.05471861
0.04921195
0.03969378
0.02788294
0.01696901
0.007918793
0.0004684743
-0.004874332
-0.006274187
-0.00488484
-0.001509966
0.007505717
0.02527095
0.04822175
0.06930824
0.0868919
0.102953
0.119785
0.1386985
0.1590572
0.1793625
0.1976817
0.2136068
0.2271962
0.237889
0.2426951
0.2407109
0.2329434
0.2182106
0.1941882
0.160305
0.1168297
0.06609765
0.01384531
-0.0344442
-0.07597336
-0.1101493
-0.1352414
-0.155007
-0.1740052
-0.1934863
-0.2128501
-0.2319937
-0.2522435
-0.2708712
-0.2830929
-0.2883681
-0.2884582
-0.2863697
-0.2809649
-0.2718053
-0.2602519
-0.2480722
-0.2341968
-0.2143151
-0.1849041
-0.1450387
-0.09251499
-0.03195694
0.0306337
0.08699069
0.1272418
0.1526375
0.1701718
0.183497
0.1933333
0.2041576
0.218132
0.2309132
0.2388679
0.2409934
0.2376195
0.227597
0.2098648
0.1868434
0.1601192
0.1340018
0.1127061
0.09358392
0.07425089
0.05696787
0.04294238
0.03158919
0.02111119
0.01057678
0.001136969
-0.006293303
-0.01286146
-0.02035621
-0.02975251
-0.0407128
-0.05211482
-0.06322379
-0.07196399
-0.07759516
-0.07974163
-0.07922235
-0.07588812
-0.07052623
-0.06454175
-0.05811432
-0.05209775
-0.0458408
-0.03891247
-0.03133822
-0.02365288
-0.01666259
-0.01015091
-0.005564132
-0.004640086
-0.008486787
-0.01591133
-0.02467168
-0.03299863
-0.03850707
-0.03961768
-0.03602777
-0.02988403
-0.02088875
-0.008836023
0.002575952
0.01258927
0.02204808
0.03018767
0.03512298
0.0432611
0.0460961
0.04291303
0.04308533
0.04574144
0.04551587
0.04345331
0.0427593
0.04300758
0.0415519
0.03871326
0.03476294
0.02876563
0.02323045
0.01784632
0.005214516
-0.006901063
-0.01312399
-0.01661934
-0.01998476
-0.02198605
-0.02094405
-0.01896068
-0.01603681
-0.01230216
-0.01086174
-0.00997934
-0.008541322
-0.007409243
-0.005398948
-0.003491571
-0.00239139
-0.001506994
0.0002612353
0.001806471
0.001984677
-0.001261223
-0.008682254
-0.01733241
-0.02634565
-0.03537929
-0.04489057
-0.05411185
-0.06113827
-0.06649353
-0.07133749
-0.07636026
-0.08024422
-0.08265476
-0.08444879
-0.08474534
-0.08101768
-0.07204837
-0.05613696
-0.03237594
-0.003143607
0.02729031
0.05407748
0.07352891
0.08434511
0.08834279
0.08469574
0.07280097
0.05449533
0.0322137
0.007385614
-0.0131502
-0.02418474
-0.02669927
-0.02311831
-0.01362952
-0.000646631
0.01295075
0.02683366
0.04059122
0.05307457
0.06352734
0.07157738
0.07684813
0.07830039
0.07570181
0.0691667
0.05882445
0.04608227
0.03344497
0.02061758
0.008474521
-0.0008768611
-0.006988909
-0.0109079
-0.01378099
-0.0141009
-0.01062051
-0.00641678
-0.005174935
-0.007451484
-0.01295284
-0.02241862
-0.03591126
-0.04979832
-0.06088971
-0.06813165
-0.06938846
-0.06308833
-0.05237461
-0.04065212
-0.03033228
-0.02367988
-0.0223771
-0.02694462
-0.03397532
-0.04138378
-0.04920155
-0.05520492
-0.0580503
-0.05780397
-0.0560723
-0.05424629
-0.05307245
-0.05107157
-0.04778601
-0.04305428
-0.03749286
-0.03111238
-0.02263686
-0.01142649
0.002925414
0.01870956
0.03373606
0.04639026
0.05684512
0.06554361
0.07181409
0.07540409
0.07564239
0.07121822
0.06179857
0.04926275
0.03474617
0.01997065
0.007406258
-0.00227556
-0.008619632
-0.009383085
-0.0034943
0.005074146
0.01244789
0.01709418
0.01845153
0.01515912
0.007059583
-0.004754159
-0.01763897
-0.0296511
-0.04043977
-0.0495126
-0.05603539
-0.06052042
-0.06248284
-0.06232551
-0.06129548
-0.06051445
-0.05991629
-0.05870482
-0.0567013
-0.05409345
-0.04923896
-0.03892517
-0.02265522
-0.00253552
0.01716397
0.03073461
0.03761006
0.03933999
0.03536395
0.02667991
0.01720074
0.01137256
0.01285414
0.02133448
0.03390264
0.04783673
0.0604525
0.06907393
0.07306886
0.07296215
0.0689215
0.06114124
0.05089322
0.04056975
0.03240616
0.02701034
0.02422907
0.02282566
0.02122286
0.01867658
0.01501818
0.008647466
0.0005185007
-0.006980051
-0.0141972
-0.02043883
-0.02379276
-0.02498743
-0.02427799
-0.02272295
-0.02169489
-0.02160341
-0.02195677
-0.02266333
-0.02353109
-0.02412435
-0.02354684
-0.02154075
-0.01767019
-0.01214184
-0.004165178
0.005667438
0.01547805
0.02400561
0.03078989
0.03621633
0.03993997
0.03990027
0.03718388
0.03479791
0.0330362
0.03148865
0.02932645
0.02478904
0.01910428
0.0127734
0.005973941
5.558062e-05
-0.004476722
-0.008323248
-0.01184617
-0.01471815
-0.01672982
-0.01910658
-0.02246652
-0.02623362
-0.02958233
-0.03249837
-0.03507338
-0.03731818
-0.03986065
-0.0436325
-0.04988987
-0.05747847
-0.06605184
-0.07408151
-0.08068533
-0.08533878
-0.087024
-0.08570873
-0.08032892
-0.07096398
-0.05622204
-0.03581562
-0.01418098
0.005879126
0.02388323
0.03669419
0.0420648
0.04003964
0.03331732
0.02421474
0.0139622
0.003537115
-0.005370504
-0.01194548
-0.01561173
-0.01720387
-0.01667972
-0.01316201
-0.00635136
0.002708237
0.0135347
0.02500583
0.03422929
0.03831372
0.03750599
0.0327597
0.02458232
0.01473113
0.005371364
-0.001435468
-0.003656949
0.0004035366
0.01031376
0.02617781
0.04600068
0.06624422
0.08282113
0.09356587
0.09945685
0.1014097
0.09772591
0.08719179
0.0702215
0.04971717
0.0295233
0.0120415
-0.002143888
-0.01366054
-0.02344434
-0.03100543
-0.03672568
-0.04040852
-0.04159976
-0.04031631
-0.03609486
-0.02819424
-0.01575585
0.0003931373
0.01861691
0.03617181
0.05072028
0.06211553
0.06899537
0.07015636
0.06696047
0.06102326
0.05386418
0.0470918
0.04096221
0.03504711
0.02990496
0.02582017
0.02226194
0.01790337
0.01194714
0.004658441
-0.003494384
-0.01175327
-0.02043664
-0.02974612
-0.03918508
-0.04923728
-0.06010252
-0.07136927
-0.08112007
-0.08828686
-0.09210164
-0.09240442
-0.08976106
-0.08410046
-0.07496861
-0.06221084
-0.04746903
-0.03315095
-0.02124435
-0.01123132
-0.002288383
0.005474502
0.01183871
0.01724772
0.02340233
0.03074921
0.03797285
0.04389064
0.04839638
0.05124399
0.05177172
0.05030146
0.04814424
0.04483468
0.04264878
0.04416274
0.04911636
0.05603173
0.06395437
0.0724923
0.0820179
0.09150917
0.1008978
0.1094309
0.115828
0.1208936
0.1251098
0.1275891
0.1288419
0.1288055
0.1268252
0.1233115
0.1174373
0.1083437
0.0964315
0.08322454
0.06999668
0.05596763
0.04069245
0.02457604
0.008255417
-0.00747857
-0.02234886
-0.03681535
-0.05046375
-0.06281139
-0.07336073
-0.08196767
-0.08925347
-0.09456011
-0.09902351
-0.1028667
-0.1038269
-0.1015412
-0.09688511
-0.09052408
-0.08228245
-0.07249389
-0.06336358
-0.05633984
-0.05018656
-0.04662694
-0.04613459
-0.0461007
-0.04542659
-0.04322279
-0.03941017
-0.03375001
-0.02698811
-0.02002242
-0.01443343
-0.010798
-0.00903841
-0.008866991
-0.008437886
-0.006643445
-0.003012161
0.001028085
0.004186279
0.007109499
0.008978386
0.008258501
0.005051141
0.001498929
-0.001281961
-0.003944562
-0.006134826
-0.007234081
-0.007390165
-0.007232722
-0.007404627
-0.006195741
-0.004403387
-0.003317514
-0.001977153
0.0005118574
0.002230795
0.003041267
0.004761181
0.007512947
0.009958873
0.01092632
0.01135318
0.01159557
0.01117325
0.01072056
0.01129345
0.01346564
0.01732187
0.02292215
0.03003467
0.03849644
0.04737628
0.05507938
0.060771
0.06459457
0.0662559
0.06490618
0.0600866
0.05162421
0.0388601
0.02413989
0.009850789
-0.004221739
-0.01867652
-0.03267723
-0.04440845
-0.05401585
-0.06284191
-0.06972343
-0.07333152
-0.07390768
-0.07255283
-0.06929406
-0.06435472
-0.05872357
-0.05313667
-0.04788968
-0.04178251
-0.03555284
-0.03027278
-0.02586886
-0.02240801
-0.02098134
-0.02132844
-0.02300732
-0.02666541
-0.03179149
-0.03672084
-0.0409978
-0.04444685
-0.04701833
-0.04767047
-0.04618961
-0.04333619
-0.04053747
-0.03702382
-0.03188771
-0.0252996
-0.018284
-0.01075305
-0.003295956
0.003095549
0.009394767
0.01525872
0.01891244
0.02044759
0.02029902
0.01903488
0.01644399
0.01236022
0.007323641
0.00213165
-0.002541806
-0.007229555
-0.01188113
-0.01559519
-0.01850084
-0.02057736
-0.02105471
-0.01917044
-0.01633824
-0.01332317
-0.009809187
-0.004565127
0.002144281
0.007575802
0.01168111
0.01626997
0.02172318
0.02684041
0.03038321
0.03276357
0.03411147
0.03372765
0.03129242
0.02691852
0.02157623
0.01629727
0.01190545
0.009425067
0.008954435
0.009776772
0.0120629
0.01533372
0.01961696
0.02363353
0.02611229
0.02697369
0.0266934
0.02517577
0.02305236
0.01953935
0.01448386
0.008620189
0.003217594
-0.0006192188
-0.001868112
-0.001381297
-0.0005796574
0.00162874
0.006336648
0.01192435
0.01624501
0.01950627
0.02209137
0.02345267
0.02319869
0.02092266
0.01756442
0.01286272
0.007040289
0.0003935174
-0.006442828
-0.01266368
-0.01810214
-0.02309553
-0.02605909
-0.02633023
-0.02563495
-0.02420681
-0.02122155
-0.01653674
-0.01001499
-0.002519568
0.005012094
0.01210831
0.01733191
0.02074869
0.02367295
0.02748457
0.03122412
0.03292467
0.03457878
0.03740384
0.04011131
0.04222676
0.04337225
0.04361727
0.04378809
0.04337189
0.04164014
0.03968146
0.03792305
0.03523889
0.03243861
0.03108467
0.03034191
0.0291437
0.0273607
0.02542718
0.02189629
0.01674171
0.01187399
0.007343633
0.002597464
-0.002614009
-0.009028022
-0.01600109
-0.02277527
-0.02836858
-0.03179479
-0.0337198
-0.03570061
-0.03650744
-0.0351025
-0.03313792
-0.03200065
-0.03117118
-0.02989723
-0.02787557
-0.02612608
-0.02465362
-0.02223516
-0.01901931
-0.01546018
-0.01107149
-0.00584393
5.212525e-06
0.006567168
0.01255881
0.01816781
0.02406029
0.02945804
0.03397997
0.03737355
0.03997862
0.04159598
0.04223154
0.04213169
0.04059461
0.03714287
0.03228951
0.02701933
0.02238515
0.01781554
0.01279573
0.008408307
0.00519101
0.002734359
0.0007742274
-0.0009831012
-0.001853551
-0.001329891
-0.0004608927
9.680449e-05
0.000371392
-0.0003033
-0.00243859
-0.004938507
-0.006969674
-0.009145382
-0.01175146
-0.01445031
-0.0165348
-0.01874197
-0.0213266
-0.02382474
-0.02548881
-0.0263938
-0.02644411
-0.02481868
-0.02177483
-0.01809722
-0.01415563
-0.01074434
-0.00867561
-0.007440866
-0.006469459
-0.006736363
-0.007904384
-0.01009282
-0.01302632
-0.01541722
-0.01650321
-0.01660172
-0.01614312
-0.01549269
-0.01512335
-0.01420141
-0.01277801
-0.01224841
-0.01199279
-0.0100742
-0.008080884
-0.006319666
-0.003313342
0.0006423903
0.005211064
0.01051891
0.01593772
0.02154452
0.02714166
0.03239691
0.03661962
0.04052623
0.04320897
0.04334302
0.04287107
0.04282929
0.04191532
0.03998231
0.03758839
0.03390509
0.02928377
0.02433489
0.01850778
0.01205165
0.005812446
0.0009270044
-0.003110807
-0.006700583
-0.009834994
-0.01367354
-0.01786052
-0.02142363
-0.02425798
-0.02667252
-0.02851256
-0.02966278
-0.03092907
-0.03269294
-0.0344118
-0.03578178
-0.03804666
-0.04120967
-0.04448143
-0.04723606
-0.04926646
-0.05029184
-0.04997003
-0.04852161
-0.04606529
-0.04442877
-0.04301596
-0.04111202
-0.03956041
-0.03885708
-0.03872983
-0.03871208
-0.03865267
-0.03840215
-0.03766267
-0.03665537
-0.03517882
-0.03262782
-0.02985274
-0.02663244
-0.02227257
-0.01798133
-0.01433395
-0.01092432
-0.007574656
-0.005818942
-0.004997621
-0.005120992
-0.006431514
-0.007376342
-0.008066754
-0.009877826
-0.01311406
-0.01696939
-0.02035653
-0.02308587
-0.02539025
-0.02706665
-0.02776207
-0.02697682
-0.02475464
-0.02216946
-0.01876892
-0.01421222
-0.009745566
-0.005538949
-0.0006592518
0.004847257
0.01061415
0.01660554
0.02270315
0.02860673
0.03437677
0.03961634
0.04368778
0.04701113
0.04934136
0.05075568
0.05119424
0.05065077
0.04861929
0.044514
0.03914901
0.03368082
0.02843372
0.02346268
0.01909564
0.01513147
0.01148133
0.007731045
0.003307025
-0.001073896
-0.00534217
-0.009712859
-0.01471423
-0.02103951
-0.02648549
-0.03029453
-0.03377277
-0.03790387
-0.04217899
-0.04578642
-0.05007172
-0.05449697
-0.05776205
-0.05970701
-0.06049433
-0.06038673
-0.06013746
-0.0598189
-0.05914826
-0.0582307
-0.05783039
-0.05872107
-0.06071117
-0.06172358
-0.0613484
-0.06160386
-0.06274777
-0.06373956
-0.06470439
-0.06545986
-0.06614127
-0.06617319
-0.06570352
-0.06513217
-0.06389829
-0.06205748
-0.0600634
-0.05749653
-0.05416085
-0.05025578
-0.0464099
-0.04207066
-0.03693409
-0.03146764
-0.0260902
-0.02032516
-0.01359634
-0.006577267
0.0004123461
0.007712744
0.01531178
0.02263864
0.02968042
0.03666886
0.04298633
0.048377
0.05269672
0.05608014
0.05934857
0.06210509
0.06356494
0.06394341
0.06292948
0.0611173
0.05879191
0.05568565
0.05115367
0.04712742
0.04563738
0.04606598
0.04563085
0.04392553
0.0422525
0.04097366
0.03980164
0.03796902
0.03634591
0.03594592
0.03624107
0.03724731
0.03836893
0.03904218
0.03905747
0.038837
0.03896925
0.0385034
0.03678695
0.03559434
0.03460589
0.03277307
0.03080351
0.02911569
0.02701028
0.02390468
0.02045815
0.01768939
0.0155758
0.01387008
0.01242872
0.01133442
0.01056982
0.01013301
0.008886691
0.006899429
0.00576194
0.004749556
0.002636847
-0.0005870885
-0.004454427
-0.007760874
-0.01084318
-0.01420933
-0.0178265
-0.02077553
-0.02267843
-0.02399902
-0.02475912
-0.02480955
-0.0236913
-0.02209827
-0.02068303
-0.01941857
-0.01797914
-0.01633156
-0.01452064
-0.01321647
-0.01212222
-0.01092126
-0.009861432
-0.008741766
-0.007366597
-0.006212141
-0.004933835
-0.003970431
-0.00255637
0.0003550213
0.003637582
0.005970032
0.007579785
0.008565618
0.009096176
0.009017927
0.008741944
0.008796642
0.009688092
0.01119421
0.01239146
0.01407626
0.01632244
0.01913989
0.02190254
0.02377148
0.02470737
0.0254305
0.02589357
0.02582844
0.02411407
0.02109013
0.01906418
0.01813237
0.01713652
0.01573955
0.01455815
0.01427335
0.01418767
0.01349664
0.01229489
0.01061266
0.008158033
0.005660894
0.003828185
0.00291297
0.0006865104
-0.002893245
-0.005767308
-0.007644878
-0.009367777
-0.01126212
-0.0125677
-0.01223672
-0.01051084
-0.008342895
-0.006353116
-0.004423186
-0.001897871
0.0014939
0.004781937
0.007655386
0.01067024
0.01302285
0.01462053
0.01598534
0.01665668
0.01613787
0.01453587
0.01230799
0.009640059
0.007288104
0.005632053
0.004367342
0.003515713
0.00387116
0.005912155
0.009326196
0.01342745
0.01622647
0.01688972
0.0170054
0.01728964
0.01743727
0.01767819
0.01837949
0.01918963
0.02003991
0.02147586
0.02333578
0.02517567
0.02732428
0.0294732
0.03097458
0.03188446
0.03333673
0.03436904
0.03372449
0.03294617
0.03247421
0.03169455
0.02993736
0.02704311
0.02395429
0.02150743
0.01884511
0.01547205
0.01175216
0.007978816
0.003425939
-0.001027396
-0.00454588
-0.00763653
-0.01026058
-0.01227229
-0.01370813
-0.01480006
-0.01529608
-0.01546915
-0.01623176
-0.01747304
-0.01899082
-0.02064894
-0.02268406
-0.0250653
-0.02742022
-0.02974333
-0.03171417
-0.03331171
-0.03453953
-0.03604083
-0.03785625
-0.03910352
-0.03919014
-0.03820727
-0.03622985
-0.03306244
-0.02921026
-0.02451617
-0.01922448
-0.01397324
-0.009759684
-0.005893688
-0.002227252
0.000662389
0.002448512
0.003244373
0.003970963
0.00530715
0.006286889
0.006968899
0.007302926
0.007509624
0.008178656
0.008742487
0.008869942
0.009262771
0.01057486
0.0129428
0.01600257
0.01869089
0.02121463
0.02389933
0.02623487
0.02802081
0.02875513
0.02800327
0.02725101
0.02718425
0.0273826
0.02742967
0.02754833
0.02836764
0.02956502
0.03062238
0.03145585
0.03225055
0.03226886
0.03072628
0.02873728
0.02628648
0.02327875
0.02015388
0.01724099
0.01437023
0.01159265
0.009181309
0.007155198
0.005566652
0.004250286
0.003405672
0.002758399
0.002388728
0.002838095
0.003159465
0.002590478
0.001799867
0.001015022
0.0001400173
-0.001031971
-0.001940919
-0.002871569
-0.003887378
-0.004535116
-0.004737303
-0.005738419
-0.007022057
-0.007481215
-0.007366445
-0.008013144
-0.009423241
-0.01045795
-0.01158926
-0.01244975
-0.01272069
-0.01319838
-0.01412476
-0.0146638
-0.01487091
-0.01511672
-0.01528002
-0.01530285
-0.01526996
-0.01525924
-0.01551604
-0.01644846
-0.01785297
-0.01981557
-0.02209778
-0.02418365
-0.02702426
-0.03042801
-0.03345286
-0.03575352
-0.03732097
-0.03821303
-0.03809517
-0.03714397
-0.03548513
-0.03342388
-0.03147943
-0.02983278
-0.02838519
-0.02642087
-0.02389321
-0.02146065
-0.01898633
-0.01567214
-0.01103479
-0.005625458
-0.0005665578
0.003274951
0.005763507
0.007548523
0.008611931
0.009073154
0.009375916
0.01020176
0.0120827
0.01442943
0.01669983
0.01854416
0.01969942
0.02076538
0.02166959
0.02114085
0.01974569
0.01846455
0.01652706
0.01437505
0.01230089
0.009933097
0.007380757
0.006087156
0.007085404
0.008875249
0.009258204
0.009004639
0.01003406
0.01121156
0.0105623
0.009032168
0.007950817
0.006865165
0.005427377
0.003760152
0.002126227
0.0002213919
-0.001686342
-0.003700461
-0.006156487
-0.008898465
-0.01151052
-0.01365574
-0.01540212
-0.01783245
-0.02076078
-0.02267493
-0.02312173
-0.02290923
-0.02278403
-0.02280202
-0.02251834
-0.0215255
-0.0198888
-0.01828868
-0.01713984
-0.01579886
-0.0145741
-0.014127
-0.01372084
-0.01269215
-0.01139233
-0.01035274
-0.009440578
-0.008511669
-0.007111232
-0.005313682
-0.0030281
-0.0006713269
0.001724649
0.004281246
0.006833495
0.00901617
0.01049894
0.01165624
0.01235582
0.01214298
0.01157149
0.01028124
0.008722983
0.007099526
0.006211811
0.006202588
0.006946725
0.008384002
0.01012519
0.01215322
0.01420978
0.0160721
0.01748465
0.01843065
0.01922675
0.02048184
0.02175887
0.02219842
0.0220751
0.02188166
0.02106192
0.02013498
0.01919258
0.01828948
0.01767961
0.01726409
0.01701389
0.01697228
0.01644564
0.01507521
0.01378105
0.01295302
0.01221715
0.01174541
0.01140174
0.01146994
0.01175942
0.01173107
0.01062278
0.009081541
0.007079092
0.004273702
0.001199439
-0.001926629
-0.00460521
-0.006840971
-0.008228482
-0.009255748
-0.01029749
-0.01081135
-0.01033344
-0.009574005
-0.009338887
-0.009275133
-0.008683935
-0.008115607
-0.007705048
-0.007304184
-0.006616846
-0.006446902
-0.006699167
-0.006862133
-0.007063964
-0.007728948
-0.008222528
-0.008276845
-0.008170831
-0.008344434
-0.008832686
-0.00995385
-0.01139498
-0.01252294
-0.01407637
-0.01603231
-0.01799508
-0.02010689
-0.02326129
-0.02575445
-0.02682852
-0.02690511
-0.02651629
-0.02535255
-0.02385399
-0.02220481
-0.0206796
-0.01907535
-0.0173069
-0.01550749
-0.0140116
-0.01294618
-0.01216351
-0.01205497
-0.01173439
-0.01122384
-0.01092638
-0.01036377
-0.009806203
-0.009630448
-0.009455473
-0.009080961
-0.008359234
-0.008029488
-0.008481136
-0.008805498
-0.008656414
-0.008911437
-0.009157861
-0.009211154
-0.009526993
-0.01065427
-0.01203003
-0.01313866
-0.01497651
-0.01669213
-0.01646548
-0.01451086
-0.01192752
-0.01026851
-0.008319585
-0.005167598
-0.001796933
0.001468896
0.004008972
0.00581111
0.007004064
0.008372559
0.009601869
0.01080643
0.0119013
0.0128446
0.01338518
0.0137121
0.01376093
0.01322071
0.01238078
0.01200339
0.01206428
0.01227828
0.01290474
0.01382585
0.01503419
0.01613702
0.01704399
0.01798055
0.01935778
0.02060096
0.02138435
0.0215738
0.02189352
0.02247986
0.02175949
0.01961218
0.01673019
0.01367952
0.01009819
0.00636647
0.002756286
-0.0005090409
-0.002966661
-0.004362854
-0.005702867
-0.006718106
-0.00672461
-0.005812704
-0.003803347
-0.001926989
3.376865e-05
0.002129175
0.004178161
0.006042098
0.006493453
0.00538593
0.00418492
0.003768407
0.003307516
0.002764134
0.002418264
0.001694689
0.000502968
-0.0001872619
0.0002030484
0.001020686
0.0007160193
-0.0009626773
-0.002748908
-0.004544059
-0.006462093
-0.008380522
-0.01020297
-0.01195543
-0.01328977
-0.01381289
-0.01366009
-0.01265323
-0.01199352
-0.011979
-0.01238294
-0.01258939
-0.01253956
-0.01247116
-0.01248291
-0.0125153
-0.01267455
-0.01313309
-0.01247003
-0.01067772
-0.008875348
-0.007544925
-0.005872169
-0.004607177
-0.004548279
-0.0042434
-0.00320227
-0.001594528
-0.0006332927
-0.000644645
-0.0004418818
0.0003647767
0.0005099256
0.0003290853
0.0003090842
0.0006418862
0.001162751
0.001934149
0.002876956
0.004069969
0.005383648
0.006239179
0.006556643
0.006659247
0.00676498
0.006839327
0.006065607
0.004867229
0.003672466
0.002438308
0.001113527
-0.0002436387
-0.001409828
-0.001878655
-0.002045339
-0.002442719
-0.002269972
-0.001835069
-0.001375707
-0.001175673
-0.00170158
-0.003173788
-0.00417144
-0.003898627
-0.003877038
-0.004485419
-0.00586323
-0.006988892
-0.007665028
-0.008128931
-0.008771641
-0.009929169
-0.01130658
-0.01281926
-0.01474065
-0.01648775
-0.01779927
-0.01848119
-0.01836039
-0.01736943
-0.01594002
-0.01403143
-0.01198994
-0.01009048
-0.008517264
-0.007163339
-0.005890384
-0.004871709
-0.003999975
-0.003376052
-0.002645927
-0.002138174
-0.00117106
-0.0004250258
0.0002775224
0.002666211
0.006391104
0.01016953
0.01360119
0.01652092
0.01863941
0.01999317
0.02073138
0.02117852
0.02098776
0.01980207
0.01841493
0.01751071
0.01669143
0.01580319
0.01531333
0.01468221
0.01340045
0.01189677
0.01082353
0.009631472
0.008425664
0.00730508
0.006239119
0.005608271
0.005254278
0.00525841
0.005338734
0.005158259
0.004752288
0.00457971
0.004197203
0.003547409
0.003811878
0.005222841
0.006307153
0.00715297
0.008130569
0.0087186
0.008779001
0.008813531
0.009440665
0.0101525
0.0108959
0.0114439
0.01227905
0.01343898
0.01407948
0.01421639
0.01430534
0.01413052
0.01398421
0.01440398
0.0153877
0.01530001
0.0143164
0.01378116
0.01342108
0.0124371
0.01085562
0.008620706
0.006131782
0.004086372
0.002117028
5.946755e-05
-0.003258862
-0.006529805
-0.008052806
-0.008553181
-0.008836086
-0.0088962
-0.00929161
-0.009189036
-0.008633554
-0.008059332
-0.007516814
-0.006636112
-0.005628663
-0.005076926
-0.005290937
-0.006334146
-0.008382279
-0.01103594
-0.01317577
-0.01459608
-0.017009
-0.01909053
-0.01962637
-0.01921504
-0.01839747
-0.01778492
-0.01676694
-0.01484852
-0.0120335
-0.008570274
-0.005537491
-0.003373326
-0.001440556
0.001078491
0.004202556
0.007066052
0.008718783
0.009631491
0.01061911
0.01165755
0.01273364
0.01342469
0.01394918
0.0147186
0.01564683
0.01654642
0.01751838
0.01839736
0.01895702
0.01924669
0.01930857
0.01929105
0.01928936
0.01960375
0.02069014
0.02238992
0.02371752
0.02487384
0.02635243
0.02761387
0.02851913
0.0295646
0.02991959
0.02914676
0.02822019
0.02741831
0.02584295
0.02263601
0.01988458
0.0187439
0.01797215
0.0164142
0.01471658
0.01357966
0.01230654
0.0105095
0.008364876
0.006353226
0.004163239
0.002185904
0.0009516582
-0.0001649845
-0.001592143
-0.002711541
-0.004416259
-0.006398953
-0.007848246
-0.008497976
-0.0101185
-0.012382
-0.01338443
-0.01292591
-0.01238033
-0.01212732
-0.0113839
-0.0102062
-0.008810698
-0.00772015
-0.006748349
-0.00634458
-0.00707044
-0.007531411
-0.0074768
-0.008048459
-0.008662937
-0.008815452
-0.008715093
-0.008862961
-0.009297931
-0.009816027
-0.01005629
-0.01028427
-0.01096053
-0.01197916
-0.01317354
-0.01375568
-0.0145563
-0.01647618
-0.01715694
-0.01603363
-0.01530377
-0.01570194
-0.01626958
-0.01620627
-0.01613605
-0.01647181
-0.01724024
-0.01788113
-0.0180122
-0.01761765
-0.01641815
-0.01592138
-0.01611828
-0.01581898
-0.01528945
-0.01460938
-0.0143145
-0.01435361
-0.01402093
-0.01305226
-0.01211472
-0.01073368
-0.008555983
-0.005976205
-0.003923986
-0.002063043
-0.0002464085
0.0007541942
0.001178746
0.001735904
0.002363875
0.00231715
0.001615474
0.0009914168
0.001399874
0.002355196
0.002461746
0.002074556
0.002393665
0.003057679
0.003187411
0.003016454
0.002853156
0.00148353
-0.001433306
-0.004897932
-0.006734038
-0.007702984
-0.009588869
-0.01124945
-0.01118694
-0.01013842
-0.009662299
-0.009832639
-0.01001428
-0.00996901
-0.009407919
-0.008058454
-0.006696881
-0.005118542
-0.002943176
-0.0002747307
0.00235727
0.004549495
0.00658432
0.008509998
0.009150388
0.008816385
0.00853059
0.008582471
0.008699162
0.008680008
0.008978214
0.009327666
0.009036533
0.008667505
0.008708518
0.009403752
0.009520841
0.007916952
0.006632746
0.007116641
0.00761716
0.007609815
0.007997752
0.00817732
0.007303312
0.006287209
0.006521428
0.007238256
0.00747425
0.007321912
0.007216754
0.007130973
0.006546298
0.005860599
0.004947857
0.00383927
0.003691281
0.004548502
0.005631211
0.006105183
0.006471189
0.007496596
0.008547987
0.008857451
0.008839875
0.009113255
0.009661984
0.0101672
0.01083765
0.01127376
0.01092126
0.01030267
0.01034818
0.01052784
0.01052695
0.009836549
0.008597201
0.007650642
0.006670474
0.006095117
0.005868076
0.005259934
0.004568564
0.003800302
0.00324226
0.002841098
0.002251207
0.0009580439
-0.0001641992
-0.001096893
-0.001957605
-0.002999075
-0.004300133
-0.006140807
-0.008763439
-0.01148535
-0.0135384
-0.01499002
-0.01607612
-0.01767176
-0.01993424
-0.02137404
-0.02189318
-0.02175001
-0.0231556
-0.02516641
-0.02524019
-0.02421935
-0.02380428
-0.02405275
-0.0242745
-0.02375855
-0.02273795
-0.02251537
-0.022895
-0.02313342
-0.02283364
-0.02206179
-0.02163153
-0.02165533
-0.02172436
-0.02116308
-0.01963621
-0.01794474
-0.01678495
-0.0154502
-0.01342583
-0.01128993
-0.009841802
-0.008732046
-0.008013163
-0.007806593
-0.007835043
-0.007852875
-0.008068674
-0.008456104
-0.008293877
-0.008777303
-0.009959198
-0.01059175
-0.01055113
-0.01035171
-0.009584255
-0.00872553
-0.008717985
-0.009236456
-0.009287686
-0.008896708
-0.008647566
-0.008407682
-0.00821275
-0.007624525
-0.006760246
-0.00586321
-0.004993139
-0.004461358
-0.004317736
-0.003834005
-0.003590829
-0.00442907
-0.005601756
-0.006044384
-0.005912516
-0.005802871
-0.005873503
-0.005734643
-0.004373689
-0.00242676
-0.001187653
-0.0006545634
0.0005609784
0.002497007
0.003670813
0.004025356
0.003917999
0.003541894
0.002981516
0.002318515
0.002382449
0.003203492
0.004224426
0.004854053
0.005504655
0.006093611
0.00644833
0.006234587
0.005724982
0.005256884
0.004590939
0.004336943
0.004558439
0.004859146
0.005474464
0.005629118
0.005509937
0.006422602
0.008093299
0.009791599
0.01130616
0.01254618
0.01395138
0.01588726
0.01785336
0.0198013
0.02128043
0.02100126
0.02035061
0.02028872
0.01980174
0.01807441
0.01583764
0.01427786
0.01345298
0.01290714
0.01268254
0.01295879
0.01343315
0.01345943
0.01292367
0.01244534
0.01166288
0.01011051
0.00836139
0.00693989
0.005713679
0.004702793
0.003797589
0.00305776
0.002583359
0.002214455
0.002047928
0.001752378
0.001595682
0.001003241
-7.501264e-05
-0.000698703
-0.0002752902
0.001126511
0.002229531
0.001729372
0.001476621
0.001860861
0.002181061
0.002011425
0.001200611
0.0006290038
0.001030026
0.002132847
0.002476038
0.002706681
0.003834612
0.004747976
0.005424646
0.006406613
0.006684883
0.006911386
0.007775228
0.008834901
0.008563493
0.007584416
0.007153043
0.00727989
0.007250805
0.006569317
0.005813113
0.005069542
0.004706067
0.004693441
0.004764153
0.004786981
0.004772303
0.004765692
0.004981193
0.005865733
0.006736775
0.006994437
0.007171096
0.007232606
0.007154997
0.007328851
0.007548346
0.007615203
0.007579429
0.007555659
0.007567045
0.007550912
0.007240084
0.006740436
0.005980025
0.005320623
0.00492465
0.004890485
0.005207314
0.005125801
0.004822758
0.004651235
0.00415612
0.003477593
0.002702967
0.001887649
0.0009903642
4.753866e-05
-0.0005962909
-0.0007450775
-0.000677729
-0.000608924
-3.676053e-05
0.001144768
0.002050734
0.002706879
0.003399507
0.003968102
0.004448016
0.004973692
0.005925969
0.006675898
0.006894244
0.007119338
0.00733319
0.007405426
0.007450591
0.008071018
0.009250041
0.01009712
0.01077806
0.0115691
0.01245851
0.01344607
0.01459263
0.01530138
0.01537228
0.01524021
0.01521612
0.01526912
0.01529381
0.01557477
0.0158736
0.01492977
0.01339848
0.01365758
0.01512167
0.0158473
0.01677906
0.01773801
0.01770638
0.01688256
0.01630694
0.01565541
0.01450599
0.01271278
0.01062683
0.008724844
0.00676465
0.004342577
0.001622442
-0.001108622
-0.003491101
-0.005494304
-0.007566965
-0.01009073
-0.01260559
-0.01431456
-0.01561014
-0.01685346
-0.01803807
-0.01938365
-0.02038929
-0.02040236
-0.02033732
-0.02116371
-0.02221764
-0.02195405
-0.02013174
-0.01825187
-0.01704832
-0.01617957
-0.01484388
-0.01352888
-0.01232637
-0.01135655
-0.01049336
-0.009889043
-0.009154813
-0.008518245
-0.007781735
-0.006930122
-0.00647895
-0.006288013
-0.006141561
-0.006334174
-0.00649824
-0.006931261
-0.007323778
-0.007559789
-0.008145429
-0.008641193
-0.008729381
-0.008221295
-0.007509502
-0.007259765
-0.007632704
-0.008026833
-0.008073161
-0.00783431
-0.008136103
-0.008457746
-0.007540939
-0.006241219
-0.005358617
-0.004680822
-0.003852237
-0.002912245
-0.00204302
-0.001605997
-0.001418408
-0.00100495
-0.0005585148
0.0005785401
0.00176503
0.002715164
0.003975895
0.00518931
0.006098053
0.006867615
0.007252512
0.007281489
0.007057272
0.006641653
0.005702557
0.00454127
0.003052229
0.001527512
0.0002256768
-0.002132735
-0.005035907
-0.006361807
-0.006253331
-0.006638706
-0.008704306
-0.01094777
-0.01168345
-0.01121974
-0.0105459
-0.01082856
-0.01137755
-0.01134897
-0.01102569
-0.01112819
-0.01137248
-0.01163586
-0.01223946
-0.01268392
-0.01293953
-0.01354921
-0.01430909
-0.0145845
-0.01515477
-0.01617774
-0.01677219
-0.01677222
-0.0166322
-0.01662501
-0.01668491
-0.01666679
-0.01610951
-0.01494499
-0.013833
-0.01274491
-0.01126948
-0.01020927
-0.01050246
-0.01078468
-0.009592916
-0.007963229
-0.00667301
-0.005789862
-0.004448035
-0.002635056
-0.0007810537
0.0009557007
0.002151104
0.003152477
0.003881205
0.004451092
0.005205641
0.005842675
0.006011606
0.005927748
0.005879791
0.005910711
0.006137158
0.006482035
0.006625906
0.00614988
0.005077417
0.004228749
0.003487592
0.002639182
0.001745255
0.00064403
-0.0004393649
-0.0008798943
-0.001069327
-0.001700613
-0.002687855
-0.003378283
-0.003525605
-0.003935935
-0.004538582
-0.004839962
-0.005340856
-0.005704237
-0.005512314
-0.004949587
-0.004625278
-0.004641437
-0.004769806
-0.00529582
-0.00593517
-0.006456914
-0.006661253
-0.006801278
-0.006792669
-0.006485669
-0.006028554
-0.005332259
-0.004690656
-0.003972035
-0.003407377
-0.002833523
-0.002001319
-0.001252183
-0.0007512327
-0.0003730801
0.0005092512
0.001635694
0.002134145
0.002063619
0.0018928
0.001632248
0.001695539
0.001407633
0.001007064
0.0003832019
-0.0006331854
-0.001697189
-0.002618262
-0.003157347
-0.003304391
-0.00379568
-0.004325136
-0.004243064
-0.004480482
-0.005056499
-0.005873694
-0.006178069
-0.005503642
-0.004024359
-0.00329365
-0.002751788
-0.001434311
-0.0003167803
0.0004493926
0.001193928
0.001768158
0.001794346
0.001932353
0.002497537
0.002569967
0.002086562
0.001822511
0.002121085
0.002950108
0.003891018
0.004673851
0.004949492
0.00522246
0.005956049
0.006939304
0.007624186
0.008506685
0.009233076
0.009575384
0.009871723
0.01022439
0.0104015
0.01040428
0.01014305
0.01003087
0.01025711
0.01046123
0.01062385
0.0113388
0.01240466
0.01201437
0.01025453
0.009424054
0.00959442
0.009800847
0.009596816
0.00889895
0.008132821
0.00750453
0.007253029
0.007206893
0.00625977
0.005071847
0.004554318
0.004800741
0.005014546
0.00523163
0.005367013
0.005412679
0.005411865
0.005415938
0.00543858
0.005801653
0.006023921
0.005323374
0.00480234
0.004836115
0.00467066
0.003508133
0.002263265
0.001289893
-3.97937e-05
-0.001756887
-0.002802912
-0.003093325
-0.003060536
-0.003162342
-0.003032071
-0.002725447
-0.002373728
-0.001552015
-0.001533695
-0.002428254
-0.003415706
-0.003590256
-0.003085102
-0.003101722
-0.003561408
-0.003045145
-0.003047469
-0.003301678
-0.003126417
-0.002596368
-0.001394526
-0.0003971877
-0.0003125871
-0.0002858967
0.0001121458
0.0009268141
0.001593337
0.002058783
0.002624902
0.003970323
0.005827201
0.007603015
0.00874043
0.009784064
0.01082462
0.01216734
0.01339863
0.01380126
0.01378103
0.0139309
0.01385768
0.01366423
0.01317886
0.01184138
0.01054442
0.009892717
0.009699284
0.009678374
0.009436008
0.009302143
0.009507964
0.009687988
0.009692492
0.00971
0.01027179
0.01089117
0.01105821
0.01088531
0.010551
0.01034759
0.0098008
0.008811012
0.007568476
0.00644878
0.005015594
0.003237361
0.001420517
-0.000349124
-0.001816556
-0.00272246
-0.002860692
-0.002491505
-0.001516113
-0.0005060741
0.000258279
0.001325829
0.002083153
0.001607966
0.001150823
0.00247263
0.00436078
0.004781302
0.004598473
0.00503371
0.005346003
0.005076898
0.004316635
0.003041659
0.001610944
0.0001255931
-0.001272968
-0.002318179
-0.002806777
-0.002607689
-0.002728528
-0.003432702
-0.003619251
-0.003202212
-0.0030361
-0.004011109
-0.005360088
-0.005695981
-0.00557237
-0.005647111
-0.006593989
-0.007675782
-0.008026563
-0.008113017
-0.008325966
-0.008675214
-0.009020801
-0.008993565
-0.009324206
-0.01007703
-0.009992149
-0.008504939
-0.007077316
-0.006358414
-0.005604601
-0.004999085
-0.004841044
-0.004935502
-0.005254252
-0.005419335
-0.006186203
-0.007345276
-0.00786555
-0.008186146
-0.009034938
-0.009318091
-0.008762216
-0.008602636
-0.009230435
-0.009864113
-0.01036777
-0.01068153
-0.0113494
-0.01203413
-0.01278309
-0.01321059
-0.01326327
-0.01378795
-0.01515646
-0.01632496
-0.01750656
-0.01727254
-0.01618822
-0.01568746
-0.01582581
-0.01598459
-0.01552353
-0.01474042
-0.01440283
-0.01434063
-0.01420567
-0.01419142
-0.01371459
-0.01323279
-0.01312217
-0.01306815
-0.01245156
-0.0114758
-0.0106985
-0.01024586
-0.009180775
-0.007678496
-0.007381901
-0.007702002
-0.006866429
-0.005585837
-0.004251129
-0.003157988
-0.00259149
-0.001587472
-0.0008775091
-0.0003497251
0.0008816719
0.001790135
0.001509632
0.001198889
0.001811455
0.00324469
0.00396576
0.004317049
0.005184792
0.006586282
0.007307603
0.007731274
0.008415079
0.009367959
0.01034523
0.01119764
0.01200342
0.01240917
0.01242742
0.01235736
0.01258084
0.01354863
0.0135514
0.01268028
0.01219351
0.01225306
0.01175068
0.01042486
0.00962462
0.009610527
0.009311755
0.00818066
0.007155943
0.006905582
0.006563135
0.005466923
0.004166286
0.00365786
0.004084863
0.004300536
0.003115352
0.001308484
8.770233e-05
-0.0006369453
-0.001213526
-0.001300721
-0.001094694
-0.0009817707
-0.000983703
-0.0005528808
0.0001042678
0.0005875077
0.001390925
0.00244479
0.002944759
0.003105627
0.003876006
0.004948881
0.004891621
0.004133916
0.00353178
0.003171828
0.003499581
0.003664726
0.003519959
0.003634256
0.00456269
0.005633048
0.005235881
0.004946253
0.00567273
0.006347805
0.006413501
0.006217491
0.006136792
0.006163847
0.006180677
0.006162572
0.006146528
0.006153677
0.006183696
0.00597297
0.00563131
0.005740981
0.006149897
0.006408531
0.006997545
0.007829489
0.008243011
0.008607568
0.008830099
0.008643783
0.008131006
0.007368322
0.006947813
0.006421149
0.005530286
0.004856415
0.004418972
0.0040971
0.004327863
0.004091207
0.003504918
0.003532684
0.004283015
0.004666493
0.004012352
0.003220793
0.003020156
0.002883061
0.002226861
0.001115187
-0.0001361742
-0.001128799
-0.002272858
-0.003836335
-0.004883168
-0.005549095
-0.005891388
-0.005650103
-0.005103366
-0.004360621
-0.003624927
-0.003564713
-0.003206995
-0.002277152
-0.001212999
-0.0006393389
-0.0005064042
3.37354e-06
0.000683508
0.001513406
0.002388976
0.003143183
0.003863163
0.004855867
0.006094866
0.007348176
0.007536046
0.007181834
0.007403068
0.008201896
0.008613951
0.008518355
0.008368617
0.008377205
0.008439052
0.008333854
0.007645997
0.006661933
0.005500853
0.004701746
0.004603249
0.003923721
0.003129841
0.002925729
0.003199477
0.003792893
0.003332154
0.001876649
0.000858665
0.0004755774
-1.976748e-05
-0.001423795
-0.003128524
-0.004536682
-0.005322142
-0.005587053
-0.006869007
-0.008277696
-0.008703463
-0.008450258
-0.0086163
-0.009426892
-0.009808966
-0.009650571
-0.009244228
-0.008917006
-0.008855493
-0.008905262
-0.008919536
-0.008822499
-0.008422482
-0.007895856
-0.007504421
-0.007403244
-0.007417872
-0.007108667
-0.006129338
-0.005645146
-0.006429199
-0.006892359
-0.006088756
-0.006449172
-0.00801903
-0.009340345
-0.009306997
-0.00935753
-0.01007475
-0.01086621
-0.0113778
-0.01183661
-0.01184019
-0.01199261
-0.01281039
-0.01406051
-0.01428988
-0.0134388
-0.01368247
-0.01414994
-0.01414221
-0.0143248
-0.01456932
-0.01464413
-0.01431101
-0.01382378
-0.01334752
-0.01280749
-0.012038
-0.01099531
-0.01008191
-0.009523154
-0.009143602
-0.008228835
-0.007508638
-0.00724785
-0.006964404
-0.006638942
-0.006530552
-0.006581533
-0.006602742
-0.006561778
-0.006764594
-0.006958883
-0.007598455
-0.00868107
-0.009845379
-0.01063057
-0.009814006
-0.008867806
-0.009493255
-0.01014866
-0.009893058
-0.00918166
-0.009037935
-0.009530631
-0.01015658
-0.01045889
-0.01030278
-0.009587163
-0.00903493
-0.008855462
-0.008482599
-0.008023167
-0.006394007
-0.004568193
-0.003940153
-0.003263545
-0.001896938
-0.000398837
0.0009379642
0.001465938
0.001413262
0.001315686
0.001539635
0.002298682
0.003288831
0.003952727
0.004317702
0.005272769
0.006283563
0.006806854
0.007071317
0.00771157
0.008720761
0.009456256
0.009847342
0.01074337
0.0117075
0.01207019
0.01214025
0.01191286
0.01200032
0.01224789
0.01236595
0.01233935
0.01227867
0.01226368
0.01235254
0.01265166
0.01257104
0.0124045
0.01283746
0.01260151
0.01155006
0.01144999
0.01209263
0.0123715
0.01193499
0.01131428
0.01095767
0.01093952
0.0109229
0.01023027
0.008980041
0.008275475
0.008802953
0.00911107
0.007407298
0.005606237
0.005293754
0.005880463
0.005914958
0.005536191
0.005351053
0.005531673
0.005982327
0.006099698
0.00594931
0.005803588
0.005807814
0.005196167
0.004353911
0.004579
0.004862222
0.0044714
0.004700506
0.005833302
0.006635197
0.007026423
0.007647158
0.008601483
0.009567941
0.01030751
0.01078122
0.01080257
0.01089366
0.01118549
0.01121949
0.01136405
0.01117157
0.01001726
0.009428708
0.009981905
0.0105195
0.01053282
0.01001194
0.009270108
0.008984487
0.009063577
0.008730535
0.008009654
0.008061582
0.008821829
0.009252449
0.009092142
0.008721406
0.008874336
0.009166253
0.009236481
0.009173953
0.009543627
0.009668331
0.008609989
0.007826104
0.007954521
0.007994434
0.007370204
0.006524565
0.006259089
0.006230601
0.005792705
0.005432554
0.005144852
0.005028778
0.004845888
0.004162149
0.003572596
0.00331304
0.003018673
0.002523154
0.002006887
0.001266512
0.000615713
0.0001511872
0.0001414845
0.0005074287
0.0006945204
0.00105124
0.001239548
0.0008481272
0.0009099529
0.00114355
0.000822353
0.0001975156
-5.213882e-05
-0.0001360394
-0.0004696884
-0.0006829018
-0.0001328302
0.0003219268
0.0002075128
0.0002316475
0.0005373003
0.0008715111
0.0006894727
0.0005652409
0.001031643
0.0004206567
-0.001327595
-0.001924747
-0.001607018
-0.001747898
-0.00211235
-0.002203677
-0.001944103
-0.001210361
-0.000658582
-0.0005778466
-0.0006786021
-0.0007039734
-0.0006316462
-0.0002655845
4.132708e-05
-0.0001958166
-0.0003457528
0.0002146197
0.0002846854
-0.000268054
-0.0003765185
-0.0008641032
-0.001713186
-0.002381958
-0.002756798
-0.003057241
-0.00315262
-0.002846479
-0.002801592
-0.002350463
-0.001541719
-0.002601032
-0.004040929
-0.003867798
-0.0032375
-0.003603968
-0.004244276
-0.004562966
-0.005037947
-0.005425953
-0.005693684
-0.006459761
-0.007734851
-0.008931632
-0.009574814
-0.01060017
-0.01137315
-0.01237711
-0.01379727
-0.01405783
-0.01351876
-0.01376098
-0.01462013
-0.01478852
-0.01440571
-0.0141684
-0.0142387
-0.01451562
-0.01487073
-0.0150164
-0.01504022
-0.01514527
-0.0152906
-0.0155639
-0.01570628
-0.01569563
-0.01565889
-0.015446
-0.01503407
-0.01451388
-0.01424193
-0.0141956
-0.01392158
-0.01344297
-0.01297695
-0.01254184
-0.01212288
-0.01175677
-0.01138776
-0.01073882
-0.01033276
-0.01030869
-0.01039573
-0.01040748
-0.01032239
-0.01000449
-0.009806222
-0.009335205
-0.008971447
-0.00891193
-0.00878124
-0.008650839
-0.008574032
-0.008067546
-0.007607272
-0.007021773
-0.006479983
-0.006041251
-0.005363766
-0.004740425
-0.004309157
-0.003664432
-0.002751439
-0.002282406
-0.002105444
-0.001818479
-0.001328505
-0.001032112
-0.00102407
-0.001091177
-0.00109686
-0.001068606
-0.001059395
-0.001019116
-0.0005072878
-0.0003948317
-0.0005886342
-0.0001676297
0.0003719354
0.0009661919
0.0009639659
0.0004844648
0.0004278456
0.0006332964
0.0005714712
0.0007028411
0.001080658
0.001286763
0.001748751
0.001824031
0.0008589598
-0.0006187567
-0.0008054505
-6.74781e-05
-0.0006413301
-0.002283899
-0.003137529
-0.00344911
-0.003578221
-0.003901949
-0.004414554
-0.00469077
-0.004884746
-0.004725469
-0.004054641
-0.00360928
-0.003595972
-0.003702429
-0.003515122
-0.003074159
-0.00277131
-0.002690759
-0.002463252
-0.002038038
-0.0020651
-0.002084661
-0.001516452
-0.001031974
-0.0009230266
-0.0004682788
0.0001774509
0.0006806417
0.00109099
0.001340533
0.002092954
0.003061066
0.003696828
0.004351844
0.005276446
0.006031667
0.006227694
0.006604113
0.006963293
0.007125826
0.007614149
0.008456588
0.009352296
0.01003164
0.01106547
0.01221249
0.01340302
0.01414045
0.01359513
0.01318867
0.01354706
0.01413824
0.01431328
0.0135062
0.01270647
0.01281111
0.01296361
0.01284637
0.01265678
0.01233222
0.01222853
0.01286987
0.01292673
0.0118035
0.01023192
0.009904436
0.01087727
0.01178374
0.0119227
0.01201756
0.01268133
0.01302413
0.01275692
0.01267188
0.01251566
0.01212127
0.01168452
0.01084605
0.01007827
0.009790292
0.009782291
0.009355761
0.008492209
0.007722052
0.007252947
0.006648734
0.005339451
0.004043267
0.003105902
0.002314763
0.001492034
0.0004311853
-0.000363285
-0.0008300963
-0.000977275
-0.0009359966
-0.0006672346
-0.001235301
-0.002858118
-0.003605577
-0.003455907
-0.003951571
-0.004816694
-0.005475273
-0.005811709
-0.005556267
-0.005089122
-0.005208629
-0.00551217
-0.005031698
-0.003916079
-0.002841499
-0.002230299
-0.001627887
-0.0009891064
1.98145e-05
0.001044579
0.001187532
0.001415288
0.002228412
0.003257363
0.004362639
0.004637247
0.004281845
0.004804177
0.005671517
0.006219899
0.006781475
0.007171227
0.007556085
0.007983383
0.008363907
0.008531373
0.0090208
0.009638918
0.009891728
0.009827393
0.009762256
0.009733735
0.009236432
0.008628405
0.00838514
0.007905639
0.007245989
0.006473926
0.005905018
0.005729709
0.005227112
0.003900744
0.002692238
0.002590609
0.002612551
0.002148584
0.001311908
0.0006514945
-1.259173e-05
-0.0004982926
-0.000690733
-0.001183351
-0.001699903
-0.001849743
-0.001751694
-0.001893931
-0.002079635
-0.002226042
-0.002530276
-0.002934263
-0.003582091
-0.004184825
-0.004951985
-0.006049988
-0.007073571
-0.007852752
-0.008414325
-0.009060495
-0.009635944
-0.009987659
-0.01011848
-0.01041612
-0.01058642
-0.01026334
-0.009937141
-0.009717828
-0.009797059
-0.01020318
-0.01061427
-0.01070523
-0.01061489
-0.01079382
-0.01124451
-0.0117539
-0.01193265
-0.01185223
-0.01174925
-0.01173896
-0.01142483
-0.01074068
-0.01037069
-0.01039788
-0.01049552
-0.01048538
-0.01017008
-0.009976753
-0.009838657
-0.009123161
-0.008061153
-0.007603374
-0.007702304
-0.007850156
-0.007727946
-0.007044886
-0.006455658
-0.006353728
-0.006466027
-0.006503588
-0.00647968
-0.006466353
-0.006472685
-0.006213337
-0.005811547
-0.005372953
-0.00489946
-0.004466539
-0.004025939
-0.003820381
-0.003826491
-0.003867512
-0.003863807
-0.003844397
-0.003850395
-0.003905252
-0.003950291
-0.003955801
-0.003945825
-0.003810876
-0.003195461
-0.00270955
-0.002654766
-0.002763225
-0.002822734
-0.002833858
-0.002835098
-0.002852841
-0.002907584
-0.002947184
-0.00295065
-0.002952817
-0.003000762
-0.003044407
-0.003063197
-0.003474506
-0.004168977
-0.004489949
-0.004447899
-0.004363913
-0.003946865
-0.004285458
-0.006037215
-0.007224992
-0.007115997
-0.006173939
-0.005611693
-0.005653626
-0.005671315
-0.004869028
-0.004050592
-0.004128693
-0.003834072
-0.002388835
-0.0008577298
-0.0001658274
0.0003439331
0.001128645
0.001860534
0.002052008
0.001939864
0.001874415
0.002347728
0.002582324
0.002608343
0.002881021
0.003110465
0.003182499
0.003195003
0.003834843
0.004703067
0.004805855
0.005022497
0.005808631
0.006982932
0.007826748
0.008267454
0.008516269
0.009102718
0.009536112
0.009309809
0.008191079
0.007208337
0.007281755
0.007924788
0.007480592
0.00627809
0.005874413
0.006375811
0.006997843
0.006697209
0.005982985
0.005720679
0.005628836
0.005564872
0.005785772
0.006221494
0.006189198
0.005964949
0.006289631
0.005916097
0.004902101
0.004378602
0.004471273
0.004350596
0.003096298
0.001925928
0.001403639
0.0006503934
0.0005569023
0.001121201
0.001773839
0.00203737
0.001997399
0.001943555
0.002037467
0.002641402
0.003317913
0.004057208
0.004550969
0.004642895
0.004653967
0.005157957
0.00552216
0.005542239
0.005303381
0.005105244
0.004751866
0.004493815
0.0044507
0.004495321
0.004429316
0.003497618
0.002385162
0.001943175
0.001857241
0.001821887
0.001697078
0.00107344
0.0004418717
0.0002562001
0.0003198214
0.0003620823
0.0003294205
0.0003672817
0.001208182
0.001953833
0.001567061
0.0008735048
0.001410562
0.002675703
0.003785536
0.004167105
0.00387461
0.003938597
0.004225564
0.004539037
0.004819205
0.00478908
0.004729325
0.004795154
0.005297598
0.005676317
0.005767503
0.006202627
0.00622883
0.005895856
0.006103634
0.005609296
0.004651176
0.004156464
0.003659866
0.002861777
0.001992851
0.001647381
0.001644279
0.001159358
0.0004966679
0.0002728802
0.0003840893
0.0009844804
0.001355016
0.000561887
-0.0006277904
-0.0006496731
-0.0004643186
-0.001278539
-0.002212675
-0.001946644
-0.001376017
-0.001487464
-0.001377673
-0.001320676
-0.00180288
-0.001724788
-0.0009128564
-0.0001294476
0.0003137878
0.000623903
0.00106892
0.00162101
0.001879558
0.001893617
0.00188071
0.001904675
0.001927292
0.001880503
0.00153973
0.001085601
0.0009767475
0.0006090387
5.29267e-05
-5.668194e-05
1.886858e-06
2.312039e-06
-7.448997e-05
-0.0001425278
-0.0004418708
-0.0008675383
-0.001068778
-0.001123662
-0.001172448
-0.001247776
-0.00130948
-0.001362911
-0.00142797
-0.001291453
-0.0009776753
-0.0005769696
-0.0004124111
-0.0001511816
8.830392e-05
-0.0008663538
-0.001929603
-0.002224752
-0.002070777
-0.001984064
-0.002044086
-0.002097098
-0.002085155
-0.002059735
-0.002057686
-0.00206947
-0.002347015
-0.002675398
-0.002341317
-0.001917536
-0.001826078
-0.001887477
-0.001902956
-0.001867765
-0.001842547
-0.001751553
-0.00114789
-0.0002153238
0.000854591
0.001237506
0.00097098
0.0007535439
0.0007589631
0.0006482425
-0.000397854
-0.001706715
-0.002211944
-0.002097335
-0.00197004
-0.002040857
-0.002160139
-0.002084355
-0.001802773
-0.001906661
-0.00214156
-0.001892708
-0.0008504934
-0.0004979455
-0.001202388
-0.0009847689
5.638025e-05
0.0006358778
0.0005273859
0.0004619461
0.00129147
0.001753356
0.00219677
0.002808101
0.002999236
0.002210247
0.001507225
0.002238239
0.003133405
0.003158191
0.002298069
0.001271207
0.0005606894
0.0004041346
0.0004663387
4.795958e-05
-0.0008191865
-0.001487
-0.001916397
-0.002185368
-0.002670414
-0.003057358
-0.003310184
-0.003617847
-0.003762759
-0.003122374
-0.003475169
-0.004547293
-0.005200439
-0.005581845
-0.005274959
-0.004687498
-0.003907787
-0.003008764
-0.002326965
-0.002153322
-0.002215601
-0.00201265
-0.001480571
-0.001404171
-0.001719975
-0.001755944
-0.001599497
-0.001685186
-0.002070771
-0.002288872
-0.002264137
-0.002197993
-0.002169792
-0.001917234
-0.001921531
-0.002294609
-0.002611155
-0.002426595
-0.002185243
-0.002139498
-0.002157239
-0.002157613
-0.002180833
-0.002207749
-0.002182011
-0.00233642
-0.002996764
-0.003010408
-0.00237775
-0.002047671
-0.002137688
-0.002264477
-0.002059866
-0.001534939
-0.001695815
-0.00213695
-0.002501473
-0.003061563
-0.003002785
-0.002414379
-0.002094365
-0.002146631
-0.002247857
-0.002046571
-0.001337457
-0.0006703707
-0.0002283795
0.0001862818
0.0004301697
0.0004627399
0.0004624285
0.0004864729
0.0005071905
0.0005080147
0.0004831752
0.0006934781
0.001196564
0.001759401
0.002607897
0.002350085
0.001103981
0.0007069302
0.001294436
0.002412843
0.002891111
0.002299661
0.001553561
0.001616231
0.002638373
0.003029031
0.0020614
0.0008103039
0.001131542
0.002577588
0.002832853
0.002055588
0.001602158
0.001958897
0.002815249
0.003240298
0.003177614
0.003046424
0.003036879
0.002850741
0.002207408
0.001766589
0.001743436
0.001844441
0.001820489
0.001731069
0.00162969
0.001380615
0.001199798
0.0004885335
3.512433e-05
0.0002211068
0.000456874
0.000481452
0.0004190219
0.0006316162
0.0007652388
0.0005254723
0.0003696782
0.0006217111
0.0005971658
0.0004525271
0.0006216615
0.0006355564
0.0009745878
0.001441599
0.001544777
0.001288859
0.001406945
0.001207839
0.0008578491
0.0005632381
0.0003179023
0.0002625544
0.0005685451
0.0006838591
0.0004607127
0.0002923282
0.0004033775
0.0007026506
0.0003462998
-3.716539e-05
-0.0003654407
-8.83259e-05
0.0003902619
0.0005458568
0.0004650773
0.0004281836
0.0004870701
0.0004453058
0.0001656315
-0.0004895482
-0.001872434
-0.003702293
-0.004432183
-0.003726648
-0.002670908
-0.003085923
-0.004066269
-0.00398458
-0.003457258
-0.003281822
-0.003513151
-0.003960665
-0.004418287
-0.004710819
-0.004766612
-0.004742703
-0.005137463
-0.00587182
-0.006527616
-0.006837936
-0.006838624
-0.006484198
-0.006149241
-0.00606796
-0.005696986
-0.005319113
-0.005048767
-0.004729347
-0.004173355
-0.004304629
-0.004760392
-0.004807384
-0.00435727
-0.003918955
-0.003702709
-0.002882058
-0.003014471
-0.004100141
-0.004210492
-0.003646743
-0.003205689
-0.002477126
-0.00166119
-0.0009216399
-2.46376e-05
0.0006594186
0.00140367
0.002016191
0.002734223
0.003209671
0.003595736
0.003556779
0.003275033
0.003450333
0.004115534
0.005133748
0.004719268
0.003622855
0.003600813
0.003957192
0.004036794
0.004002548
0.003987766
0.003792856
0.003340055
0.003081314
0.003076897
0.003124092
0.003112524
0.00272683
0.002006845
0.001262601
0.0005908551
-3.757149e-05
-0.0007244543
-0.001338139
-0.001634558
-0.001251321
-0.0006091424
-0.000653335
-0.0005911956
4.442352e-05
0.0008468795
0.001288327
0.001440301
0.001605304
0.00183238
0.002499105
0.00271495
0.001799916
0.001028995
0.001319886
0.001805217
0.001901737
0.001696602
0.001304199
0.0008571562
0.0006282779
0.0007814935
0.0006675209
0.0004437853
0.0003658911
0.0005167208
0.0008390986
0.0004918239
-0.0007806016
-0.00155104
-0.001239519
-0.001055931
-0.001450071
-0.002056979
-0.002300404
-0.002213671
-0.002126491
-0.002260883
-0.002929253
-0.003490797
-0.003855141
-0.003865747
-0.003716316
-0.004157723
-0.004729751
-0.004828066
-0.004275394
-0.004417402
-0.005078992
-0.00496895
-0.004685903
-0.004139041
-0.003698657
-0.003603708
-0.003782548
-0.00435618
-0.004413286
-0.004564314
-0.004922909
-0.005116476
-0.005088046
-0.004776207
-0.004819219
-0.005926462
-0.006577972
-0.005531699
-0.004207093
-0.003859398
-0.004205717
-0.004112588
-0.003655445
-0.00351055
-0.003780991
-0.003971995
-0.003909709
-0.003735726
-0.003227964
-0.003027381
-0.002490569
-0.001663125
-0.001016761
-0.0006214948
4.203743e-05
0.0007296836
0.00152586
0.002151629
0.002835879
0.003274145
0.003329948
0.003361301
0.003620345
0.003804488
0.003674173
0.003449867
0.003667074
0.004092668
0.003976215
0.003727039
0.003408139
0.003262607
0.003521502
0.00362106
0.003368558
0.003067433
0.002485562
0.001880725
0.001479009
0.001390665
0.001572482
0.001835121
0.001916534
0.00174456
0.002082568
0.001662559
0.001050798
0.001109019
0.001417961
0.001304558
0.00107314
0.001144821
0.001371529
0.001487249
0.001638133
0.001974988
0.002466153
0.002961691
0.003157114
0.002326816
0.001636159
0.002103298
0.002981833
0.002772273
0.002434852
0.002840067
0.003270104
0.003314407
0.003290405
0.003616927
0.004171428
0.004528446
0.004553757
0.004796188
0.005426136
0.005797323
0.006039392
0.006365466
0.006550515
0.006701953
0.007005323
0.007703228
0.008509982
0.008661049
0.008317341
0.008120446
0.008153791
0.00822506
0.008235559
0.008206965
0.008182369
0.008192552
0.00838431
0.009243769
0.0091218
0.007445639
0.006834563
0.007710017
0.008390575
0.007950404
0.007010936
0.006638546
0.00652269
0.006477094
0.006409235
0.006613216
0.0065677
0.006285228
0.006290622
0.006392384
0.006303462
0.005409986
0.004335494
0.003607967
0.003049512
0.002447391
0.001373363
0.0003336905
-2.642236e-05
3.685834e-05
0.0002142106
0.0009195531
0.002322475
0.003543407
0.004779174
0.006353355
0.007671715
0.008306624
0.008572719
0.00865919
0.008443976
0.007961478
0.007911674
0.007953328
0.007411529
0.006292945
0.005725614
0.005390088
0.00468535
0.00380493
0.003466861
0.003447392
0.002912213
0.002305443
0.002023213
0.001472079
0.001037194
0.001488373
0.002146818
0.002349544
0.00225917
0.002183978
0.002531153
0.003221496
0.003640367
0.003810881
0.00356546
0.003322997
0.002869486
0.002144369
0.001312179
0.0002460348
-0.0005872954
-0.001080279
-0.001774621
-0.002401242
-0.002975216
-0.003652805
-0.004034207
-0.00409843
-0.004096177
-0.004170774
-0.004285835
-0.004348451
-0.004387004
-0.004430594
-0.004855693
-0.005846885
-0.006699401
-0.00721544
-0.007703366
-0.008349144
-0.008321103
-0.007515019
-0.006930267
-0.007705631
-0.008526992
-0.008102757
-0.007332079
-0.007126394
-0.007298435
-0.007393909
-0.007339405
-0.007150563
-0.006503251
-0.006290344
-0.006469895
-0.006285319
-0.006214736
-0.005936441
-0.005144128
-0.004607896
-0.004750925
-0.004743039
-0.004637639
-0.004894334
-0.00545168
-0.005861326
-0.005991997
-0.006499783
-0.007049869
-0.007251397
-0.007201478
-0.007121185
-0.006857246
-0.006824522
-0.00703602
-0.007158316
-0.007195152
-0.007307137
-0.00791182
-0.008479868
-0.008850757
-0.0089195
-0.008931188
-0.008726946
-0.008561247
-0.008544419
-0.008568384
-0.008586177
-0.008586889
-0.008576589
-0.008217259
-0.007557358
-0.007229076
-0.007295137
-0.007416867
-0.007445863
-0.00743277
-0.007423655
-0.007448183
-0.007477673
-0.007493588
-0.00788746
-0.009030763
-0.01010457
-0.01038268
-0.009834055
-0.009102737
-0.009145276
-0.009157983
-0.008504045
-0.008480732
-0.008953673
-0.009495794
-0.009061813
-0.008063167
-0.007651954
-0.00751762
-0.007488316
-0.007068428
-0.006663941
-0.006442378
-0.005877042
-0.005273742
-0.004419385
-0.003490987
-0.00387864
-0.004301204
-0.003599456
-0.002826603
-0.002754494
-0.002560423
-0.002115973
-0.001945759
-0.001800612
-0.001711534
-0.001674174
-0.001207918
-0.000264577
0.000659955
0.001727214
0.002492716
0.003166504
0.003490682
0.003495414
0.003448186
0.003463389
0.00331482
0.002985372
0.002776037
0.002457459
0.00221104
0.002146982
0.002204769
0.002266895
0.002466274
0.003123552
0.004314472
0.005500885
0.005170401
0.003950238
0.003596876
0.00439732
0.004982715
0.004944645
0.004758679
0.004724001
0.004779662
0.00478127
0.004494201
0.004279073
0.004448153
0.004581583
0.004556774
0.00448115
0.004440002
0.004406231
0.004383923
0.004374391
0.004336466
0.004290365
0.004324756
0.004880635
0.005558173
0.006267787
0.006800135
0.00694419
0.007208675
0.007890694
0.008296333
0.008271364
0.00815266
0.00782049
0.006829106
0.005808189
0.00574108
0.006286691
0.006728882
0.006770087
0.006897369
0.007271809
0.007467005
0.006936819
0.006371359
0.005702017
0.0054782
0.006027475
0.006399168
0.005795218
0.004989791
0.004774225
0.004907648
0.004975661
0.004923377
0.004879706
0.004867486
0.00483625
0.004830871
0.004859437
0.004790919
0.004186565
0.003807799
0.003840948
0.00399111
0.003773781
0.003505551
0.003449052
0.003510839
0.003470478
0.003114148
0.002894824
0.003216998
0.003548358
0.003607524
0.003539252
0.003743438
0.004128939
0.004390306
0.004332828
0.003805739
0.003506362
0.003540863
0.003234819
0.002402339
0.001400944
0.0008755144
0.0008599081
0.0005710264
-0.0001662516
-0.0005805194
-0.0005490339
-0.0005406193
-0.001157062
-0.002128563
-0.002938283
-0.003260332
-0.003312754
-0.002642375
-0.002605217
-0.003374559
-0.004132297
-0.004786597
-0.004985262
-0.004327146
-0.003814384
-0.003580607
-0.003284069
-0.003070699
-0.003022813
-0.002698755
-0.00203276
-0.001678103
-0.001705984
-0.001798736
-0.001775668
-0.001728594
-0.001736365
-0.00176261
-0.001768521
-0.001860101
-0.002105103
-0.001988813
-0.001766853
-0.001702054
-0.001641558
-0.001060141
-0.000483071
-0.0003493337
-0.0004522236
-0.000500912
-0.0004565835
-4.642872e-05
0.0002911773
-8.759571e-05
-0.00050255
-0.0009138303
-0.001486388
-0.001786132
-0.00142549
-0.0006766901
-0.0003247377
-0.0003715545
-0.0004787444
-0.0004776952
-0.0004276834
7.601864e-05
0.00129637
0.001709355
0.001573736
0.001994062
0.002127375
0.001520833
0.001584953
0.002488721
0.003439603
0.003707278
0.003569689
0.003591326
0.003994113
0.00418076
0.004189883
0.004561421
0.00488645
0.004942982
0.005231148
0.005887243
0.006254558
0.006226095
0.006001636
0.005713714
0.005955446
0.006447645
0.006014293
0.005037501
0.004565243
0.004240973
0.003659028
0.003264925
0.003213777
0.003281958
0.003028214
0.002895199
0.003058298
0.003154541
0.002743012
0.002074251
0.002345937
0.002966296
0.003097926
0.002907675
0.00280037
0.002801903
0.002701362
0.001942081
0.0006645466
4.834578e-05
0.0005254893
0.0005520385
0.0003568509
0.0001193982
-7.837766e-05
-2.101317e-05
0.000458283
0.0003088919
-0.0005903669
-0.001451469
-0.001399058
-0.001243017
-0.001432867
-0.001645139
-0.001668999
-0.00160583
-0.001584396
-0.001605827
-0.001651395
-0.001696768
-0.001680525
-0.001656139
-0.001670665
-0.001802756
-0.002463927
-0.003034713
-0.003123649
-0.003191743
-0.003811327
-0.004499451
-0.004792675
-0.005015085
-0.00568621
-0.006655217
-0.007135197
-0.00707887
-0.006784422
-0.006632685
-0.007378228
-0.008766924
-0.009712475
-0.009618179
-0.008569778
-0.007863067
-0.008540626
-0.009115065
-0.008591548
-0.007934086
-0.008000839
-0.007835049
-0.007025301
-0.006011471
-0.005579923
-0.005651271
-0.005757112
-0.005727183
-0.005651784
-0.005683642
-0.005993427
-0.006017951
-0.006311446
-0.006793417
-0.006982802
-0.006921368
-0.006875597
-0.006942032
-0.006958871
-0.006433105
-0.005783228
-0.005577201
-0.005674891
-0.005568472
-0.005375401
-0.005054458
-0.004677498
-0.004785014
-0.005494465
-0.005507622
-0.004949715
-0.004469276
-0.004403288
-0.004160853
-0.003721693
-0.003562252
-0.003691757
-0.003762588
-0.003519975
-0.003599229
-0.003618128
-0.00364277
-0.003538895
-0.002987908
-0.002389417
-0.002266537
-0.002641328
-0.003398833
-0.003889778
-0.00348091
-0.003375534
-0.00349723
-0.002788403
-0.001651195
-0.0008941792
-0.000559199
-0.0002233474
1.845602e-05
0.0003929124
0.001093053
0.001566837
0.002137013
0.002561369
0.001870432
0.001059256
0.001373241
0.002063673
0.001910396
0.001925916
0.002019409
0.002067747
0.002125333
0.002217759
0.002439764
0.002562892
0.002555067
0.002516017
0.002490473
0.002468101
0.002449573
0.002483999
0.002530033
0.002523433
0.002824347
0.003493461
0.003854197
0.003964278
0.004541473
0.005250151
0.005540586
0.004706104
0.004002783
0.004485077
0.00487245
0.0045114
0.004929217
0.005188384
0.004537736
0.004349256
0.004930888
0.004859638
0.004701765
0.005161167
0.005619652
0.005722171
0.006001032
0.006543283
0.006322915
0.006240461
0.007237328
0.007616834
0.007233095
0.007280909
0.007743093
0.007779844
0.007563525
0.00754235
0.007375809
0.00706393
0.006797142
0.006203828
0.005585147
0.005208152
0.00512864
0.005027482
0.004816046
0.004652234
0.004487291
0.004351419
0.004583911
0.004964464
0.004588042
0.003431716
0.002667389
0.002895418
0.003099924
0.002953938
0.003461469
0.004203058
0.003683049
0.00280584
0.002556726
0.00298519
0.003280561
0.003664373
0.004077015
0.004255271
0.004257852
0.003893417
0.00323199
0.002922691
0.003026851
0.003443566
0.003578015
0.003353928
0.003202595
0.003711088
0.004750616
0.004895914
0.003910744
0.002690645
0.002714897
0.003371208
0.003626348
0.003211777
0.002633996
0.002165723
0.001761016
0.001351087
0.0008590359
0.0003587656
0.0001838783
7.343168e-05
-0.0003022203
-0.0007021263
-0.0008435186
-0.0008610079
-0.001235298
-0.001708816
-0.001547278
-0.0007951641
-0.0006419694
-0.001315636
-0.002208535
-0.002497422
-0.002367332
-0.002274692
-0.002318083
-0.002483401
-0.003234194
-0.004400749
-0.005049059
-0.005046515
-0.005150235
-0.005433345
-0.005575369
-0.005594642
-0.005825259
-0.00599486
-0.006097927
-0.006653696
-0.007205867
-0.00731466
-0.007168895
-0.007193985
-0.007459039
-0.007350031
-0.007342587
-0.007648803
-0.007926721
-0.007830286
-0.007601388
-0.0074576
-0.007676679
-0.008154813
-0.008398787
-0.008115094
-0.007870546
-0.007538892
-0.007083164
-0.006660101
-0.00680146
-0.007110859
-0.007140288
-0.006509627
-0.005815586
-0.005131121
-0.004878475
-0.005196768
-0.005530428
-0.005617021
-0.005223329
-0.004435546
-0.003590389
-0.003580852
-0.004074979
-0.003583458
-0.002468661
-0.001949614
-0.002131396
-0.00256455
-0.002452882
-0.00214702
-0.001982384
-0.001762363
-0.001729336
-0.001110681
-0.001211219
-0.001857759
-0.002181419
-0.002104353
-0.001991222
-0.001980313
-0.001954609
-0.001884399
-0.001860464
-0.002170511
-0.002629604
-0.002654422
-0.00241315
-0.001744094
-0.001625498
-0.002064952
-0.002434973
-0.002425981
-0.002254155
-0.002076614
-0.001787257
-0.001151158
-0.0005881608
-0.0004554942
-0.0004734733
-0.0001703805
0.0002738947
0.0003687505
0.000488793
0.0008577595
0.001307689
0.001962375
0.002251283
0.001989189
0.001720061
0.001676858
0.0019258
0.002022769
0.002059717
0.002530506
0.003186988
0.003616411
0.003193872
0.00271507
0.002647157
0.00276875
0.002803875
0.002718461
0.002644124
0.002703204
0.003026299
0.002961713
0.002387878
0.001113753
0.001171269
0.002885202
0.00466569
0.005323176
0.005256849
0.005715639
0.006712533
0.007614459
0.007868345
0.00775793
0.007694969
0.007740836
0.007776955
0.007371206
0.006041195
0.005021407
0.004883894
0.004859791
0.004796609
0.004547491
0.003378767
0.002668849
0.003169478
0.003748133
0.003801269
0.003637623
0.003611548
0.003743236
0.004298589
0.004304174
0.003889011
0.003912787
0.003806682
0.003101451
0.002701445
0.003296177
0.004420025
0.004806443
0.003849956
0.002629068
0.002204258
0.002351823
0.00246565
0.002399278
0.002362485
0.002394637
0.002439198
0.002409931
0.002354007
0.002260696
0.001977865
0.002147566
0.002665571
0.002565263
0.001336696
-7.073732e-05
2.718095e-05
0.0007672462
0.0004665737
-0.0003493796
-0.000693723
-0.0005497332
-0.0003945601
-0.0006635394
-0.0008930435
-0.0007140159
-0.0004939804
-0.0004831105
-0.0005615301
-0.0005910925
-0.0005934643
-0.0006161336
-0.0006513858
-0.0006884434
-0.0007367338
-0.0006831809
-0.0003574213
8.089257e-05
0.0004885711
0.0007915916
0.0006890213
0.0009161185
0.001136229
0.001015399
0.0005500208
0.0005199973
0.0009829337
0.00132752
0.000963256
0.0001767078
-0.0002096098
-0.0001883175
-0.0001123224
-4.14621e-05
0.000114209
-4.796237e-05
-2.941205e-05
-0.0002843907
-0.0006392604
-0.001192812
-0.001637932
-0.001491515
-0.001339985
-0.001609606
-0.00204428
-0.001918785
-0.001636829
-0.001581174
-0.001668049
-0.001700988
-0.001676097
-0.001912143
-0.001997018
-0.001801226
-0.001657197
-0.001625334
-0.001630385
-0.001618436
-0.001251226
-0.0003505881
-9.175589e-05
-0.0009765951
-0.001532635
-0.001587183
-0.001666751
-0.001801612
-0.002262631
-0.002865286
-0.002984326
-0.002839397
-0.002583132
-0.00226138
-0.002561174
-0.003166197
-0.003046436
-0.002971061
-0.002280738
-0.001487539
-0.002205348
-0.003251025
-0.003470164
-0.003108229
-0.002672955
-0.002862577
-0.003281127
-0.003565027
-0.003764676
-0.00332674
-0.002838835
-0.003131088
-0.003751466
-0.003713861
-0.00316013
-0.002656815
-0.002437793
-0.002955638
-0.003227252
-0.003298305
-0.003100545
-0.002850287
-0.002773034
-0.00280203
-0.002814704
-0.002791572
-0.002769201
-0.002734177
-0.002433715
-0.001981384
-0.001597171
-0.001762131
-0.00223871
-0.002660797
-0.002789712
-0.002765447
-0.002711419
-0.00282792
-0.002989731
-0.002814679
-0.002582046
-0.002091404
-0.001513767
-0.001134401
-0.0008181703
-0.0004060984
9.96636e-05
0.0008528337
0.001752996
0.002183692
0.002170637
0.002309115
0.002484612
0.00275918
0.003533337
0.004273141
0.004732168
0.004862422
0.004832446
0.004846157
0.005104618
0.005031997
0.00474505
0.00482359
0.005463197
0.005928279
0.006391185
0.006527394
0.005493016
0.004396838
0.004085315
0.004213235
0.004271427
0.004172811
0.004051522
0.003976955
0.003936288
0.003910219
0.003884405
0.003828353
0.003909396
0.003984361
0.003519569
0.003316432
0.003532212
0.004346955
0.004693853
0.003978896
0.003317234
0.003214034
0.002968281
0.002831816
0.00310546
0.003162101
0.00257315
0.002287787
0.002190673
0.001961649
0.001729635
0.001685825
0.001272205
0.000682022
-3.302201e-05
-0.0008219697
-0.001425942
-0.001432559
-0.001216855
-0.001758185
-0.002354892
-0.002038364
-0.001675876
-0.002106656
-0.002496841
-0.002058493
-0.001526094
-0.001437237
-0.001590097
-0.001611171
-0.001290118
-0.001023268
-0.001220643
-0.000933441
-0.000615919
-0.0008462569
-0.001542002
-0.002357153
-0.002490177
-0.002477073
-0.002548907
-0.002228945
-0.001804572
-0.001811441
-0.001974316
-0.002038604
-0.002096641
-0.002140997
-0.002301319
-0.002380676
-0.002354967
-0.002312314
-0.002298339
-0.002318523
-0.002539931
-0.002871276
-0.003059516
-0.002979469
-0.002804199
-0.002555803
-0.002240044
-0.00188915
-0.001899832
-0.002071923
-0.001906079
-0.001660832
-0.001863574
-0.002519224
-0.002731808
-0.002296084
-0.001621711
-0.001138077
-0.001084078
-0.001335788
-0.001280867
-0.0006778343
4.017307e-05
0.0002854061
0.0002437563
0.0005480471
0.0008464251
0.0007391903
0.0005465998
0.0001865562
-4.196285e-05
0.0001188625
0.0006803604
0.001028059
0.001020609
0.0009781063
0.001373849
0.001996861
0.002239537
0.002237921
0.00213434
0.001884705
0.001859809
0.002001033
0.002227068
0.002329515
0.002201529
0.002044377
0.001783575
0.001606704
0.001412893
0.001318687
0.001356348
0.001280905
0.001338824
0.001436753
0.001707282
0.001968205
0.002016424
0.001660307
0.001120245
0.0009773617
0.001166629
0.001032619
0.0005238708
0.0002894347
0.0007696755
0.001375188
0.001270824
0.0006012828
0.0004009128
0.0008226722
0.001121757
0.001004872
0.0004824091
0.0001246163
0.0001032285
0.0001757656
9.512725e-05
7.948757e-06
0.0003939601
0.0001816197
-0.0006527942
-0.0009148438
-0.0004893021
-0.0001778604
-0.0002827936
-0.0004405634
-0.0005556128
-0.0006455946
-0.0007706923
-0.001176266
-0.001493286
-0.001530441
-0.001461485
-0.001602832
-0.001705691
-0.001778711
-0.001982777
-0.002161447
-0.001942551
-0.001736226
-0.001925537
-0.001956227
-0.001709752
-0.001389484
-0.0009753167
-0.0005141536
-0.0004640366
-0.0005994622
-0.0006683925
-0.000656547
-0.0006539529
-0.0006825973
-0.0007000807
-0.0006182547
-0.0005268425
-0.0006490106
-0.0008063583
-0.0009954806
-0.0008678244
-0.0004069244
-0.0001322423
-0.0001632231
-0.0002649472
-6.36438e-05
0.0001948757
0.0002159928
0.0002229719
0.0002198541
-2.96159e-05
-0.0003808676
-0.000515075
-0.0005703366
-0.000641143
-0.0005732341
-0.0005094395
-0.0006450717
-0.0007461393
-0.0007272733
-0.0005746454
-0.0005600437
-0.0006632251
-0.0007429699
-0.0008381593
-0.0008654748
-0.000937079
-0.001032976
-0.001251945
-0.001318656
-0.00133941
-0.001765469
-0.002415492
-0.002601639
-0.002212331
-0.001873857
-0.00182291
-0.001750823
-0.001615074
-0.00164256
-0.001724182
-0.001612456
-0.001451345
-0.001485582
-0.001422321
-0.001363567
-0.001467887
-0.001718448
-0.001933985
-0.001937145
-0.001607714
-0.001143084
-0.001092158
-0.001153944
-0.001200016
-0.001204143
-0.001175362
-0.001143845
-0.001109726
-0.0009836077
-0.0008911413
-0.0008749665
-0.0009345185
-0.0008062459
-0.0006253931
-0.0005737163
-0.0005201795
-0.0004694183
-0.0005704866
-0.0007381587
-0.0007827515
-0.0007265934
-0.0006706669
-0.0006497682
-0.0005601971
-0.0003987163
-0.00029221
-0.0002209603
-0.0001838184
-0.0001613333
-0.0001392579
-0.0001155424
-8.106916e-05
6.844299e-05
0.0002328399
0.0003018867
0.0004084864
0.0005419579
0.0005986493
0.0005903162
0.0005703185
0.0005766755
0.0006967051
0.0008309687
0.0008595644
0.000843429
0.000946894
0.001175618
0.001320462
0.001263948
0.001266586
0.001410138
0.001508281
0.001576995
0.001626875
0.001623646
0.001585411
0.001545723
0.001512483
0.001431222
0.001361799
0.001380283
0.001404475
0.001382827
0.001341772
0.001310466
0.001287196
0.00126039
0.00123098
0.001171141
0.001129851
0.001122693
0.001082773
0.001065343
0.001063691
0.001075646
0.001057463
0.001000049
0.0009533263
0.0009555987
0.0009141751
0.0007916036
0.0006774017
0.0005921246
0.0005547497
0.0005430072
0.0005582403
0.0005735345
0.0005286637
0.000499701
0.0004895503
0.0004660465
0.0004409353
0.0003999602
0.0003350014
0.000299192
0.0002956021
0.0002984872
0.0002878645
0.000257882
0.0002557141
0.0002698494
0.0002986827
0.0002698796
0.0001929288
0.0001512712
0.0001500578
0.0001555453
0.0001404266
0.000112244
8.437524e-05
7.360948e-05
7.497656e-05
7.368718e-05
5.769639e-05
3.642652e-05
2.279967e-05
1.966806e-05
1.239771e-06
-1.939986e-05
-2.253056e-05
-1.437964e-05
-4.875578e-06
1.014754e-05
3.134983e-05
5.496161e-05
5.581746e-05
4.727346e-05
4.515885e-05
4.933783e-05
5.360335e-05
5.501949e-05
6.028349e-05
6.276882e-05
6.073835e-05
6.746205e-05
9.049717e-05
0.0001056589
9.435046e-05
8.028458e-05
7.727376e-05
7.938734e-05
7.929237e-05
7.697378e-05
7.502819e-05
7.402724e-05
7.308775e-05
7.153475e-05
6.974167e-05
6.585824e-05
6.290052e-05
6.402532e-05
6.470713e-05
6.342771e-05
6.156914e-05
6.018549e-05
5.705182e-05
5.46226e-05
5.529154e-05
5.566005e-05
5.404621e-05
5.005235e-05
4.768067e-05
4.593988e-05
4.430063e-05
4.107808e-05
4.00286e-05
4.181092e-05
4.111628e-05
3.45597e-05
3.010206e-05
3.234297e-05
3.486833e-05
3.420662e-05
3.317126e-05
3.286232e-05
3.256533e-05
3.085101e-05
2.888631e-05
2.755676e-05
2.664685e-05
2.575239e-05
2.476311e-05
2.37643e-05
2.279864e-05
2.194486e-05
2.157948e-05
2.042739e-05
1.850476e-05
1.657769e-05
1.529127e-05
1.443325e-05
1.327251e-05
1.217597e-05
1.138298e-05
1.095661e-05
1.064245e-05
1.02972e-05
9.819259e-06
8.98968e-06
7.820036e-06
6.969336e-06
6.381804e-06
5.717093e-06
4.940569e-06
4.330706e-06
3.51382e-06
2.052911e-06
7.83227e-07
9.521061e-08
-5.875086e-07
-1.521967e-06
-2.533483e-06
-3.454593e-06
-4.227873e-06
-5.021967e-06
-5.940078e-06
-6.726902e-06
-7.406839e-06
-8.179889e-06
-8.992833e-06
-9.760857e-06
-1.046098e-05
-1.113774e-05
-1.184031e-05
-1.246811e-05
-1.301537e-05
-1.354094e-05
-1.406445e-05
-1.457318e-05
-1.504275e-05
-1.54648e-05
-1.587731e-05
-1.628646e-05
-1.666788e-05
-1.702545e-05
-1.735539e-05
-1.767386e-05
-1.799023e-05
-1.828336e-05
-1.854322e-05
-1.87728e-05
-1.897651e-05
-1.915499e-05
-1.93079e-05
-1.943511e-05
-1.953668e-05
-1.961268e-05
-1.96641e-05
-1.9693e-05
-1.969704e-05
-1.967445e-05
-1.962752e-05
-1.955687e-05
-1.946278e-05
-1.934607e-05
-1.920581e-05
-1.904208e-05
-1.885557e-05
-1.864678e-05
-1.84156e-05
-1.816196e-05
-1.788603e-05
-1.758806e-05
-1.726826e-05
-1.692671e-05
-1.65634e-05
-1.617849e-05
-1.577212e-05
-1.534443e-05
-1.489549e-05
-1.442541e-05
-1.39343e-05
-1.342225e-05
-1.288937e-05
-1.233577e-05
-1.176156e-05
-1.116684e-05
-1.055171e-05
-9.9163e-06
-9.260703e-06
-8.585031e-06
-7.889396e-06
