-0.001349657
-0.001350124
-0.001350847
-0.001351936
-0.001353379
-0.001355287
-0.001357638
-0.001360541
-0.001363971
-0.001368036
-0.001372711
-0.001378102
-0.001384186
-0.001391078
-0.001398762
-0.001407363
-0.001416885
-0.001427455
-0.001439086
-0.001451916
-0.001465951
-0.001481315
-0.001497983
-0.001516045
-0.00153542
-0.001556146
-0.001578094
-0.001601254
-0.001625469
-0.001650761
-0.00167704
-0.001704446
-0.001733101
-0.001763405
-0.001795786
-0.00183098
-0.001869724
-0.001912989
-0.001961564
-0.002016225
-0.002077223
-0.002144348
-0.002216299
-0.002290934
-0.002366051
-0.00243923
-0.002507518
-0.002568027
-0.002617997
-0.00265571
-0.002680804
-0.002695719
-0.002705306
-0.00271068
-0.002709754
-0.002698736
-0.00267146
-0.002619823
-0.002533871
-0.002403189
-0.002218258
-0.001973115
-0.00166842
-0.00131331
-0.0009146744
-0.0004814269
-2.768361e-05
0.0004259186
0.0008523576
0.001219776
0.001520483
0.001787479
0.002025487
0.002236182
0.002428447
0.002611582
0.002788064
0.002956182
0.003111755
0.003246981
0.003351855
0.003414783
0.003425183
0.00337577
0.003266622
0.003108735
0.002919025
0.002701633
0.002458757
0.002192443
0.001903571
0.001591544
0.001254501
0.0008895482
0.0004936817
6.496381e-05
-0.0003969292
-0.0008969341
-0.00144233
-0.002040124
-0.00269547
-0.003409993
-0.00417944
-0.004991413
-0.005822842
-0.00663838
-0.007393823
-0.008047154
-0.008558205
-0.008895261
-0.009044664
-0.009025191
-0.008893224
-0.008689356
-0.008427797
-0.008120506
-0.007777915
-0.00740775
-0.007014298
-0.006599487
-0.006163387
-0.005706275
-0.005229592
-0.004738159
-0.004240897
-0.003752205
-0.003291311
-0.002882267
-0.002551075
-0.002323254
-0.002217128
-0.002238322
-0.00236766
-0.002563116
-0.002816351
-0.003124123
-0.003478963
-0.003871922
-0.004289611
-0.004714083
-0.005120239
-0.005475951
-0.005741322
-0.005871475
-0.005819875
-0.005546272
-0.005025908
-0.004264918
-0.003310508
-0.002209275
-0.0009652882
0.0004205156
0.001942257
0.003587326
0.00533193
0.007135209
0.008931235
0.0106341
0.01220662
0.01363803
0.01495379
0.0162122
0.01739898
0.01847692
0.01940035
0.02011107
0.0205465
0.02064728
0.02037464
0.01972755
0.01877344
0.0176483
0.01641618
0.01509918
0.01371011
0.01224545
0.01068323
0.008981337
0.007080826
0.004912228
0.002408323
-0.0004831672
-0.003812031
-0.007634002
-0.01196886
-0.01677313
-0.02191045
-0.02714127
-0.03224325
-0.03704248
-0.04137963
-0.04513579
-0.04825978
-0.05073457
-0.05265982
-0.05426011
-0.05563407
-0.05681094
-0.05780914
-0.05863132
-0.05926598
-0.05969249
-0.059893
-0.05986693
-0.05965398
-0.05933463
-0.05893169
-0.05846355
-0.05795722
-0.05744233
-0.05694781
-0.05649801
-0.05610563
-0.05576588
-0.05544847
-0.0550914
-0.05459599
-0.0538295
-0.05262577
-0.05075284
-0.04789282
-0.04369959
-0.03785329
-0.03012176
-0.02046309
-0.009122044
0.003178485
0.01540088
0.02761491
0.03976512
0.0516403
0.06307902
0.07388649
0.08390439
0.09290637
0.1006033
0.1067226
0.1110846
0.1136821
0.1147413
0.1147535
0.1141905
0.1132037
0.1118838
0.1103004
0.1084791
0.106406
0.1040334
0.1012964
0.09813555
0.0945222
0.09049847
0.08618293
0.08162065
0.07682292
0.07181199
0.06661793
0.06128368
0.05586262
0.05042488
0.04505459
0.03985227
0.03492607
0.0303899
0.02633135
0.02269943
0.01922693
0.01549304
0.01128729
0.00646617
0.0009390574
-0.005252117
-0.01192918
-0.01899354
-0.02636701
-0.0339151
-0.04144952
-0.04870669
-0.05540975
-0.06167952
-0.06783296
-0.07379678
-0.07937259
-0.08428854
-0.08817664
-0.09060015
-0.09109647
-0.08925621
-0.0848285
-0.07789084
-0.06892392
-0.0582327
-0.04588889
-0.03206618
-0.01712463
-0.001643245
0.01373914
0.02848506
0.04203222
0.05381827
0.06333967
0.07059435
0.07652276
0.08115206
0.08431333
0.08590371
0.08583004
0.08409967
0.08087451
0.07658903
0.07177484
0.06658104
0.06107115
0.05530381
0.04929884
0.04305759
0.03656113
0.02979671
0.02276818
0.01552806
0.008183144
0.0008547282
-0.006310166
-0.01312071
-0.01935943
-0.02480182
-0.02924954
-0.03250135
-0.03434829
-0.03467942
-0.03357057
-0.03136869
-0.02854395
-0.02523212
-0.02151541
-0.01748391
-0.01321279
-0.008772442
-0.004235511
0.0003189714
0.004863246
0.009384245
0.01387224
0.0183206
0.02272386
0.02707757
0.03138021
0.03563216
0.03980898
0.04385781
0.04771058
0.05129291
0.05452932
0.05730719
0.0594465
0.06075408
0.06105596
0.06024072
0.05830948
0.05546201
0.05209477
0.04838202
0.04437359
0.04010119
0.03556549
0.0307408
0.02557702
0.02001927
0.01402755
0.007609363
0.0008540948
-0.006054264
-0.01298638
-0.01982582
-0.02643767
-0.03268087
-0.03842141
-0.043494
-0.04772151
-0.05096547
-0.0531861
-0.05444821
-0.05470338
-0.05395214
-0.05233178
-0.05013625
-0.04765475
-0.04500783
-0.04228871
-0.03958118
-0.03694682
-0.03442127
-0.03200791
-0.02968229
-0.02744367
-0.02530686
-0.02329304
-0.02143004
-0.01974959
-0.01827983
-0.01703506
-0.01600124
-0.01515293
-0.01450798
-0.01408348
-0.01387763
-0.01386198
-0.01397193
-0.01414459
-0.01435221
-0.01457359
-0.01478989
-0.01498991
-0.01517118
-0.01534351
-0.01552984
-0.01576829
-0.0161109
-0.01662226
-0.01737373
-0.01843437
-0.01985725
-0.02165619
-0.02380144
-0.02632884
-0.02929832
-0.03275004
-0.036683
-0.0410308
-0.04562424
-0.05018983
-0.05451306
-0.05840949
-0.06169755
-0.06419349
-0.06571344
-0.06614247
-0.06541362
-0.06340264
-0.06006475
-0.05553175
-0.05013191
-0.04408431
-0.03745829
-0.03033352
-0.022827
-0.01511497
-0.007425786
0.0001349846
0.007551312
0.01481502
0.02182109
0.02842926
0.03448324
0.03981857
0.04428572
0.04779016
0.05036655
0.0522359
0.05369489
0.05480243
0.05557452
0.05603072
0.05617995
0.05603365
0.05561458
0.0549807
0.0542307
0.05342143
0.05255389
0.05161237
0.05056685
0.04937257
0.04797314
0.0463069
0.04431714
0.04196777
0.03926094
0.0362668
0.03311729
0.0298395
0.02644133
0.02293263
0.01931941
0.01560893
0.01181339
0.007956642
0.004081236
0.0002545739
-0.003432864
-0.006883597
-0.009990578
-0.01264822
-0.01477147
-0.01632252
-0.01734562
-0.01799319
-0.01842187
-0.01869791
-0.01888519
-0.01906085
-0.0193069
-0.01971046
-0.02035787
-0.02133024
-0.02269017
-0.02446911
-0.02663783
-0.02910811
-0.03187998
-0.03499996
-0.03851039
-0.04243988
-0.04678019
-0.05146657
-0.05634177
-0.06115564
-0.06568702
-0.06968752
-0.07287844
-0.07498925
-0.07578053
-0.07509836
-0.07294971
-0.06962529
-0.06567188
-0.06125256
-0.05646965
-0.05145172
-0.04631741
-0.04118498
-0.03616558
-0.03137119
-0.02691049
-0.02288817
-0.01939133
-0.01647495
-0.01412938
-0.01227306
-0.01086624
-0.009819902
-0.008969496
-0.008189575
-0.007410373
-0.006575264
-0.005641362
-0.004586562
-0.003416156
-0.002169215
-0.0009259492
0.0001979482
0.001130237
0.00187037
0.002473726
0.003005482
0.003499612
0.003998763
0.004559349
0.005244682
0.006119416
0.007239928
0.008642885
0.01032849
0.01225364
0.01440055
0.01678437
0.01941441
0.02228403
0.02536074
0.02857427
0.03179871
0.0348587
0.03764755
0.04011596
0.04226419
0.04416779
0.04593152
0.04755752
0.04902296
0.05029666
0.05133218
0.05207567
0.052474
0.05248129
0.05205499
0.05119092
0.04995576
0.04849696
0.04691953
0.04526594
0.04356791
0.04184806
0.04011292
0.03835177
0.03653449
0.0346151
0.03253113
0.03020281
0.02754737
0.02449533
0.02100972
0.01710992
0.0129053
0.008591856
0.004272743
4.683889e-05
-0.003974998
-0.007690169
-0.01101247
-0.01385309
-0.01614925
-0.01789561
-0.01917336
-0.02010145
-0.02069192
-0.02094721
-0.0208906
-0.02057083
-0.02007489
-0.01947355
-0.01877603
-0.01797406
-0.01705397
-0.01599743
-0.01478986
-0.01342805
-0.01193284
-0.01035654
-0.008756726
-0.007169214
-0.005630711
-0.004180792
-0.002870749
-0.001760874
-0.0009081265
-0.0003552555
-0.0001179635
-0.0001659528
-0.0004107851
-0.0007640859
-0.001193509
-0.001673836
-0.002181266
-0.002697481
-0.003210753
-0.003716333
-0.004216635
-0.00472027
-0.005241699
-0.005799301
-0.00641438
-0.007107896
-0.007897324
-0.008792501
-0.009806006
-0.01095961
-0.01227086
-0.01374296
-0.01535856
-0.01706392
-0.01877523
-0.02046963
-0.02214429
-0.02380849
-0.02548985
-0.02718956
-0.0288437
-0.03034575
-0.03154892
-0.03226671
-0.03228022
-0.03137195
-0.02947621
-0.02686075
-0.02404598
-0.02129154
-0.01870428
-0.01633731
-0.01414833
-0.01204581
-0.01002835
-0.008102599
-0.006266424
-0.004525806
-0.002896453
-0.001409194
-0.0001062847
0.0009624509
0.001750753
0.002229311
0.002405994
0.002346423
0.002139564
0.001790536
0.001289109
0.0006267583
-0.0002050855
-0.001207928
-0.002368356
-0.003647618
-0.00496908
-0.006214562
-0.00726978
-0.008038507
-0.008433621
-0.008395653
-0.007913023
-0.007060596
-0.005990729
-0.004729167
-0.003278574
-0.001648394
0.0001538257
0.002113509
0.004204936
0.006380148
0.008557737
0.01062509
0.01251099
0.0141578
0.01552509
0.01660641
0.01745087
0.01816964
0.01885739
0.01957725
0.02039297
0.02136445
0.02253799
0.02393371
0.02553508
0.02726998
0.02901684
0.03070637
0.03227747
0.03367089
0.03484586
0.03578624
0.03648764
0.03698312
0.0373492
0.03762935
0.03781994
0.03789914
0.03782883
0.03755471
0.03701203
0.03613561
0.03487579
0.03321842
0.03121358
0.02898599
0.02662179
0.02415176
0.02160152
0.01899596
0.01635584
0.01369865
0.01103925
0.008395761
0.005791796
0.003257995
0.000830947
-0.001447075
-0.003532824
-0.005387998
-0.006990652
-0.008347708
-0.009511346
-0.0105492
-0.01146015
-0.01222641
-0.01282751
-0.01323858
-0.01343823
-0.01341686
-0.01319007
-0.01281252
-0.01235438
-0.01182759
-0.01123152
-0.0105634
-0.009815679
-0.008979062
-0.008045688
-0.007014994
-0.00589978
-0.004734553
-0.003577274
-0.00248238
-0.001506031
-0.0007090864
-0.0001493495
0.000128999
0.00010931
-0.0001791715
-0.0006487788
-0.001209176
-0.001820568
-0.002448909
-0.003061224
-0.003631972
-0.004147027
-0.004607562
-0.005031902
-0.005447103
-0.00588744
-0.006397049
-0.007027616
-0.007833074
-0.008863061
-0.01015263
-0.01170989
-0.01349884
-0.01542883
-0.01740767
-0.01939353
-0.02135369
-0.02326422
-0.0251135
-0.02687542
-0.0285179
-0.03001235
-0.03133637
-0.03247947
-0.03344945
-0.03428387
-0.03505165
-0.0357983
-0.03653433
-0.03725618
-0.03794488
-0.03856265
-0.03905345
-0.03934425
-0.03935202
-0.03899362
-0.03820251
-0.03694836
-0.03526924
-0.03328063
-0.03104288
-0.02854015
-0.02574604
-0.02263359
-0.01918332
-0.01539627
-0.01131315
-0.007038613
-0.002750644
0.001403086
0.005326125
0.008941487
0.0122047
0.0151284
0.01780518
0.02036489
0.02284563
0.02526742
0.02764355
0.02996982
0.03222292
0.03436016
0.03632259
0.03803676
0.03942376
0.04041683
0.04098096
0.04113706
0.04098938
0.04067951
0.04024884
0.0397213
0.03912057
0.03846083
0.03774867
0.03698267
0.03615829
0.03527159
0.03432694
0.0333395
0.03231991
0.03128117
0.03024609
0.02924748
0.02832823
0.02753864
0.02693249
0.02655971
0.02645642
0.02663154
0.02704817
0.02761674
0.02827191
0.02898448
0.02972783
0.03047624
0.03120851
0.03190873
0.03256823
0.03318662
0.03377163
0.03432567
0.03484341
0.03531604
0.03573262
0.03608035
0.03634757
0.03652697
0.0366223
0.03664787
0.03659867
0.03645841
0.03621107
0.03584148
0.03534155
0.03471432
0.03398607
0.03319983
0.03234322
0.03138254
0.03027501
0.02896528
0.02739465
0.02550808
0.02327124
0.02068521
0.01781557
0.01479088
0.01167756
0.008505773
0.005303343
0.002088066
-0.001133031
-0.004368766
-0.007641383
-0.01098669
-0.01444945
-0.018098
-0.0220106
-0.02626333
-0.03091316
-0.03598136
-0.04142809
-0.04712592
-0.0528403
-0.05833507
-0.06346987
-0.06814772
-0.07232876
-0.07607203
-0.07947949
-0.082537
-0.08521663
-0.08750902
-0.08942411
-0.09100377
-0.09225719
-0.09311038
-0.09346628
-0.09323101
-0.09233568
-0.09076879
-0.08862695
-0.0861178
-0.08331549
-0.08022481
-0.07684921
-0.07319027
-0.06925845
-0.06508066
-0.06072336
-0.0562889
-0.05181689
-0.04733568
-0.04287867
-0.03847632
-0.03415844
-0.0299465
-0.02585294
-0.0218742
-0.01798458
-0.01413541
-0.01030438
-0.006484636
-0.002677471
0.001107393
0.004848299
0.008512801
0.01205809
0.01543729
0.01860251
0.0214983
0.02407392
0.02630516
0.0282133
0.02987441
0.03133369
0.03259598
0.03366922
0.03457395
0.03534793
0.03605281
0.03674888
0.03747267
0.03825498
0.03912232
0.0400909
0.04116201
0.04231528
0.04350361
0.04464868
0.04565698
0.04643695
0.04689627
0.04695203
0.04655096
0.04569063
0.04445396
0.04300949
0.04144368
0.03980022
0.03811929
0.03643028
0.0347482
0.03306996
0.03137411
0.02962181
0.02776068
0.02572608
0.02344009
0.02082687
0.01782861
0.0144231
0.01064671
0.006617099
0.002569985
-0.001168267
-0.004470441
-0.00730808
-0.009755567
-0.01194342
-0.0138702
-0.01552307
-0.01690465
-0.01802781
-0.01892489
-0.01965628
-0.02028895
-0.02083119
-0.02127562
-0.02161092
-0.02182274
-0.02190008
-0.02184208
-0.02166702
-0.02142091
-0.02115925
-0.02089366
-0.02061972
-0.02031994
-0.01995838
-0.01947982
-0.01881154
-0.0178688
-0.0165665
-0.01483425
-0.01264256
-0.01001415
-0.006949905
-0.00346962
0.0003440072
0.004320162
0.008197087
0.01176452
0.01490318
0.01755433
0.01974775
0.02155898
0.022963
0.02393823
0.02449951
0.0247071
0.02468039
0.02453024
0.02429965
0.02401725
0.02370779
0.02338796
0.02306913
0.02275731
0.02245591
0.02216653
0.02189063
0.02162959
0.02138475
0.02115323
0.02092488
0.02068171
0.02039794
0.0200391
0.0195643
0.01892882
0.01809073
0.01701856
0.01570398
0.01417378
0.01250947
0.01084892
0.009295899
0.007895481
0.006660678
0.005559363
0.00453594
0.003579822
0.002683212
0.001831269
0.001007952
0.0001946945
-0.0006277189
-0.001480727
-0.002386117
-0.003367709
-0.004448017
-0.005646114
-0.006971778
-0.008419968
-0.009979068
-0.01166096
-0.01347598
-0.01542448
-0.01749006
-0.01963188
-0.02177531
-0.02383492
-0.02577211
-0.02757523
-0.02924715
-0.03073362
-0.03196396
-0.03286992
-0.03339037
-0.0334897
-0.0331748
-0.03252732
-0.03170319
-0.03078503
-0.02981666
-0.02883877
-0.02788141
-0.02696015
-0.02607074
-0.0251873
-0.02426057
-0.02321916
-0.02197321
-0.02042184
-0.01846556
-0.01602312
-0.01305591
-0.009596602
-0.005782556
-0.00180533
0.002241909
0.006272419
0.0101887
0.01389949
0.01732851
0.02042416
0.02313255
0.02542215
0.02730629
0.02887068
0.03026903
0.03156977
0.03278898
0.03392611
0.03495804
0.0358399
0.03650711
0.03688427
0.0368972
0.03649157
0.03565434
0.03444546
0.03300781
0.03144008
0.02977526
0.02803492
0.02623103
0.02436036
0.02240472
0.02033243
0.01810473
0.01568226
0.01303784
0.01016836
0.007115905
0.003965234
0.0007549733
-0.002476106
-0.005674831
-0.008783254
-0.01173894
-0.01448351
-0.01696884
-0.01917095
-0.02110268
-0.02283187
-0.02445141
-0.02599679
-0.0274955
-0.02897895
-0.03047478
-0.03200802
-0.03359712
-0.03525438
-0.03698114
-0.03876826
-0.04059006
-0.04240515
-0.0441749
-0.04586982
-0.04746363
-0.04893837
-0.05028977
-0.05153589
-0.05269948
-0.0537631
-0.05469606
-0.05546278
-0.05602381
-0.05634327
-0.05639858
-0.05619374
-0.05577983
-0.05525433
-0.05465371
-0.05397839
-0.05321896
-0.05235343
-0.05134923
-0.05016578
-0.04876283
-0.04710995
-0.04520155
-0.04307214
-0.04081483
-0.03855233
-0.03635334
-0.03427675
-0.032377
-0.03068763
-0.02921056
-0.0278997
-0.02668905
-0.02556846
-0.02454015
-0.02360718
-0.02277883
-0.02206658
-0.02148125
-0.02102492
-0.02068224
-0.02041477
-0.02019669
-0.02001687
-0.01986295
-0.01971828
-0.01956307
-0.01937354
-0.01912351
-0.01878509
-0.01833252
-0.01774526
-0.01701502
-0.01615326
-0.01519798
-0.01418498
-0.01312314
-0.01201585
-0.0108675
-0.009678593
-0.008449626
-0.007181447
-0.005879313
-0.004553643
-0.003211442
-0.001846307
-0.0004484954
0.0009946864
0.002496635
0.004070035
0.005722635
0.007454304
0.009251047
0.01108091
0.01289887
0.01467106
0.01636155
0.01793392
0.01935626
0.02060949
0.02169465
0.02264742
0.02353324
0.02437134
0.02517134
0.02594363
0.02669353
0.02742324
0.02813044
0.02881116
0.02945985
0.03007435
0.0306577
0.03121996
0.03176546
0.03230119
0.03283832
0.03339225
0.03398115
0.03462542
0.03534459
0.03615402
0.03705972
0.03805252
0.03910393
0.04018197
0.04125162
0.04226711
0.04317175
0.04390163
0.04439146
0.04458341
0.04444065
0.04396252
0.04320974
0.04230427
0.04130622
0.04024312
0.03913968
0.03801288
0.0368712
0.03571242
0.0345256
0.03329218
0.03199025
0.03059847
0.02910289
0.0275034
0.02582054
0.02408266
0.0223152
0.02055358
0.01884664
0.01725351
0.01584113
0.01467665
0.01381909
0.013304
0.01312847
0.01322266
0.01345568
0.01377846
0.01415191
0.01452774
0.01485886
0.01509916
0.01520978
0.01516111
0.01494071
0.01455939
0.0140614
0.01350472
0.01290956
0.01228777
0.0116501
0.01100089
0.01033986
0.009661133
0.008956089
0.008214174
0.007426934
0.006590377
0.005709946
0.00480241
0.003891447
0.003001187
0.002162016
0.001408946
0.0007784965
0.0003031627
4.764489e-06
-0.0001151304
-8.786377e-05
2.10225e-05
0.0001741947
0.0003467267
0.0005114783
0.0006416068
0.0007132704
0.0007086718
0.0006195934
0.0004527604
0.0002301735
-3.857559e-05
-0.0003485696
-0.0006920772
-0.001057514
-0.001429187
-0.001785814
-0.002100121
-0.002338821
-0.002464325
-0.002437841
-0.002224917
-0.001803282
-0.001173217
-0.0003719427
0.0005214697
0.001445092
0.002364341
0.003247837
0.004068271
0.004808344
0.005464762
0.006055711
0.006617119
0.007156322
0.007672268
0.008160105
0.008607229
0.008994415
0.009295991
0.009483884
0.009531694
0.009422583
0.009156644
0.008763996
0.008304618
0.007812308
0.007306582
0.006806634
0.006326935
0.005875329
0.005448988
0.005033131
0.004598526
0.004102235
0.003487617
0.002688892
0.001636902
0.000269828
-0.001453416
-0.003534839
-0.005912931
-0.008453503
-0.0110545
-0.01366329
-0.01623505
-0.0187339
-0.02114283
-0.02346989
-0.02573583
-0.02793539
-0.03005962
-0.03209908
-0.03404321
-0.03588124
-0.03759619
-0.03916094
-0.04054988
-0.04174777
-0.04275878
-0.04362257
-0.04440857
-0.04511611
-0.04572251
-0.04619604
-0.04649163
-0.04655664
-0.04633686
-0.04579028
-0.04490171
-0.04370994
-0.04230742
-0.04071116
-0.0388968
-0.03683735
-0.03450482
-0.03188108
-0.02896818
-0.02580719
-0.02249425
-0.01920811
-0.01619514
-0.01352615
-0.01104778
-0.008659375
-0.006347348
-0.004098356
-0.001893489
0.0002833467
0.002442692
0.004584801
0.006701273
0.008773334
0.010774
0.01267065
0.014431
0.01602947
0.01745598
0.01872808
0.0198927
0.02096437
0.021942
0.02282508
0.02361519
0.02431823
0.02494946
0.02553442
0.02608393
0.02658987
0.02703755
0.02740791
0.02767959
0.02783232
0.02785234
0.0277388
0.02751248
0.02722094
0.02690954
0.02659343
0.02627813
0.02596055
0.02562454
0.02523986
0.02476162
0.02413303
0.02328999
0.02217011
0.02072438
0.01893391
0.01683111
0.01451564
0.01208857
0.009591842
0.007061429
0.004535043
0.002045115
-0.0003833988
-0.00273377
-0.004977366
-0.007086302
-0.009037626
-0.0108187
-0.01243153
-0.01387496
-0.01512897
-0.01617918
-0.01702816
-0.0177058
-0.01825049
-0.01865357
-0.01889743
-0.01896806
-0.01885832
-0.01857771
-0.01816207
-0.01765361
-0.01704063
-0.01629592
-0.01538775
-0.01428128
-0.01294689
-0.01137049
-0.009568072
-0.007600963
-0.005554293
-0.003466685
-0.001374704
0.0006785614
0.002649273
0.00449413
0.00617147
0.007650226
0.008917604
0.009993863
0.01092794
0.01170886
0.01231265
0.01271838
0.01290958
0.01288493
0.01267006
0.01232774
0.01191789
0.01146075
0.01097055
0.0104612
0.009943363
0.009424609
0.008909018
0.008397739
0.007889369
0.007380447
0.006866052
0.006340326
0.00579738
0.005231864
0.004640314
0.004022168
0.00338187
0.002728656
0.002069157
0.001411377
0.0007662173
0.0001461688
-0.0004348559
-0.0009633013
-0.001427449
-0.001820768
-0.00214474
-0.0024148
-0.002658514
-0.002884736
-0.003098566
-0.003305441
-0.003508723
-0.003710166
-0.003909155
-0.004103398
-0.004288692
-0.004460242
-0.004612979
-0.004743045
-0.004848786
-0.00493291
-0.0050025
-0.00506178
-0.005113871
-0.005163028
-0.005214037
-0.005272091
-0.005341994
-0.005427629
-0.005530831
-0.005650443
-0.005780911
-0.005911284
-0.006024166
-0.006095446
-0.006094774
-0.005987363
-0.005737413
-0.005313521
-0.004696789
-0.003890835
-0.0029339
-0.001878468
-0.0007304918
0.0005118875
0.001848056
0.003275913
0.004787226
0.006363246
0.007968336
0.009544349
0.01102381
0.01236786
0.01355207
0.01457072
0.0154495
0.01622185
0.01686317
0.01733108
0.01757696
0.01754747
0.01719431
0.01648822
0.01543654
0.01411221
0.01264749
0.0110691
0.009381526
0.007588406
0.00568529
0.003663799
0.001515071
-0.0007634669
-0.003159418
-0.00563579
-0.008121092
-0.01052779
-0.01280445
-0.01491326
-0.01683173
-0.01857046
-0.02018004
-0.02170995
-0.02316747
-0.02455283
-0.0258635
-0.02709253
-0.02822987
-0.02926636
-0.03019899
-0.03103616
-0.0317835
-0.03243202
-0.03297536
-0.03341691
-0.03377475
-0.03408416
-0.03437034
-0.03464394
-0.03491217
-0.03517913
-0.03544411
-0.03570131
-0.03593963
-0.03614335
-0.03629349
-0.0363701
-0.03635542
-0.03623833
-0.03601932
-0.03571791
-0.03537333
-0.03500736
-0.03463276
-0.03426039
-0.03389669
-0.03354082
-0.03318242
-0.03279959
-0.03235896
-0.03181532
-0.03111595
-0.03020585
-0.02904141
-0.02759163
-0.0257793
-0.02350701
-0.02069239
-0.01728596
-0.01330262
-0.008851917
-0.004184783
0.0003058848
0.004308225
0.00766171
0.01031075
0.01237313
0.01412418
0.01562278
0.01689777
0.01799716
0.01896196
0.01983103
0.02063424
0.02140083
0.0221612
0.02294949
0.02376948
0.02461339
0.02546412
0.02629479
0.02706731
0.02773463
0.02824168
0.02853079
0.02854945
0.02827299
0.02771457
0.02694303
0.02604951
0.02505183
0.0239523
0.02275164
0.02144429
0.02002293
0.01848203
0.01682604
0.01507807
0.01328727
0.01150486
0.009761763
0.008086896
0.006507745
0.005043747
0.003699819
0.002460829
0.001322344
0.0003165548
-0.0005121035
-0.001114925
-0.001443276
-0.001459849
-0.001152426
-0.0005549441
0.0002395308
0.001143141
0.002135127
0.00320757
0.004357616
0.005590345
0.006916936
0.008350247
0.009900118
0.01156494
0.013324
0.0151266
0.01689045
0.01853918
0.02001428
0.0212659
0.02226515
0.02301874
0.02358682
0.0240543
0.02444748
0.02478391
0.02508348
0.02536136
0.02562981
0.0258961
0.02616451
0.02643628
0.02671199
0.02699194
0.02727787
0.02757306
0.02788334
0.02821646
0.02858176
0.02898828
0.02944335
0.02994947
0.03050091
0.03108185
0.03168147
0.03229561
0.03292057
0.03355232
0.03418732
0.03482231
0.03545459
0.03608175
0.03670212
0.03731452
0.03791861
0.03851495
0.03910538
0.03969295
0.04028227
0.04087905
0.04149005
0.04212172
0.04277569
0.04344875
0.04413141
0.0448064
0.04544774
0.04602083
0.04648381
0.04679103
0.04689857
0.04677281
0.04640135
0.0458081
0.04506338
0.04423838
0.04336071
0.04245238
0.04153414
0.04062126
0.03972168
0.0388348
0.03795053
0.03704996
0.03610502
0.0350811
0.03393949
0.03264284
0.03116128
0.02948202
0.02762148
0.02563211
0.02355081
0.02139407
0.01918139
0.01693926
0.01470005
0.01250398
0.01039799
0.008437434
0.006677118
0.005142
0.003804516
0.002598835
0.001520897
0.000575602
-0.0002409333
-0.0009380573
-0.001539949
-0.002086443
-0.002612889
-0.003128192
-0.003633486
-0.00412332
-0.004585188
-0.004998816
-0.005338872
-0.005576651
-0.005684899
-0.005643075
-0.005445622
-0.005111988
-0.00469096
-0.004215544
-0.00369825
-0.003148987
-0.002577063
-0.001989662
-0.001392811
-0.0007915884
-0.0001918061
0.0003995877
0.00097258
0.001514005
0.00200424
0.002418073
0.00272663
0.002901535
0.002919071
0.002768749
0.00246072
0.00203745
0.001550893
0.001000874
0.0003703424
-0.0003656364
-0.001242929
-0.002302653
-0.003586824
-0.005126853
-0.006931089
-0.008967374
-0.01114663
-0.01335575
-0.01555838
-0.01773894
-0.01989874
-0.02205015
-0.02418728
-0.02630362
-0.02839529
-0.03045762
-0.03248523
-0.03447004
-0.03640397
-0.03827914
-0.04009153
-0.04184414
-0.04354992
-0.04521408
-0.04683306
-0.04840201
-0.04991843
-0.05138233
-0.05279909
-0.0541825
-0.05555405
-0.05691558
-0.05825439
-0.05954817
-0.06076495
-0.06186392
-0.06279854
-0.06352234
-0.06399736
-0.06420607
-0.06416585
-0.06394562
-0.0636348
-0.06325342
-0.06280432
-0.06228383
-0.0616752
-0.0609508
-0.06007356
-0.05900405
-0.05770815
-0.05616968
-0.054407
-0.05247962
-0.05041421
-0.0481949
-0.04579778
-0.04319897
-0.04037687
-0.03732334
-0.03405431
-0.03062839
-0.02715066
-0.02370365
-0.02033226
-0.01707148
-0.01393961
-0.01092703
-0.007996316
-0.005150626
-0.002417383
0.0001668157
0.002558215
0.004707892
0.006574275
0.008129349
0.009350492
0.01024072
0.01086073
0.01132811
0.01169976
0.01199973
0.01225072
0.01246957
0.01266796
0.01285088
0.0130197
0.01317304
0.01331046
0.01343391
0.01355213
0.01368135
0.01384765
0.014086
0.01443976
0.01495595
0.01567986
0.01664444
0.01785976
0.01929431
0.02086978
0.02252801
0.02424244
0.0259862
0.0277311
0.02944862
0.0311134
0.03270228
0.03418698
0.03553345
0.0367099
0.03769243
0.03847359
0.03907279
0.03951894
0.03979617
0.03988277
0.03976467
0.03944069
0.03893365
0.03830206
0.03761855
0.03690448
0.03616865
0.03541439
0.03463514
0.03381436
0.03292607
0.03193736
0.03081296
0.02952095
0.02804177
0.026378
0.02456849
0.02269256
0.02081925
0.01899701
0.01727403
0.01569319
0.01428362
0.01305139
0.01196508
0.01095906
0.01001559
0.009124134
0.008271797
0.007447279
0.006640212
0.005841139
0.005040189
0.004225692
0.003383207
0.002494911
0.001540689
0.0004987647
-0.0006504955
-0.001920144
-0.003310234
-0.004799546
-0.006341971
-0.007899096
-0.009444975
-0.01095315
-0.01239696
-0.01375361
-0.01500837
-0.01615796
-0.01719662
-0.01811784
-0.01892407
-0.01963674
-0.02029123
-0.0208842
-0.02139941
-0.02181614
-0.02210829
-0.02224967
-0.02221954
-0.02201182
-0.02164624
-0.02117657
-0.02065406
-0.02009335
-0.01950129
-0.01888082
-0.01822802
-0.01753213
-0.0167764
-0.01594067
-0.01500512
-0.01395557
-0.01278999
-0.01152717
-0.01021035
-0.008875627
-0.007546977
-0.006249299
-0.005007485
-0.003842573
-0.002767777
-0.001783423
-0.0008719776
-7.620188e-06
0.00081358
0.001591732
0.002327025
0.003018739
0.00366654
0.004272165
0.004841925
0.005389714
0.005930759
0.006464057
0.006982194
0.007473398
0.007920576
0.008302415
0.008595185
0.008776173
0.008828599
0.008747899
0.008550927
0.008279019
0.007961804
0.007611319
0.007238514
0.006853867
0.006466358
0.006082886
0.00570826
0.005344949
0.004993253
0.004651027
0.004314105
0.003975651
0.003626743
0.003256465
0.002852923
0.002404157
0.001900266
0.001335546
0.0007120379
4.234085e-05
-0.000645459
-0.001308578
-0.001912246
-0.002427611
-0.002830394
-0.003107658
-0.003265431
-0.003335344
-0.003352325
-0.003334414
-0.003301544
-0.003278807
-0.00329393
-0.003376389
-0.003554459
-0.003852666
-0.00428626
-0.004855842
-0.005537311
-0.006282331
-0.007065863
-0.007874951
-0.008696247
-0.009518499
-0.01033234
-0.01113161
-0.01191304
-0.01267752
-0.01342874
-0.01416701
-0.01488968
-0.01559332
-0.01627314
-0.01692409
-0.01754139
-0.01812252
-0.01866884
-0.01918857
-0.01969683
-0.02020281
-0.02070645
-0.02120333
-0.0216841
-0.02213379
-0.02253178
-0.02285297
-0.02307009
-0.02315747
-0.02309694
-0.02288467
-0.02254284
-0.02211913
-0.02162681
-0.02105939
-0.02040679
-0.01965508
-0.01878976
-0.01779948
-0.0166831
-0.01545706
-0.01416457
-0.0128628
-0.01158461
-0.01035995
-0.009218988
-0.008185005
-0.007269755
-0.006465053
-0.005738649
-0.005057014
-0.004408455
-0.003783647
-0.003174088
-0.002573807
-0.001980083
-0.001392958
-0.0008158472
-0.0002600046
0.000256976
0.0007142463
0.001089506
0.001362479
0.001519488
0.001559209
0.001501314
0.001386883
0.001235629
0.001056822
0.0008594192
0.0006509387
0.0004370955
0.0002215722
6.354623e-06
-0.0002077994
-0.0004207816
-0.0006324034
-0.000841889
-0.00104736
-0.001245636
-0.001432081
-0.001600928
-0.001745783
-0.001860867
-0.00194211
-0.001989797
-0.002008624
-0.001996495
-0.001947992
-0.001858553
-0.001725599
-0.001550627
-0.001341793
-0.001114364
-0.0008762511
-0.0006318108
-0.0003851638
-0.0001398708
0.0001015509
0.0003376586
0.0005688317
0.0007971499
0.00102672
0.001263535
0.001515496
0.001791752
0.002101964
0.002454733
0.002855883
0.003305893
0.003796435
0.00430972
0.004833854
0.005358631
0.00587196
0.006360434
0.00681071
0.007210846
0.007552512
0.007833506
0.008061753
0.008256378
0.008431813
0.008594946
0.008752224
0.008909645
0.009071996
0.009242293
0.009421407
0.009607636
0.009796493
0.009980454
0.01014914
0.01028968
0.01038754
0.01042818
0.01039904
0.01029305
0.01011194
0.009872554
0.009605281
0.009321395
0.009028968
0.008736718
0.008451177
0.008176398
0.007912441
0.007655207
0.007395223
0.007117932
0.006803634
0.006428813
0.005967832
0.0053964
0.004696149
0.003861148
0.002906442
0.001871618
0.0007841117
-0.0003459204
-0.001509078
-0.002694782
-0.003892121
-0.005088518
-0.006270299
-0.007421381
-0.008523729
-0.009557707
-0.01050446
-0.01134847
-0.01208261
-0.01271338
-0.0132684
-0.01378428
-0.0142728
-0.0147413
-0.01519761
-0.01564739
-0.01609485
-0.01654191
-0.01698929
-0.01743652
-0.01788281
-0.01832714
-0.01876922
-0.0192095
-0.01964952
-0.02009172
-0.02053959
-0.02099686
-0.02146709
-0.02195262
-0.02245347
-0.02296628
-0.02348311
-0.02399045
-0.0244689
-0.0248934
-0.02523447
-0.02546105
-0.02554463
-0.02546548
-0.02522036
-0.02483413
-0.02436269
-0.0238464
-0.02330158
-0.02274078
-0.02217259
-0.02159965
-0.02101742
-0.02041454
-0.01977287
-0.01906974
-0.01828043
-0.01738258
-0.01636117
-0.01521536
-0.01396764
-0.01266511
-0.01133527
-0.009997263
-0.00867175
-0.007379184
-0.006137324
-0.00495927
-0.003850205
-0.002805287
-0.001804613
-0.0008242534
0.000137736
0.001074737
0.001974582
0.002817416
0.003577438
0.00422461
0.004729959
0.005071571
0.005243302
0.005266464
0.005194411
0.005064715
0.004891902
0.004688322
0.00446595
0.00423439
0.004000818
0.003769803
0.003543972
0.003324265
0.003110601
0.002901989
0.002697159
0.002494388
0.002291707
0.002086626
0.001876285
0.001657171
0.00142544
0.001176656
0.0009068443
0.0006127173
0.0002929792
-5.072126e-05
-0.0004114555
-0.0007779789
-0.001147159
-0.001518295
-0.001891352
-0.002268072
-0.002651476
-0.003045909
-0.003455947
-0.003885623
-0.004336756
-0.004807829
-0.005291729
-0.005774673
-0.006234871
-0.006642509
-0.006960331
-0.007146466
-0.007158798
-0.006962346
-0.00653866
-0.005898591
-0.005096001
-0.004205494
-0.003252933
-0.002257963
-0.001242192
-0.000225294
0.0007768613
0.001752873
0.002696855
0.003609136
0.004497695
0.00537858
0.006276885
0.007225828
0.008266446
0.009444015
0.0108037
0.01238274
0.01420132
0.01624968
0.0184731
0.02076125
0.02300011
0.02512088
0.02706775
0.02880187
0.0303168
0.03165756
0.03291553
0.03411432
0.03526391
0.03637184
0.03743508
0.0384399
0.03936112
0.04016552
0.0408164
0.04128101
0.04154124
0.04160557
0.04152291
0.04136178
0.04114568
0.0408924
0.04062186
0.04035094
0.04009269
0.03985443
0.03963684
0.03943296
0.0392276
0.03899723
0.03871042
0.03832985
0.03781485
0.03712674
0.03623576
0.03513091
0.03383234
0.03240052
0.03089474
0.02933538
0.02773592
0.02610852
0.02445999
0.02279293
0.02110464
0.01938966
0.0176406
0.01585262
0.01402417
0.01216219
0.01027653
0.00836627
0.006428409
0.004461615
0.002465376
0.0004428344
-0.001599537
-0.003648922
-0.005687019
-0.007689211
-0.009625218
-0.0114593
-0.01315457
-0.01467636
-0.01600212
-0.017129
-0.01808982
-0.01895266
-0.01975002
-0.02049607
-0.02120573
-0.02189212
-0.0225678
-0.02324361
-0.02393023
-0.02463794
-0.0253778
-0.0261607
-0.02699684
-0.02789265
-0.02884853
-0.0298557
-0.03090702
-0.03199618
-0.03311062
-0.0342285
-0.03531794
-0.03633573
-0.03722909
-0.03793803
-0.03840213
-0.03856885
-0.03840796
-0.03792656
-0.03719589
-0.03634486
-0.03541314
-0.0344235
-0.03339951
-0.03235578
-0.03129859
-0.03022356
-0.02911749
-0.02795981
-0.02672578
-0.02539065
-0.02393571
-0.02235478
-0.02066403
-0.01890292
-0.01709116
-0.01524106
-0.01336734
-0.0114873
-0.009620201
-0.007786917
-0.00600877
-0.004306398
-0.002697243
-0.001192582
0.0002078417
0.001522471
0.002788261
0.004022897
0.005234537
0.006430622
0.007617368
0.00879876
0.00997778
0.01115597
0.01233439
0.01351379
0.01469569
0.01588219
0.0170765
0.01828191
0.01950224
0.02074016
0.02199632
0.02326751
0.02454555
0.02581527
0.02705455
0.02823752
0.0293364
0.03032219
0.03117012
0.03186577
0.03241368
0.03282519
0.03308183
0.03316329
0.03305998
0.03277792
0.03235194
0.03184558
0.03129003
0.03069948
0.03008718
0.02946381
0.02883747
0.02821322
0.02759352
0.02697869
0.02636739
0.02575693
0.02514384
0.02452435
0.02389431
0.02324999
0.02258837
0.02190801
0.02120937
0.02049651
0.01977635
0.01905187
0.01832487
0.01759754
0.01687141
0.01614774
0.01542686
0.01470853
0.01399135
0.01327335
0.01255123
0.01182114
0.01107838
0.01031833
0.009536518
0.008730196
0.007898844
0.007046908
0.006182697
0.005310342
0.004431459
0.003547975
0.002661255
0.001772668
0.0008830426
-6.425381e-06
-0.0008950451
-0.001781723
-0.002665427
-0.003544573
-0.004417798
-0.005283483
-0.006140602
-0.006987983
-0.007826054
-0.008656261
-0.009482155
-0.01030897
-0.01114097
-0.01197766
-0.01281577
-0.01364839
-0.01446511
-0.01525152
-0.01599022
-0.01666187
-0.01724816
-0.017735
-0.01811768
-0.01840671
-0.01863289
-0.0188266
-0.01899897
-0.01915768
-0.01930924
-0.01945684
-0.01960022
-0.01973503
-0.01985355
-0.01994513
-0.01999776
-0.01999966
-0.01994205
-0.01982193
-0.0196468
-0.01943577
-0.01920263
-0.01895271
-0.0186907
-0.01842104
-0.01814734
-0.0178723
-0.01759766
-0.01732456
-0.01705365
-0.01678534
-0.01651989
-0.01625755
-0.01599854
-0.01574287
-0.01549002
-0.01523901
-0.01498765
-0.01473274
-0.01446962
-0.01419243
-0.01389424
-0.01356794
-0.013207
-0.0128075
-0.01236941
-0.01190039
-0.01141467
-0.01091615
-0.01040681
-0.009889321
-0.009365804
-0.008839034
-0.00831114
-0.00778471
-0.007262337
-0.006747094
-0.006241693
-0.005748557
-0.005268675
-0.004801397
-0.004342676
-0.003884784
-0.003415084
-0.002916269
-0.002366136
-0.001739401
-0.00100986
-0.0001553051
0.0008376609
0.001965229
0.003198139
0.004494078
0.005838507
0.00721817
0.008615392
0.01000938
0.01137656
0.01269078
0.01392435
0.01505012
0.01604515
0.01689616
0.01760607
0.01820459
0.01874666
0.0192488
0.01972092
0.02017412
0.02061717
0.0210572
0.02149913
0.02194602
0.02239964
0.02286083
0.02332967
0.02380556
0.02428717
0.02477219
0.02525709
0.02573655
0.02620357
0.02664937
0.02706392
0.02743677
0.02775855
0.02802331
0.02823123
0.02839277
0.02852885
0.028651
0.02876605
0.02888094
0.02900147
0.02913178
0.02927325
0.02942397
0.02957786
0.02972455
0.02984891
0.02993202
0.02995189
0.02988608
0.02971463
0.02942558
0.02901985
0.02852119
0.02797396
0.02739313
0.02678892
0.02617377
0.02555831
0.02495223
0.02436186
0.02379069
0.02323785
0.02269823
0.02216085
0.02160939
0.02102152
0.02037063
0.01962681
0.0187611
0.0177496
0.0165814
0.01526612
0.01384432
0.0123724
0.01087979
0.009393664
0.007945713
0.006566417
0.005283468
0.004116144
0.003071471
0.002136384
0.001274709
0.0004493041
-0.0003543437
-0.001146838
-0.001935814
-0.002724304
-0.003509237
-0.004281708
-0.005026316
-0.005723715
-0.006351546
-0.006888202
-0.007316369
-0.007629231
-0.007836966
-0.007972208
-0.008067038
-0.008133031
-0.008178347
-0.00821077
-0.00823524
-0.008254431
-0.008268106
-0.008274388
-0.008269554
-0.008250436
-0.008214762
-0.008163123
-0.008100039
-0.008035301
-0.007980221
-0.007947295
-0.007950472
-0.008004538
-0.008122364
-0.008312144
-0.008573491
-0.00889198
-0.009240072
-0.009609681
-0.009995491
-0.01039173
-0.01079355
-0.0111971
-0.01159959
-0.01199943
-0.01239583
-0.01278882
-0.01317872
-0.01356652
-0.01395337
-0.01434091
-0.01473089
-0.01512553
-0.01552717
-0.01593851
-0.01636148
-0.01679805
-0.01724881
-0.01771275
-0.0181858
-0.01866167
-0.01913814
-0.0196143
-0.02008944
-0.02056412
-0.02103975
-0.02151892
-0.02200482
-0.02250109
-0.02301093
-0.0235364
-0.02407699
-0.02462889
-0.02518364
-0.02572738
-0.02624023
-0.02669715
-0.02706979
-0.02732911
-0.0274494
-0.02741502
-0.0272275
-0.0269185
-0.02654652
-0.02612667
-0.02566574
-0.0251711
-0.02464708
-0.02409565
-0.02351659
-0.02290941
-0.02227483
-0.021617
-0.02094613
-0.02027823
-0.01961962
-0.01896905
-0.0183204
-0.01766101
-0.0169712
-0.01622401
-0.01538701
-0.01442492
-0.01330547
-0.01200494
-0.01051866
-0.008870322
-0.007128363
-0.005400641
-0.003746763
-0.002215729
-0.0008507999
0.0003259798
0.001324451
0.002196504
0.002995669
0.003741022
0.004447163
0.005128885
0.005796008
0.006454501
0.00710471
0.007742829
0.008361358
0.008951592
0.009505168
0.01001727
0.01048912
0.01093099
0.01135322
0.01175864
0.01214929
0.01252814
0.01289806
0.01326245
0.01362475
0.0139895
0.01436191
0.01474836
0.0151559
0.01559191
0.01606282
0.01657279
0.01712146
0.01770132
0.01829687
0.01889612
0.01948725
0.02005583
0.0205855
0.02105933
0.0214616
0.02178098
0.02201406
0.02217187
0.02227792
0.02232763
0.02230928
0.0222104
0.02201793
0.02172197
0.02132027
0.02082515
0.02026825
0.01968025
0.01907209
0.01845132
0.017825
0.01719687
0.01656768
0.01593432
0.01529026
0.01462569
0.01392855
0.01318567
0.01238525
0.01151912
0.01058652
0.009599102
0.00858036
0.007536296
0.00647076
0.005388885
0.004297105
0.003201981
0.002111576
0.001035336
-1.547118e-05
-0.001028569
-0.001991185
-0.002892065
-0.003723453
-0.004485108
-0.005188864
-0.005859224
-0.00650797
-0.007140974
-0.007764044
-0.008382686
-0.009001112
-0.009622967
-0.01025057
-0.0108852
-0.01152665
-0.01217352
-0.01282269
-0.01346953
-0.01410717
-0.01472746
-0.01532072
-0.01587689
-0.01638649
-0.01684298
-0.01724488
-0.01759986
-0.01792502
-0.01823308
-0.01852908
-0.01881746
-0.01910194
-0.01938544
-0.01966957
-0.01995495
-0.02024105
-0.02052682
-0.0208106
-0.02109079
-0.02136607
-0.02163599
-0.02190132
-0.02216464
-0.02243027
-0.02270484
-0.02299691
-0.02331637
-0.02367341
-0.02407678
-0.02453148
-0.02503511
-0.0255766
-0.02614947
-0.02674683
-0.02735649
-0.02796018
-0.02853307
-0.02904403
-0.02945687
-0.02973355
-0.02983849
-0.02974627
-0.02945058
-0.02897816
-0.02839309
-0.0277409
-0.02703933
-0.02630375
-0.02554795
-0.02478299
-0.02401644
-0.0232531
-0.02249506
-0.0217428
-0.0209955
-0.02025235
-0.0195118
-0.0187725
-0.01803294
-0.01729188
-0.01654759
-0.01579811
-0.01504083
-0.01427311
-0.01349158
-0.01269332
-0.01187602
-0.01103944
-0.01018634
-0.009322894
-0.008450094
-0.00756937
-0.00668237
-0.005792012
-0.004902218
-0.004018654
-0.00314809
-0.002298817
-0.001479518
-0.0006990863
3.596375e-05
0.0007228271
0.001365862
0.001978041
0.002572786
0.003155048
0.003729265
0.004299505
0.004869925
0.005443693
0.006023249
0.006609641
0.007202831
0.007800997
0.008400701
0.008996054
0.009579451
0.01014117
0.01067029
0.0111554
0.01158666
0.01195789
0.0122698
0.01253405
0.01277323
0.01299388
0.01320007
0.01339649
0.01358732
0.01377634
0.01396682
0.01416128
0.01436205
0.01457091
0.01478901
0.01501643
0.01525177
0.01549162
0.01573016
0.01595846
0.01616463
0.01633415
0.01645083
0.01649858
0.01646414
0.01634092
0.01613383
0.01586473
0.01556337
0.01524007
0.01490222
0.01455762
0.01421235
0.01387077
0.01353473
0.01320383
0.01287497
0.01254284
0.01219986
0.01183699
0.01144433
0.0110126
0.01053469
0.01000812
0.009437767
0.008838162
0.008225729
0.007611642
0.007008069
0.006428938
0.005888177
0.005398567
0.004969055
0.004602429
0.004291005
0.004015649
0.003762595
0.003526467
0.003302485
0.00308626
0.002873957
0.002662571
0.002449581
0.002232976
0.002010912
0.001781846
0.001544441
0.001298198
0.001043471
0.0007823352
0.0005190626
0.0002607268
1.746796e-05
-0.0001974769
-0.0003684163
-0.0004784453
-0.0005117122
-0.0004566715
-0.0003103275
-8.441662e-05
0.000192503
0.0004999975
0.0008297713
0.001174349
0.001526496
0.001879948
0.002229583
0.002571393
0.002902457
0.003220844
0.003525703
0.00381741
0.004098136
0.004372014
0.004641643
0.004904846
0.005157151
0.005392292
0.005602386
0.005778811
0.005913488
0.006000932
0.006040491
0.006040176
0.006016705
0.005978036
0.005927668
0.005869133
0.005805383
0.005738832
0.005671107
0.005603348
0.005536186
0.005470129
0.005405542
0.005342988
0.005283014
0.005226284
0.005173296
0.005124249
0.005078614
0.005034915
0.00499029
0.004940455
0.004879389
0.004799712
0.004693058
0.004551131
0.00436695
0.004137028
0.003863641
0.00355809
0.003235406
0.002900534
0.002556742
0.002207653
0.00185602
0.001504019
0.001152863
0.0008032602
0.000455107
0.0001079712
-0.0002390224
-0.0005867952
-0.0009364889
-0.001289083
-0.001645527
-0.002006234
-0.002371389
-0.002740414
-0.003111953
-0.003483778
-0.003854853
-0.004224388
-0.004591946
-0.004957422
-0.005321459
-0.00568527
-0.006050807
-0.006420409
-0.006796771
-0.007182325
-0.007578824
-0.007986366
-0.008402917
-0.008823239
-0.009238402
-0.009635237
-0.009996594
-0.01030203
-0.01052966
-0.01065885
-0.01067465
-0.01057317
-0.01036951
-0.01010031
-0.009791838
-0.0094546
-0.009097927
-0.008730619
-0.008359803
-0.007990794
-0.007626933
-0.007269797
-0.006919231
-0.006573587
-0.006229736
-0.005883349
-0.005528741
-0.005159315
-0.004767817
-0.004347199
-0.003891466
-0.003397386
-0.002866264
-0.002306594
-0.001729839
-0.001139518
-0.0005381684
7.072445e-05
0.0006834742
0.00129563
0.001902148
0.002496862
0.00307306
0.003623432
0.004141114
0.00462054
0.005059497
0.005461005
0.005836008
0.006198588
0.006553379
0.006902861
0.007249045
0.007592239
0.007931275
0.008263173
0.008583653
0.008887359
0.009168984
0.009424111
0.009650787
0.00985118
0.01003302
0.01020435
0.01036881
0.01052967
0.0106905
0.01085448
0.01102406
0.01120056
0.01138382
0.01157165
0.01175974
0.0119412
0.01210661
0.0122445
0.01234193
0.01238604
0.01236621
0.01227689
0.01212146
0.0119166
0.01168492
0.01143381
0.01116833
0.01089417
0.01061591
0.01033751
0.01006164
0.009790321
0.009524414
0.00926409
0.009008523
0.008756089
0.008503936
0.008248188
0.007983568
0.007704186
0.00740302
0.007073277
0.006709022
0.006307103
0.005868485
0.005401591
0.004921254
0.004432869
0.003939768
0.003445629
0.002952865
0.002462934
0.001975344
0.001488016
0.0009967049
0.0004958392
-2.20711e-05
-0.0005650727
-0.001141253
-0.001756765
-0.002414462
-0.003110605
-0.003834214
-0.004576926
-0.005335114
-0.006104068
-0.006877808
-0.007648667
-0.008407745
-0.009144598
-0.009848115
-0.01050672
-0.01111077
-0.01165419
-0.01213759
-0.01257243
-0.01298125
-0.01337528
-0.01375982
-0.01413917
-0.0145162
-0.01489168
-0.01526404
-0.01562932
-0.01598163
-0.01631357
-0.0166172
-0.01688517
-0.01711265
-0.01729917
-0.01745144
-0.01758405
-0.0177068
-0.01782213
-0.01793035
-0.01802934
-0.01811422
-0.01817723
-0.01820846
-0.01819706
-0.0181331
-0.01801038
-0.01782974
-0.01760303
-0.0173478
-0.01707028
-0.01677656
-0.01647537
-0.01617715
-0.01589437
-0.01564094
-0.01543192
-0.01528172
-0.01520263
-0.01520127
-0.0152756
-0.01540835
-0.01556892
-0.01574795
-0.01594038
-0.01614096
-0.01634669
-0.01655623
-0.01677046
-0.01699142
-0.01722187
-0.01746403
-0.01771875
-0.01798387
-0.01825342
-0.01851646
-0.01875675
-0.01895259
-0.01907813
-0.01910532
-0.01900822
-0.01876754
-0.01837833
-0.01785963
-0.01725817
-0.0166069
-0.01591875
-0.01520459
-0.01447478
-0.01373725
-0.01299789
-0.01226026
-0.01152655
-0.01079753
-0.01007366
-0.009354971
-0.00864218
-0.007935684
-0.007236365
-0.006544746
-0.005861078
-0.005184044
-0.004510901
-0.003838706
-0.003166928
-0.002494866
-0.001822323
-0.001149262
-0.0004764823
0.0001951282
0.0008639796
0.00152866
0.002186884
0.002837674
0.003480528
0.00411666
0.004748942
0.005383147
0.006027634
0.006693897
0.007395234
0.008146683
0.008962331
0.009853007
0.01082199
0.01186048
0.01294485
0.01405645
0.01518336
0.01631261
0.01742857
0.01851465
0.0195536
0.02052994
0.02143159
0.02225356
0.02300159
0.0236961
0.02435625
0.02498619
0.02558702
0.02615949
0.02670301
0.02721698
0.0277011
0.02815837
0.02859634
0.0290225
0.02942998
0.02980594
0.0301335
0.03039202
0.03055923
0.03061454
0.03054418
0.03034711
0.03004478
0.0296816
0.02927887
0.02884627
0.02839343
0.02792863
0.02745873
0.02698846
0.02652106
0.0260582
0.02560077
0.02514876
0.02470182
0.02425889
0.02381853
0.02337849
0.02293573
0.02248591
0.02202372
0.02154278
0.02103666
0.02049898
0.01992555
0.01931588
0.01867591
0.01801468
0.01733535
0.01664161
0.01594012
0.01524005
0.01455382
0.01389675
0.01328705
0.01274394
0.01228586
0.01192682
0.01167218
0.01151171
0.01141593
0.01135555
0.01132061
0.01130376
0.01129823
0.011299
0.01130312
0.01130926
0.01131744
0.01132824
0.0113423
0.0113593
0.01137749
0.01139291
0.01139965
0.01138905
0.01135072
0.01127315
0.01114555
0.01095977
0.01071341
0.01041383
0.01007992
0.009724732
0.009353381
0.008970245
0.008579761
0.008185559
0.007790795
0.007397854
0.007009136
0.006626397
0.006251464
0.005885812
0.00553075
0.005186615
0.004852711
0.004526079
0.004202232
0.00387911
0.003555383
0.003229582
0.002900947
0.002569113
0.002234794
0.001899523
0.001566713
0.001240506
0.0009265424
0.0006312429
0.000361526
0.0001234586
-7.880637e-05
-0.000245062
-0.0003812765
-0.0005002328
-0.0006078625
-0.0007068042
-0.0007993749
-0.0008876309
-0.0009730237
-0.00105668
-0.001139125
-0.00122117
-0.001303675
-0.001388094
-0.001476348
-0.001571216
-0.001675973
-0.001794339
-0.001929578
-0.002084212
-0.002258666
-0.002449974
-0.002651406
-0.002859887
-0.003073867
-0.003291796
-0.003511679
-0.003731927
-0.003950853
-0.004167026
-0.004379085
-0.004586235
-0.004788194
-0.004985726
-0.005180546
-0.005376134
-0.005577531
-0.005791673
-0.006026837
-0.006292409
-0.006597534
-0.006949794
-0.007352408
-0.007801924
-0.008285441
-0.00879
-0.009310739
-0.009843369
-0.01038244
-0.01092212
-0.01145568
-0.01197607
-0.01247568
-0.01294702
-0.01338324
-0.01377992
-0.01413624
-0.0144582
-0.01475868
-0.01504714
-0.01532708
-0.01560141
-0.01587246
-0.01614187
-0.01641032
-0.016678
-0.01694434
-0.01720875
-0.01747066
-0.01772992
-0.01798689
-0.01824292
-0.01850008
-0.01876131
-0.01903002
-0.01930963
-0.01960288
-0.01991096
-0.02023238
-0.02056189
-0.02088964
-0.02120037
-0.02147334
-0.02168299
-0.02180072
-0.02179822
-0.02165219
-0.02135106
-0.02090366
-0.02034834
-0.01973752
-0.01908894
-0.01841482
-0.01772762
-0.01703664
-0.01634745
-0.01566129
-0.01497506
-0.01428177
-0.01357073
-0.0128289
-0.0120421
-0.01119722
-0.0102848
-0.009302418
-0.008259626
-0.007178838
-0.006069174
-0.004933689
-0.003775694
-0.002599007
-0.001408102
-0.0002091
0.0009895817
0.002175856
0.003334144
0.004444922
0.005485944
0.006434014
0.007268632
0.007976837
0.008559426
0.009039978
0.009465665
0.009859212
0.0102303
0.01058668
0.01093253
0.0112677
0.01158708
0.01188115
0.01213715
0.01234078
0.0124788
0.01254261
0.01253206
0.01246194
0.01236063
0.01223645
0.01209459
0.01194117
0.01178121
0.01161878
0.01145649
0.01129603
0.01113793
0.01098217
0.01082818
0.01067529
0.01052266
0.01036968
0.01021581
0.0100608
0.009904561
0.009747349
0.00958952
0.009431638
0.009274253
0.009118031
0.008963432
0.0088108
0.008660045
0.008510758
0.008361815
0.008211536
0.008057467
0.007896632
0.007725503
0.00754056
0.007338584
0.007117798
0.006878332
0.00662411
0.006362254
0.006095007
0.005823608
0.005549619
0.005274158
0.004998318
0.004722658
0.004447638
0.004173364
0.003899949
0.003627226
0.003355093
0.003083178
0.002811471
0.002539529
0.002267051
0.001993615
0.001718965
0.001442742
0.001164866
0.0008853261
0.0006046901
0.0003237416
4.395573e-05
-0.0002327598
-0.0005037667
-0.0007661859
-0.001016882
-0.001253145
-0.001472973
-0.001676326
-0.001865979
-0.002047813
-0.002224567
-0.002397593
-0.002568125
-0.002737304
-0.002905842
-0.003074348
-0.003243064
-0.003412129
-0.003581416
-0.003750864
-0.003920312
-0.004089787
-0.004259104
-0.00442844
-0.004597912
-0.004767785
-0.00493822
-0.005109456
-0.005281534
-0.005454422
-0.005627648
-0.005800584
-0.005972131
-0.006140905
-0.006305102
-0.006462849
-0.006612261
-0.006751965
-0.006881276
-0.007001201
-0.007114594
-0.00722434
-0.007331323
-0.007436236
-0.007539695
-0.007642224
-0.007744098
-0.007845584
-0.007946806
-0.008047955
-0.008149198
-0.008250857
-0.008353319
-0.008457141
-0.008562706
-0.008670479
-0.00878061
-0.008892876
-0.009006399
-0.009119591
-0.009229932
-0.00933403
-0.009427619
-0.009505959
-0.009564276
-0.009598638
-0.009607005
-0.009590732
-0.009556092
-0.009511675
-0.009460214
-0.00940356
-0.009343692
-0.009282185
-0.009220246
-0.009158648
-0.009097804
-0.009037838
-0.008978686
-0.008920141
-0.008861938
-0.008803804
-0.008745466
-0.0086867
-0.008627317
-0.00856717
-0.008506235
-0.008444507
-0.008382107
-0.008319254
-0.008256314
-0.008193756
-0.008132164
-0.008072139
-0.008014301
-0.007959061
-0.007906517
-0.007856258
-0.007807224
-0.007757446
-0.007704036
-0.007643098
-0.007570032
-0.007479681
-0.007367126
-0.007228485
-0.00706229
-0.006871008
-0.006662334
-0.006443913
-0.006218638
-0.00598869
-0.005756309
-0.005523276
-0.005290963
-0.005060118
-0.004831017
-0.004603353
-0.004376569
-0.004149562
-0.003921078
-0.003689706
-0.003454244
-0.00321373
-0.002967948
-0.002717583
-0.002464805
-0.002213303
-0.001968654
-0.001738211
-0.001530933
-0.001356544
-0.001224486
-0.001142041
-0.001112193
-0.00113015
-0.001181328
-0.001251203
-0.001334755
-0.001428168
-0.001527673
-0.001630234
-0.001733654
-0.001836466
-0.00193786
-0.002037509
-0.002135402
-0.002231677
-0.00232656
-0.002420268
-0.002513178
-0.002605634
-0.00269815
-0.002791404
-0.002886312
-0.002983887
-0.003085237
-0.003191298
-0.003302649
-0.003419064
-0.003539238
-0.003660305
-0.003777661
-0.00388467
-0.003972883
-0.004032353
-0.004052783
-0.004024672
-0.00394175
-0.003803429
-0.003619136
-0.003408238
-0.003180159
-0.002939161
-0.002689627
-0.002435163
-0.002178732
-0.001922279
-0.001667109
-0.001413727
-0.00116228
-0.0009124999
-0.0006641099
-0.0004165791
-0.0001694348
7.795066e-05
0.0003261611
0.0005760334
0.0008284421
0.001084531
0.001345303
0.0016119
0.001885058
0.002165021
0.002450864
0.002740577
0.003032703
0.0033268
0.003622252
0.003918643
0.00421546
0.004512276
0.00480856
0.00510391
0.005397894
0.005690258
0.005980734
0.006269451
0.006556762
0.006843465
0.007130677
0.007419986
0.007713198
0.008012264
0.008318615
0.008633166
0.008955436
0.009283134
0.009611448
0.009932784
0.01023647
0.01050912
0.01073524
0.01089904
0.01098657
0.01098938
0.01090854
0.01076156
0.01058089
0.0103763
0.01015353
0.009919308
0.009678874
0.009436449
0.009194665
0.008955012
0.008717917
0.008483205
0.00825025
0.008018292
0.007786543
0.007554364
0.007321286
0.00708704
0.00685155
0.006614844
0.00637721
0.006138887
0.005900237
0.005661623
0.005423477
0.005186152
0.004949992
0.004715185
0.004481854
0.004249795
0.004018528
0.003787148
0.003554362
0.003318354
0.003076949
0.002827653
0.002568141
0.002296382
0.00201145
0.001714182
0.001407898
0.001095886
0.0007793171
0.0004592172
0.0001370612
-0.0001856028
-0.0005068855
-0.0008246927
-0.001136637
-0.001440327
-0.001733492
-0.002014557
-0.002282938
-0.002540249
-0.0027902
-0.003034881
-0.003275765
-0.003514867
-0.003754533
-0.003997449
-0.004246265
-0.004503448
-0.004770683
-0.005048371
-0.005334875
-0.005625904
-0.005913815
-0.006187259
-0.006431137
-0.006627249
-0.006755643
-0.00679704
-0.00673642
-0.006567864
-0.006301143
-0.00596623
-0.005592851
-0.005191054
-0.004768277
-0.004331854
-0.003887602
-0.003439864
-0.002991633
-0.002544965
-0.002101655
-0.001663445
-0.001232619
-0.0008120559
-0.0004052934
-1.602353e-05
0.0003524622
0.0006984284
0.001022834
0.001331127
0.001630652
0.001923384
0.002210419
0.002493201
0.002772942
0.003050907
0.003328122
0.003605841
0.003885283
0.0041678
0.004454648
0.004746949
0.005045277
0.005349414
0.005657745
0.005967059
0.006272032
0.006565172
0.006836828
0.007075824
0.007270405
0.007409967
0.007487405
0.00750224
0.007465214
0.007398462
0.007312767
0.007213168
0.007104598
0.006991179
0.006876071
0.00676122
0.006647533
0.006534997
0.006422988
0.006310512
0.006196542
0.006080249
0.005961351
0.005840227
0.005718216
0.005597676
0.00548207
0.005375763
0.005283827
0.005211429
0.005163182
0.005141841
0.005147158
0.005173593
0.005210891
0.00525594
0.005306913
0.005361657
0.00541856
0.005476277
0.005534013
0.005591276
0.005647938
0.005703992
0.005759549
0.005814684
0.005869489
0.00592392
0.005977913
0.006031329
0.006084118
0.006136254
0.006187925
0.006239469
0.006291536
0.006344892
0.006400524
0.006459371
0.006522257
0.006589486
0.006660647
0.006734206
0.006807336
0.006875534
0.006932702
0.00697125
0.006982704
0.006958515
0.006891619
0.006778291
0.006620956
0.006430668
0.006222637
0.006001675
0.005771119
0.005534495
0.005294768
0.005054238
0.004814683
0.004577145
0.004342294
0.004110311
0.003881128
0.003654235
0.003428763
0.003203262
0.002975953
0.00274419
0.002504888
0.002254421
0.001989193
0.001705834
0.001402287
0.001078449
0.0007380943
0.0003884211
3.292023e-05
-0.0003270421
-0.000690099
-0.001055384
-0.001422287
-0.00179077
-0.002160594
-0.002532006
-0.002904876
-0.003278806
-0.00365263
-0.004024597
-0.004391981
-0.004751435
-0.005098772
-0.005429866
-0.005740898
-0.006029592
-0.006296016
-0.006544748
-0.006784214
-0.007016896
-0.007243946
-0.007467067
-0.007687514
-0.007906482
-0.008124785
-0.00834328
-0.008562658
-0.00878379
-0.009007357
-0.009234231
-0.009465008
-0.009700006
-0.009938812
-0.01018018
-0.01042155
-0.01065903
-0.01088693
-0.01109833
-0.01128516
-0.01143925
-0.01155332
-0.01162298
-0.01164886
-0.01164028
-0.01161425
-0.0115759
-0.01152819
-0.01147452
-0.01141739
-0.0113588
-0.01129991
-0.01124131
-0.01118305
-0.01112499
-0.0110669
-0.01100874
-0.0109507
-0.01089331
-0.01083733
-0.01078371
-0.01073339
-0.01068704
-0.01064484
-0.010606
-0.01056845
-0.01052859
-0.01048103
-0.01041873
-0.01033342
-0.01021611
-0.01005841
-0.009854259
-0.009602174
-0.009308451
-0.008988319
-0.00865254
-0.008305425
-0.007950506
-0.007591017
-0.00722935
-0.006867103
-0.006504989
-0.006143118
-0.005781109
-0.005418594
-0.005055119
-0.004690659
-0.004325664
-0.003961374
-0.003599695
-0.003243348
-0.002895547
-0.002559923
-0.002239746
-0.001937391
-0.001653342
-0.001384924
-0.001126073
-0.0008740568
-0.0006276345
-0.0003856621
-0.0001467609
9.037762e-05
0.0003271328
0.0005648732
0.0008051195
0.001049367
0.00129905
0.001555129
0.001817952
0.002086685
0.002358951
0.002630255
0.002893854
0.00314054
0.00335903
0.003536575
0.003660587
0.00372058
0.003711284
0.003636315
0.003512551
0.003362909
0.003194731
0.003012875
0.002822527
0.002627693
0.002431403
0.002235458
0.002040768
0.001847485
0.001655384
0.001464032
0.001273104
0.001082515
0.0008925344
0.0007038056
0.0005173063
0.0003342411
0.0001558179
-1.699347e-05
-0.0001838376
-0.0003454379
-0.0005036857
-0.000659507
-0.000813458
-0.0009662337
-0.001118644
-0.001271521
-0.001425689
-0.001581849
-0.001740488
-0.00190173
-0.002065187
-0.002229797
-0.002393706
-0.002554129
-0.002707405
-0.002849116
-0.002974452
-0.003078762
-0.003158444
-0.003212093
-0.003242099
-0.003255757
-0.003260256
-0.00325803
-0.003250851
-0.003240443
-0.003228105
-0.003214767
-0.003200975
-0.003187064
-0.003173209
-0.003159603
-0.003146543
-0.003134506
-0.003124106
-0.003116077
-0.003111071
-0.003109555
-0.003111422
-0.003115799
-0.003120714
-0.003122942
-0.003117803
-0.003099324
-0.003060461
-0.002993913
-0.002892974
-0.002753229
-0.00257434
-0.002363065
-0.002133236
-0.001891695
-0.001641635
-0.001386377
-0.001128549
-0.00087024
-0.0006126381
-0.0003562846
-0.00010092
0.0001541652
0.0004101378
0.0006681519
0.0009294092
0.001194658
0.001464051
0.001736716
0.002010639
0.00228235
0.002546929
0.002797931
0.003027987
0.003229323
0.003394915
0.003520048
0.003604312
0.003654591
0.003685227
0.003703145
0.003711611
0.003713823
0.003712539
0.003709917
0.003707425
0.003705916
0.003705759
0.003706864
0.003708983
0.003711707
0.003714616
0.003717295
0.003719417
0.003720742
0.003721143
0.003720578
0.003719143
0.003717037
0.003714583
0.003712206
0.003710432
0.003709834
0.003710983
0.003714337
0.00372013
0.003728217
0.003737927
0.003747877
0.003755883
0.003758898
0.003753096
0.00373407
0.003697309
0.003638831
0.003556229
0.003449799
0.003324498
0.003189535
0.003047651
0.002900558
0.002750167
0.002598027
0.002445387
0.002293073
0.002141606
0.001991178
0.001841801
0.001693314
0.00154545
0.001397846
0.001250094
0.001101762
0.0009523913
0.0008015401
0.0006488492
0.0004941684
0.0003375741
0.000179559
2.111825e-05
-0.0001361257
-0.0002898984
-0.0004372926
-0.0005749274
-0.0006992227
-0.0008069507
-0.0008959342
-0.0009659548
-0.001020157
-0.001065114
-0.00110403
-0.001138436
-0.001169875
-0.001199745
-0.001229235
-0.001259253
-0.001290433
-0.00132315
-0.001357521
-0.001393389
-0.00143031
-0.001467509
-0.001503842
-0.001537776
-0.001567445
-0.00159071
-0.001605379
-0.001609485
-0.001601775
-0.001582227
-0.001552942
-0.001518157
-0.001479947
-0.00143926
-0.001397006
-0.00135388
-0.001310399
-0.001266793
-0.001223096
-0.001179165
-0.001134801
-0.001089783
-0.001043999
-0.0009975238
-0.00095071
-0.000904231
-0.0008591594
-0.0008168977
-0.000779151
-0.0007477597
-0.0007244515
-0.0007104943
-0.0007062473
-0.0007104771
-0.0007201545
-0.000733135
-0.0007486011
-0.0007658514
-0.0007842311
-0.0008032087
-0.000822415
-0.0008415731
-0.0008605172
-0.0008791195
-0.0008973005
-0.000914958
-0.000932019
-0.0009484029
-0.0009641041
-0.0009791863
-0.0009938609
-0.001008526
-0.001023836
-0.001040681
-0.001060212
-0.001083732
-0.001112681
-0.001148303
-0.001191474
-0.001242288
-0.001299656
-0.001360918
-0.001423575
-0.001486778
-0.001550204
-0.001613816
-0.001678129
-0.001744088
-0.001813092
-0.001886686
-0.001966315
-0.00205285
-0.002146205
-0.002244656
-0.002344426
-0.002439231
-0.00252014
-0.00257566
-0.002592405
-0.002556311
-0.002454727
-0.00227922
-0.002029202
-0.001717483
-0.001370512
-0.001001044
-0.0006149655
-0.0002178579
0.0001854819
0.0005916874
0.0009987321
0.00140582
0.001813019
0.002220964
0.002630335
0.003041532
0.00345405
0.003866473
0.004276041
0.004678712
0.005069179
0.005441423
0.005789279
0.006107608
0.006393485
0.006648359
0.006879852
0.007098491
0.007307368
0.007508534
0.007704236
0.007896385
0.008086527
0.008275985
0.008465895
0.008657375
0.008851513
0.009049476
0.009252344
0.009460969
0.009675498
0.009895204
0.01011791
0.01033961
0.01055416
0.01075324
0.01092658
0.01106259
0.0111497
0.01117833
0.01114361
0.01104885
0.0109094
0.01074613
0.0105658
0.01037286
0.01017224
0.00996769
0.009762251
0.009557795
0.009355359
0.009155182
0.008957055
0.008760344
0.008564332
0.008368118
0.008170903
0.0079719
0.007770585
0.007566586
0.00735993
0.007150988
0.006940879
0.006731178
0.006524289
0.006323257
0.006131796
0.00595385
0.005793279
0.005653004
0.005534245
0.005435013
0.005349371
0.005271361
0.005198943
0.005130479
0.005064392
0.004999327
0.004934385
0.004868849
0.004802367
0.004734768
0.00466615
0.00459667
0.004526661
0.004456487
0.004386721
0.004317869
0.004250532
0.004185208
0.004122337
0.004062005
0.004003938
0.003947178
0.003890226
0.003830527
0.003764758
0.003688756
0.003597955
0.003487713
0.003354233
0.003195501
0.003012899
0.002812448
0.002602453
0.002385475
0.002163293
0.001937712
0.001710236
0.001481942
0.001253734
0.001026045
0.0007992046
0.0005733562
0.0003486772
0.0001252111
-9.696176e-05
-0.0003179381
-0.0005377847
-0.0007569399
-0.0009759951
-0.001195934
-0.00141788
-0.00164325
-0.001873363
-0.002109395
-0.002351604
-0.002599428
-0.002850651
-0.003101185
-0.0033446
-0.003572238
-0.003773342
-0.003935916
-0.004047884
-0.004099307
-0.004085083
-0.004008627
-0.003885801
-0.003738287
-0.003573092
-0.003395002
-0.003209085
-0.003019419
-0.00282913
-0.002640179
-0.002453568
-0.002269467
-0.002087444
-0.001906617
-0.001725856
-0.001543955
-0.001359754
-0.001172305
-0.0009810354
-0.0007859187
-0.0005876734
-0.000387945
-0.0001894375
3.970559e-06
0.0001873173
0.0003547734
0.0005001496
0.000617693
0.0007032798
0.0007558905
0.0007799056
0.0007857293
0.0007807957
0.0007680153
0.0007498948
0.0007286564
0.0007060188
0.00068309
0.0006605114
0.0006384062
0.0006166511
0.0005949436
0.0005730175
0.0005506637
0.000527917
0.0005049925
0.0004824361
0.000460911
0.0004412226
0.000424103
0.0004100715
0.0003991185
0.0003905526
0.0003826023
0.0003725248
0.0003561341
0.0003281328
0.0002822713
0.0002120621
0.000111511
-2.33168e-05
-0.0001928514
-0.0003911566
-0.000606144
-0.000831921
-0.001065849
-0.001305206
-0.001547787
-0.001791757
-0.002035967
-0.002279543
-0.002522204
-0.002763805
-0.003004438
-0.003244139
-0.003483066
-0.003721276
-0.003958934
-0.004196095
-0.004433055
-0.004670153
-0.004907981
-0.005147183
-0.005388632
-0.005633103
-0.005881321
-0.006133404
-0.006388991
-0.006646653
-0.00690379
-0.007156296
-0.007398678
-0.007624082
-0.007824898
-0.007993435
-0.008123399
-0.008211574
-0.00826018
-0.008279358
-0.008282955
-0.00827541
-0.008259742
-0.008239053
-0.008215825
-0.008191888
-0.008168322
-0.008145609
-0.008123751
-0.008102449
-0.008081275
-0.008059792
-0.008037729
-0.008015042
-0.00799202
-0.007969284
-0.007947814
-0.007928878
-0.007913959
-0.007904537
-0.007901881
-0.007906693
-0.007918695
-0.007936173
-0.007956733
-0.007979655
-0.008004452
-0.008030574
-0.008057544
-0.008084934
-0.008112385
-0.008139581
-0.008166227
-0.008192041
-0.008216755
-0.008240205
-0.008262271
-0.008283024
-0.008302759
-0.008322072
-0.008341852
-0.008363284
-0.008387717
-0.008416606
-0.0084511
-0.008491826
-0.008538382
-0.008588993
-0.00863998
-0.008685528
-0.008717434
-0.008725591
-0.008698178
-0.0086232
-0.008490058
-0.008292489
-0.008031376
-0.007720232
-0.007383778
-0.007029572
-0.006661899
-0.006285735
-0.005904731
-0.005521768
-0.005138286
-0.004754965
-0.004371584
-0.003987917
-0.003603425
-0.003218132
-0.002832547
-0.002448202
-0.002067414
-0.001693528
-0.001330464
-0.000982665
-0.0006540421
-0.0003473719
-6.298438e-05
0.0002026939
0.000457518
0.0007051563
0.0009474508
0.001185844
0.0014219
0.001656763
0.001891276
0.0021259
0.002360957
0.002596577
0.002832924
0.003069987
0.003307957
0.003546938
0.003787114
0.004028429
0.004270754
0.00451357
0.004756049
0.004996652
0.005233519
0.005464227
0.005686099
0.005896348
0.006092727
0.006274042
0.006441098
0.006597444
0.006748034
0.006894224
0.007036851
0.007176736
0.007314546
0.007450793
0.007585943
0.007720326
0.007854537
0.007989307
0.008125633
0.00826465
0.008407625
0.008555657
0.00870944
0.008868755
0.009032197
0.009196635
0.009356935
0.009505739
0.009633634
0.009729603
0.009782099
0.009780603
0.009718126
0.009594075
0.009418908
0.009214267
0.008990586
0.008752641
0.008505106
0.008251965
0.007996325
0.007740253
0.007484965
0.007231006
0.006978463
0.006727221
0.006477087
0.006228102
0.005980281
0.005733794
0.005488775
0.005245255
0.005002859
0.004760702
0.00451711
0.004269665
0.004014983
0.003749001
0.0034672
0.003165322
0.002840073
0.002490395
0.002119013
0.001733262
0.001337951
0.000934602
0.0005244566
0.000109006
-0.00031027
-0.0007315399
-0.001152601
-0.001570431
-0.001981368
-0.002380902
-0.002764083
-0.003125855
-0.003462065
-0.003770514
-0.004052624
-0.004314851
-0.004566485
-0.004811286
-0.005052608
-0.005294199
-0.005539611
-0.005791834
-0.00605285
-0.006323068
-0.006600904
-0.006882137
-0.007159538
-0.007422586
-0.007657647
-0.007848586
-0.007978208
-0.008030411
-0.007993586
-0.0078648
-0.007656027
-0.007396201
-0.007105892
-0.00679324
-0.006465208
-0.006128282
-0.005787507
-0.00544649
-0.005107353
-0.004771085
-0.00443771
-0.004106688
-0.003777069
-0.003447946
-0.003118227
-0.002787017
-0.002453491
-0.002117087
-0.001777339
-0.001434076
-0.001087336
-0.0007376877
-0.0003861092
-3.41216e-05
0.000317798
0.000669399
0.001020722
0.001372011
0.001723866
0.002076901
0.002432038
0.002790053
0.003151551
0.003516553
0.003884415
0.004253425
0.004620718
0.004981945
0.005331589
0.005663008
0.005969173
0.006243401
0.006480958
0.00668063
0.006847478
0.006993378
0.00712689
0.007251277
0.007369326
0.00748347
0.007595599
0.007706918
0.007818094
0.007929297
0.008040498
0.008151569
0.008262535
0.008373583
0.008485255
0.008598353
0.008713905
0.00883294
0.008956301
0.009084248
0.009216151
0.009350064
0.009482419
0.009607826
0.00971904
0.009807284
0.009862892
0.009876517
0.009840852
0.009753036
0.009617777
0.009449623
0.009262969
0.009062973
0.008853379
0.008637978
0.008419706
0.00820078
0.007982471
0.007765452
0.007549763
0.007335261
0.007121493
0.006908074
0.006694603
0.006480932
0.006266933
0.006052699
0.005838306
0.00562406
0.005410039
0.005196325
0.004982752
0.004769044
0.004554554
0.004338467
0.004119648
0.003897007
0.003669307
0.003435674
0.00319568
0.002949967
0.002700251
0.002448373
0.002194934
0.001940684
0.001686101
0.001431676
0.001177659
0.0009242539
0.0006713338
0.000418684
0.0001658069
-8.775212e-05
-0.0003426824
-0.0005995393
-0.0008588211
-0.001120575
-0.001384506
-0.001649562
-0.001914011
-0.002174982
-0.002428937
-0.002671456
-0.002897789
-0.003103232
-0.003284225
-0.003439319
-0.003570932
-0.003686192
-0.003792343
-0.003891866
-0.003986715
-0.004078706
-0.004169353
-0.00425971
-0.004350518
-0.004441886
-0.004533929
-0.004626463
-0.004719283
-0.0048121
-0.004904735
-0.004997043
-0.005089052
-0.005180782
-0.005272456
-0.005364297
-0.005456594
-0.005549545
-0.005643349
-0.005737981
-0.005833269
-0.005928642
-0.006023315
-0.006116122
-0.00620561
-0.006290069
-0.006367801
-0.006437281
-0.006497649
-0.006549008
-0.006593317
-0.006634101
-0.006672474
-0.006709088
-0.006744708
-0.006779865
-0.006814985
-0.006850201
-0.006885536
-0.006920822
-0.006955813
-0.006990219
-0.007023792
-0.007056374
-0.007087986
-0.007118862
-0.007149504
-0.007180669
-0.007213318
-0.007248528
-0.00728736
-0.007330562
-0.007378347
-0.007430052
-0.007483789
-0.00753618
-0.007582148
-0.007614959
-0.007626438
-0.007607653
-0.007549954
-0.007446655
-0.007295128
-0.007099792
-0.006874113
-0.00663155
-0.006376853
-0.00611368
-0.005845565
-0.005575408
-0.005305153
-0.005035953
-0.004768143
-0.004501527
-0.004235415
-0.003968935
-0.003701096
-0.003431187
-0.003158693
-0.002883682
-0.002606825
-0.002329693
-0.00205464
-0.001784951
-0.001524592
-0.001278148
-0.001050015
-0.0008439048
-0.0006616667
-0.000502135
-0.0003595178
-0.0002259664
-9.890029e-05
2.333496e-05
0.0001426175
0.0002603697
0.0003777393
0.0004953671
0.0006136655
0.0007327113
0.0008525063
0.0009727538
0.001093314
0.001213951
0.001334514
0.001454827
0.001574823
0.001694428
0.001813655
0.001932447
0.002050876
0.002168987
0.002286908
0.002404768
0.00252282
0.002641357
0.002760788
0.002881482
0.003003924
0.003128496
0.003255479
0.003384843
0.003516163
0.003648562
0.003781756
0.003915437
0.00404929
0.004182958
0.004316119
0.004448456
0.004579771
0.004709968
0.004839159
0.004967614
0.005095915
0.005224851
0.005355429
0.005488749
0.005625866
0.005767546
0.00591399
0.006064468
0.006217032
0.006368173
0.006512671
0.006643553
0.006752392
0.006829952
0.0068673
0.006857491
0.006797785
0.00669272
0.006556178
0.006401995
0.006234998
0.006058845
0.005877149
0.005692798
0.005507872
0.005323675
0.005140815
0.004959438
0.004779305
0.004600029
0.004421114
0.004242216
0.004062948
0.003883108
0.003702554
0.003521311
0.003339428
0.00315706
0.00297436
0.002791617
0.00260904
0.002426933
0.002245561
0.002065261
0.001886265
0.001708786
0.001532841
0.001358388
0.001184953
0.001012014
0.0008393384
0.0006668425
0.0004943772
0.0003219001
0.0001493489
-2.317351e-05
-0.0001956341
-0.0003679063
-0.0005399123
-0.0007115
-0.0008826494
-0.001053337
-0.00122374
-0.001393938
-0.001564326
-0.0017353
-0.001907384
-0.002081013
-0.002256604
-0.002434284
-0.002613894
-0.002794638
-0.002975176
-0.003153342
-0.003326254
-0.00349027
-0.003641374
-0.003775511
-0.003889383
-0.003981218
-0.004052196
-0.004107628
-0.004154803
-0.004196028
-0.004232893
-0.00426706
-0.004299887
-0.004332347
-0.004365105
-0.004398477
-0.004432558
-0.004467243
-0.004502353
-0.00453763
-0.004572872
-0.004607818
-0.00464234
-0.004676334
-0.004709801
-0.004742796
-0.004775496
-0.004808156
-0.004841156
-0.004874942
-0.004910068
-0.0049471
-0.004986604
-0.005028989
-0.005074431
-0.005122654
-0.005172847
-0.00522416
-0.005276323
-0.005329114
-0.005382316
-0.005435733
-0.00548922
-0.005542647
-0.005595913
-0.005648928
-0.005701627
-0.005753952
-0.005805895
-0.005857467
-0.005908741
-0.005959888
-0.006011136
-0.006062808
-0.006115276
-0.006168931
-0.006224105
-0.006281
-0.006339545
-0.00639932
-0.006459379
-0.006518204
-0.006573633
-0.006622915
-0.006662824
-0.006690038
-0.006701503
-0.00669525
-0.006671136
-0.006632328
-0.006585147
-0.006532703
-0.006476377
-0.00641754
-0.006357238
-0.006296245
-0.006234919
-0.006173419
-0.006111569
-0.006049157
-0.00598593
-0.005921815
-0.005856908
-0.005791651
-0.005726719
-0.005663263
-0.005602444
-0.00554554
-0.005493517
-0.005446864
-0.005405034
-0.005366172
-0.005326614
-0.005280865
-0.005221218
-0.005138255
-0.0050213
-0.004859808
-0.004644882
-0.004372014
-0.004043994
-0.003674928
-0.003283623
-0.002875789
-0.002454876
-0.002024768
-0.001588361
-0.001148134
-0.0007058576
-0.000263447
0.0001772478
0.0006136235
0.001042442
0.001459431
0.001859859
0.002238746
0.002591975
0.002917056
0.003215363
0.003493446
0.00376049
0.004019471
0.004272776
0.004523106
0.004773077
0.005024927
0.005280605
0.005541376
0.005807784
0.006079207
0.006353814
0.006628117
0.006896979
0.007153282
0.007388563
0.007593288
0.007758067
0.007875067
0.007940416
0.007956843
0.007936952
0.007897745
0.007844847
0.007782014
0.007713295
0.007641824
0.007570025
0.007499306
0.007430387
0.00736314
0.007297108
0.007231413
0.007165091
0.007097132
0.007026757
0.006953477
0.006877343
0.006799001
0.006719935
0.006642475
0.006569887
0.006506203
0.006456063
0.006424161
0.006414652
0.006429982
0.006469863
0.00652916
0.006598412
0.006674701
0.006756275
0.006841113
0.006927634
0.007014537
0.007101035
0.007186678
0.007271384
0.007355251
0.007438589
0.007521785
0.007605273
0.007689425
0.00777459
0.00786096
0.007948576
0.008037229
0.008126419
0.00821533
0.008302789
0.008387255
0.00846693
0.008539884
0.008604301
0.008658837
0.008703085
0.008738282
0.008767528
0.008792988
0.008815427
0.008835528
0.008853973
0.008871409
0.008888434
0.008905648
0.008923665
0.008943156
0.008964731
0.008988954
0.009016139
0.009046253
0.009078636
0.009111852
0.009143445
0.009169988
0.009186874
0.009188695
0.00916963
0.009124259
0.009048623
0.008941745
0.008807671
0.008656299
0.008494587
0.008325292
0.008150734
0.007973123
0.007794131
0.007614969
0.007436289
0.007258522
0.007081625
0.006905458
0.006729724
0.006554205
0.006378621
0.006202821
0.006026639
0.005850139
0.005673281
0.005496144
0.005318756
0.005141276
0.004963724
0.004786198
0.004608612
0.004431225
0.004253909
0.004076692
0.003899508
0.003722415
0.003545337
0.003368287
0.003191172
0.0030141
0.002836986
0.002659871
0.002482697
0.00230555
0.002128365
0.001951187
0.00177392
0.001596723
0.001419501
0.001242294
0.001065041
0.0008878171
0.0007105718
0.0005333413
0.0003560523
0.0001788346
1.618278e-06
-0.00017555
-0.0003527147
-0.0005298039
-0.0007068677
-0.0008838832
-0.001060982
-0.001238004
-0.001415097
-0.001592271
-0.001769619
-0.001947093
-0.002124777
-0.002302623
-0.002480678
-0.002658743
-0.002836774
-0.00301457
-0.003192007
-0.003368835
-0.003544954
-0.003720262
-0.003894878
-0.004068842
-0.004242615
-0.004416719
-0.004591937
-0.004769039
-0.0049489
-0.005132145
-0.005319106
-0.005509308
-0.005701548
-0.005893374
-0.006081119
-0.00625963
-0.006422691
-0.006563242
-0.006674372
-0.006750091
-0.006787539
-0.006788674
-0.006762804
-0.006722527
-0.006671922
-0.006613683
-0.006550764
-0.006485386
-0.006419339
-0.006353702
-0.006289093
-0.006225622
-0.006163206
-0.006101535
-0.006040311
-0.005979131
-0.005917754
-0.005855963
-0.00579365
-0.005730755
-0.005667302
-0.005603357
-0.005539041
-0.005474458
-0.005409781
-0.005345184
-0.005280876
-0.005217032
-0.005153868
-0.005091517
-0.005030105
-0.004969538
-0.004909672
-0.004850133
-0.004790379
-0.004729654
-0.004667118
-0.004601871
-0.004533204
-0.004460702
-0.004384594
-0.004305959
-0.004227037
-0.004151356
-0.004083911
-0.004030942
-0.003999683
-0.00399746
-0.004030818
-0.004103661
-0.004215513
-0.004358165
-0.00451654
-0.00468607
-0.004864092
-0.005047421
-0.005233659
-0.005420837
-0.005607781
-0.005793755
-0.005978596
-0.006162363
-0.006345423
-0.006527982
-0.006710451
-0.006893058
-0.00707602
-0.007259359
-0.007443116
-0.007627207
-0.007811583
-0.007996091
-0.008180698
-0.008365325
-0.00855
-0.008734705
-0.008919522
-0.009104497
-0.009289726
-0.009475173
-0.009660849
-0.009846644
-0.01003241
-0.01021786
-0.01040275
-0.01058673
-0.01076952
-0.01095095
-0.01113101
-0.01130994
-0.01148837
-0.01166712
-0.01184743
-0.01203077
-0.01221857
-0.01241211
-0.01261209
-0.01281812
-0.01302842
-0.01323922
-0.01344456
-0.01363611
-0.01380328
-0.013934
-0.01401586
-0.01403787
-0.01399344
-0.01388346
-0.0137216
-0.0135333
-0.0133262
-0.01310494
-0.01287468
-0.01263954
-0.01240277
-0.01216648
-0.01193181
-0.01169914
-0.01146825
-0.01123871
-0.01100993
-0.01078137
-0.01055253
-0.01032311
-0.01009288
-0.009861868
-0.009630032
-0.009397736
-0.009165075
-0.008932209
-0.008699256
-0.008466412
-0.008233702
-0.008001198
-0.00776884
-0.007536739
-0.007304791
-0.007072991
-0.006841242
-0.006609603
-0.006377976
-0.006146361
-0.005914632
-0.005682914
-0.005451069
-0.005219094
-0.00498689
-0.004754509
-0.004521875
-0.004289067
-0.004056083
-0.00382321
-0.003590586
-0.003358569
-0.00312748
-0.002897841
-0.002670015
-0.002444397
-0.002221026
-0.002000015
-0.001780647
-0.001562181
-0.001344297
-0.001126913
-0.0009097841
-0.0006928162
-0.0004758165
-0.0002588645
-4.18461e-05
0.0001751878
0.0003922877
0.0006093353
0.0008263687
0.001043332
0.001260323
0.001477176
0.001694028
0.001910882
0.002127852
0.00234491
0.002562176
0.002779636
0.002997387
0.003215261
0.003433256
0.003651201
0.003868968
0.004086267
0.004302943
0.004518767
0.004733762
0.004947684
0.005160858
0.005373634
0.005586699
0.005800802
0.006016995
0.006236248
0.006459498
0.006687084
0.006918836
0.007153472
0.007388486
0.007619714
0.007841478
0.008046531
0.008226637
0.008373175
0.008478698
0.008538666
0.008553689
0.008533145
0.008494488
0.008442942
0.008381661
0.008314202
0.008243417
0.008171539
0.008099975
0.008029517
0.007960394
0.00789251
0.007825555
0.007759095
0.007692753
0.007626212
0.007559262
0.007491782
0.007423762
0.007355261
0.007286384
0.007217251
0.00714798
0.007078684
0.00700944
0.0069403
0.00687128
0.006802396
0.006733622
0.006664931
0.006596291
0.006527678
0.006459058
0.006390424
0.006321752
0.006253059
0.006184336
0.006115618
0.006046896
0.005978209
0.005909538
0.005840906
0.005772301
0.005703714
0.005635103
0.005566464
0.005497737
0.005428889
0.005359869
0.005290675
0.005221294
0.00515179
0.005082218
0.005012739
0.004943493
0.004874692
0.004806508
0.004739117
0.004672563
0.004606773
0.004541433
0.004476013
0.004409633
0.004341123
0.004269014
0.004191697
0.00410753
0.004015174
0.003913915
0.003804257
0.00368831
0.003569034
0.003447338
0.003323879
0.003199306
0.003074164
0.002948809
0.002823565
0.002698529
0.002573755
0.00244919
0.002324822
0.002200556
0.002076349
0.001952113
0.001827872
0.001703572
0.001579214
0.001454764
0.001330246
0.001205609
0.001080844
0.0009558885
0.0008307676
0.000705429
0.0005799078
0.0004542217
0.000328497
0.0002028468
7.747339e-05
-4.744501e-05
-0.0001716545
-0.0002950066
-0.0004173939
-0.0005388788
-0.0006596661
-0.000780208
-0.0009011704
-0.00102348
-0.00114804
-0.001275892
-0.001407808
-0.001544126
-0.001684379
-0.001827058
-0.001969256
-0.002106533
-0.002232775
-0.002340484
-0.002421234
-0.00246664
-0.00246972
-0.002426935
-0.002340663
-0.002222037
-0.002086191
-0.001937999
-0.001780721
-0.00161784
-0.001452099
-0.001285589
-0.001119607
-0.0009548143
-0.000791372
-0.0006290911
-0.0004675858
-0.0003063967
-0.0001451043
1.663331e-05
0.0001790222
0.0003421556
0.0005059293
0.0006701947
0.0008346842
0.0009990879
0.001163067
0.001326334
0.001488666
0.001649982
0.001810347
0.001970069
0.002129665
0.002289891
0.002451653
0.002615949
0.002783677
0.002955459
0.003131317
0.003310467
0.003490953
0.003669454
0.003841106
0.003999572
0.004137315
0.004246272
0.004318866
0.004349634
0.004337171
0.004287108
0.004213053
0.00412467
0.00402576
0.003919561
0.003809116
0.003696771
0.003584187
0.003472353
0.003361726
0.003252323
0.003143923
0.003036153
0.002928672
0.002821117
0.002713253
0.002604917
0.002496082
0.002386756
0.002277023
0.002166967
0.002056764
0.00194648
0.001836217
0.00172602
0.001615962
0.001506017
0.0013962
0.001286458
0.001176813
0.001067202
0.0009576161
0.0008480073
0.0007383984
0.0006287497
0.0005190785
0.0004093338
0.0002996105
0.0001898566
8.009831e-05
-2.96805e-05
-0.0001394476
-0.0002492228
-0.0003589942
-0.000468793
-0.000578567
-0.0006883558
-0.0007981357
-0.000907929
-0.001017701
-0.001127471
-0.001237214
-0.001346962
-0.001456651
-0.001566317
-0.00167595
-0.00178558
-0.001895194
-0.002004848
-0.002114548
-0.00222437
-0.00233429
-0.002444361
-0.002554567
-0.002664918
-0.002775331
-0.00288575
-0.00299604
-0.003106122
-0.003215777
-0.003324921
-0.003433449
-0.003541373
-0.003648762
-0.003755864
-0.003863034
-0.003970829
-0.004079833
-0.00419073
-0.004304083
-0.004420263
-0.004539183
-0.004660178
-0.004781728
-0.004901382
-0.005015572
-0.005119788
-0.005208734
-0.005276876
-0.005319164
-0.005332245
-0.005315834
-0.005274935
-0.005219903
-0.005155757
-0.005084817
-0.005009375
-0.004931383
-0.00485238
-0.004773401
-0.004695031
-0.004617524
-0.004540853
-0.004464826
-0.004389191
-0.004313693
-0.004238111
-0.004162287
-0.004086125
-0.004009623
-0.003932789
-0.003855694
-0.003778408
-0.003701025
-0.003623608
-0.003546227
-0.003468892
-0.003391662
-0.003314518
-0.003237461
-0.00316046
-0.003083517
-0.003006593
-0.002929681
-0.002852746
-0.002775816
-0.002698862
-0.00262189
-0.002544902
-0.00246791
-0.002390893
-0.00231388
-0.002236822
-0.002159802
-0.002082776
-0.002005761
-0.001928737
-0.001851733
-0.001774728
-0.001697744
-0.001620752
-0.001543802
-0.001466859
-0.001389936
-0.001313003
-0.001236079
-0.001159139
-0.001082177
-0.001005149
-0.0009281014
-0.000850997
-0.0007738526
-0.0006966527
-0.0006194573
-0.0005422816
-0.0004651872
-0.0003881868
-0.000311387
-0.000234795
-0.0001584401
-8.227291e-05
-6.252514e-06
6.979957e-05
0.0001461021
0.0002230271
0.0003008762
0.0003801417
0.0004612431
0.0005445751
0.0006302876
0.0007182771
0.0008079469
0.0008985434
0.0009897589
0.001081455
0.001173441
0.001265597
0.001357781
0.00144995
0.001542052
0.001634137
0.001726125
0.001818084
0.001910016
0.002001957
0.002093888
0.002185835
0.002277772
0.00236974
0.002461674
0.002553596
0.0026455
0.00273741
0.002829309
0.002921239
0.003013213
0.003105307
0.003197475
0.003289764
0.00338218
0.003474714
0.003567291
0.003659855
0.003752288
0.003844492
0.003936305
0.004027633
0.0041184
0.004208623
0.004298387
0.004387935
0.004477623
0.004567965
0.004659495
0.004752825
0.004848456
0.004946659
0.00504728
0.005149609
0.00525213
0.005352471
0.005447272
0.005532309
0.005602737
0.005653581
0.005680443
0.005680687
0.005654656
0.005607852
0.005550455
0.00548553
0.0054149
0.005340671
0.005264495
0.005187681
0.005111047
0.005035052
0.004959851
0.004885375
0.004811434
0.004737796
0.004664228
0.004590544
0.004516619
0.004442373
0.004367822
0.004292989
0.004217936
0.004142724
0.004067442
0.003992134
0.003916865
0.003841646
0.003766521
0.003691468
0.003616487
0.003541559
0.003466675
0.003391805
0.003316946
0.003242033
0.003167139
0.003092215
0.003017273
0.002942299
0.002867323
0.002792321
0.002717332
0.002642324
0.002567355
0.002492399
0.002417471
0.00234255
0.002267662
0.002192771
0.002117893
0.002042968
0.001968041
0.001893054
0.001818008
0.001742869
0.001667665
0.001592394
0.001517102
0.001441799
0.001366608
0.00129157
0.001216786
0.001142296
0.001068171
0.0009943635
0.0009207959
0.0008472127
0.0007733754
0.0006987791
0.0006228772
0.0005449854
0.0004644642
0.0003806975
0.0002933552
0.0002024403
0.0001087505
1.363024e-05
-8.248894e-05
-0.0001793825
-0.0002767245
-0.0003743145
-0.0004719589
-0.0005695914
-0.0006670854
-0.000764473
-0.0008617674
-0.000959036
-0.001056301
-0.00115364
-0.001251083
-0.001348689
-0.001446411
-0.00154425
-0.001642144
-0.001740035
-0.001837794
-0.001935333
-0.002032542
-0.002129388
-0.002225742
-0.002321692
-0.002417343
-0.002512943
-0.00260879
-0.002705316
-0.002802971
-0.002902215
-0.003003335
-0.003106434
-0.003211207
-0.003316862
-0.003421915
-0.003524201
-0.003620811
-0.003708247
-0.003782629
-0.003840247
-0.003878203
-0.003895361
-0.003893601
-0.003878725
-0.003856486
-0.003828913
-0.003797513
-0.003763808
-0.003728984
-0.00369392
-0.003659144
-0.003624917
-0.003591286
-0.003558168
-0.003525399
-0.003492801
-0.003460197
-0.003427464
-0.00339452
-0.003361332
-0.003327911
-0.003294286
-0.003260512
-0.00322664
-0.003192723
-0.003158802
-0.003124919
-0.00309109
-0.003057323
-0.003023615
-0.002989956
-0.002956336
-0.002922738
-0.002889149
-0.002855567
-0.002821974
-0.00278837
-0.002754744
-0.002721107
-0.002687458
-0.002653807
-0.002620145
-0.002586477
-0.00255281
-0.002519143
-0.002485469
-0.002451816
-0.00241816
-0.002384511
-0.002350856
-0.002317211
-0.002283563
-0.002249923
-0.002216274
-0.002182632
-0.002148983
-0.002115337
-0.002081687
-0.002048044
-0.002014399
-0.001980752
-0.001947086
-0.001913433
-0.001879778
-0.001846127
-0.001812477
-0.001778831
-0.001745188
-0.001711547
-0.001677901
-0.001644275
-0.001610647
-0.001577023
-0.001543392
-0.001509756
-0.001476103
-0.00144244
-0.001408742
-0.00137504
-0.001341316
-0.001307587
-0.001273853
-0.001240154
-0.001206519
-0.001172974
-0.001139549
-0.001106302
-0.001073256
-0.001040421
-0.001007783
-0.0009752768
-0.0009428489
-0.0009104688
-0.0008781113
-0.0008457915
-0.0008134813
-0.0007811737
-0.0007488633
-0.0007165518
-0.0006842328
-0.0006519072
-0.0006195674
-0.0005872397
-0.0005549091
-0.0005225819
-0.0004902468
-0.0004579266
-0.0004256007
-0.0003932778
-0.0003609311
-0.0003286109
-0.0002962855
-0.0002639613
-0.0002316319
-0.0001993066
-0.0001669823
-0.0001346585
-0.0001023219
-6.999882e-05
-3.767312e-05
-5.353701e-06
2.697792e-05
5.929704e-05
9.162581e-05
0.0001239522
0.0001563026
0.0001886394
0.000220987
0.0002533325
0.0002856886
0.0003180349
0.0003503819
0.0003827171
0.0004150538
0.000447363
0.0004796561
0.0005119257
0.0005441905
0.0005764365
0.0006086916
0.0006409589
0.0006732917
0.0007056478
0.0007380822
0.0007705837
0.00080318
0.0008358246
0.0008685064
0.000901161
0.0009337452
0.0009661465
0.0009982991
0.001030122
0.001061601
0.001092724
0.001123619
0.001154478
0.001185673
0.001217621
0.00125094
0.001286304
0.001324423
0.001365887
0.001411073
0.001459934
0.001511725
0.001564975
0.001619279
0.001674375
0.001729993
0.00178587
0.001841851
0.001897802
0.001953692
0.002009447
0.002065101
0.002120681
0.002176223
0.002231744
0.002287285
0.002342856
0.002398485
0.002454146
0.002509852
0.00256559
0.002621364
0.002677151
0.002732945
0.002788727
0.002844514
0.002900261
0.002955982
0.003011676
0.003067349
0.003122994
0.003178634
0.003234275
0.003289951
0.003345656
0.003401428
0.003457276
0.003513221
0.00356924
0.003625317
0.003681377
0.003737374
0.003793141
0.00384856
0.003903462
0.003957692
0.004011106
0.004063641
0.004115328
0.004166394
0.004217109
0.004267566
0.004317818
0.00436794
0.004417963
0.004467951
0.004517929
0.004567944
0.004618006
0.004668153
0.004718406
0.004768782
0.004819283
0.004869916
0.00492065
0.004971438
0.005022192
0.005072818
0.005123189
0.005173181
0.005222684
0.005271635
0.005320039
0.005367993
0.005415741
0.005463634
0.00551216
0.005561887
0.0056134
0.00566719
0.005723526
0.005782265
0.005842692
0.005903321
0.00596178
0.006014746
0.006058053
0.006086884
0.006096318
0.006081986
0.006041308
0.005974593
0.005887309
0.005789518
0.00568428
0.005573374
0.005458902
0.005342469
0.005225418
0.005108532
0.004992297
0.004876826
0.004762103
0.00464792
0.004534077
0.004420299
0.004306494
0.00419248
0.004078207
0.003963615
0.003848755
0.003733609
0.003618242
0.003502637
0.003386897
0.003271001
0.00315502
0.00303897
0.002922982
0.002807128
0.002691577
0.002576428
0.002461935
0.002348161
0.002235173
0.002122851
0.002010958
0.001898942
0.001786022
0.001671067
0.001552814
0.001429713
0.001300299
0.001163291
0.001018123
0.0008651833
0.0007064964
0.0005446774
0.000380744
0.0002151727
4.857255e-05
-0.0001186342
-0.0002860644
-0.0004535651
-0.0006210149
-0.0007884403
-0.0009557749
-0.001123081
-0.001290311
-0.001457447
-0.001624321
-0.001790847
-0.001956842
-0.002122257
-0.002286944
-0.002451032
-0.002614725
-0.002778458
-0.002942772
-0.00310843
-0.003276203
-0.003446874
-0.003620863
-0.003798256
-0.003978359
-0.00415957
-0.004339058
-0.00451279
-0.004675421
-0.004820694
-0.004941752
-0.005032301
-0.005087722
-0.005106868
-0.005094434
-0.00506186
-0.005017259
-0.004963828
-0.004904278
-0.004841151
-0.004776422
-0.004711497
-0.004647202
-0.004583912
-0.004521647
-0.00446023
-0.004399355
-0.00433871
-0.004278006
-0.004217036
-0.004155679
-0.004093896
-0.004031704
-0.003969167
-0.003906375
-0.003843432
-0.003780428
-0.003717436
-0.003654511
-0.003591688
-0.003528972
-0.003466371
-0.003403867
-0.00334144
-0.003279065
-0.003216714
-0.003154366
-0.003092001
-0.003029599
-0.002967131
-0.002904599
-0.002841982
-0.002779282
-0.002716506
-0.002653671
-0.002590807
-0.002527959
-0.002465186
-0.002402578
-0.002340199
-0.002278111
-0.002216336
-0.002154867
-0.002093611
-0.002032385
-0.001970875
-0.00190869
-0.001845293
-0.001780092
-0.001712464
-0.001641883
-0.001568009
-0.001490885
-0.001411173
-0.001330171
-0.001248234
-0.001165597
-0.001082518
-0.0009992217
-0.0009158601
-0.0008325428
-0.0007493139
-0.0006662142
-0.0005832178
-0.0005002941
-0.0004173868
-0.0003344699
-0.0002514803
-0.0001683901
-8.515801e-05
-1.806086e-06
8.167612e-05
0.0001652471
0.0002488649
0.0003324417
0.0004159022
0.0004991339
0.0005820638
0.0006645982
0.0007467204
0.0008284616
0.0009099379
0.0009913526
0.001073019
0.001155314
0.001238677
0.001323494
0.00141007
0.001498479
0.001588451
0.001679228
0.001769457
0.001857111
0.001939501
0.002013359
0.002075108
0.002121295
0.002149231
0.002157858
0.002148932
0.002127832
0.002099905
0.002067025
0.0020306
0.001992032
0.001952419
0.001912589
0.001873021
0.001833962
0.001795451
0.001757408
0.001719689
0.001682126
0.001644564
0.001606898
0.001569047
0.001530986
0.001492726
0.001454305
0.001415768
0.001377157
0.001338499
0.001299827
0.00126115
0.001222464
0.001183749
0.001145001
0.0011062
0.001067347
0.001028468
0.0009896199
0.0009508676
0.000912303
0.0008740162
0.0008361154
0.0007986515
0.0007616112
0.0007248875
0.000688256
0.0006513161
0.0006135105
0.000574107
0.0005322808
0.0004871354
0.0004378638
0.0003839164
0.000325256
0.0002626614
0.0001977898
0.0001314067
6.389654e-05
-4.412742e-06
-7.32171e-05
-0.0001422891
-0.0002114384
-0.0002805584
-0.0003495583
-0.0004183904
-0.0004869781
-0.0005552824
-0.0006232483
-0.000690851
-0.0007580712
-0.0008249684
-0.0008916538
-0.0009583467
-0.001025322
-0.00109297
-0.001161703
-0.00123193
-0.001303933
-0.001377792
-0.001453212
-0.001529437
-0.00160508
-0.001678093
-0.001745729
-0.001804683
-0.001851295
-0.00188205
-0.001894207
-0.001886691
-0.001861271
-0.001823436
-0.001778614
-0.001728697
-0.001675091
-0.001619212
-0.001562168
-0.001504791
-0.001447596
-0.001390872
-0.001334713
-0.001279118
-0.001224031
-0.001169368
-0.001115067
-0.001061067
-0.001007297
-0.0009536637
-0.0009000033
-0.0008460913
-0.0007916152
-0.000736199
-0.000679424
-0.0006209382
-0.0005605245
-0.0004982526
-0.0004346038
-0.0003706232
-0.0003080267
-0.0002492668
-0.0001974677
-0.0001563067
-0.0001296111
-0.0001208869
-0.0001324485
-0.0001644919
-0.0002135289
-0.000272356
-0.0003374806
-0.0004072948
-0.0004802024
-0.0005548714
-0.0006302419
-0.000705632
-0.0007806475
-0.0008551658
-0.0009292198
-0.001002972
-0.001076571
-0.001150191
-0.001223926
-0.001297819
-0.001371808
-0.001445798
-0.001519633
-0.001593166
-0.001666257
-0.001738871
-0.001811055
-0.001883006
-0.001955056
-0.002027679
-0.002101446
-0.002176961
-0.002254721
-0.002335013
-0.002417708
-0.00250209
-0.002586668
-0.002669074
-0.002745966
-0.002813139
-0.002865746
-0.002898826
-0.002907995
-0.00289061
-0.002847008
-0.002782678
-0.002707779
-0.00262535
-0.002537237
-0.002445525
-0.002351857
-0.002257545
-0.002163405
-0.002069905
-0.001977179
-0.00188517
-0.001793701
-0.001702545
-0.00161147
-0.001520296
-0.001428916
-0.001337252
-0.001245306
-0.001153082
-0.001060664
-0.0009680881
-0.0008754053
-0.000782642
-0.0006898268
-0.000596956
-0.0005040356
-0.0004110484
-0.0003180361
-0.000225015
-0.0001320532
-3.922356e-05
5.334266e-05
0.0001455464
0.0002372749
0.00032848
0.0004191369
0.0005093675
0.00059939
0.0006895737
0.0007803926
0.0008724254
0.0009662598
0.001062402
0.001161099
0.001262226
0.001365048
0.001468078
0.001568909
0.0016642
0.001749724
0.001820631
0.001871929
0.001899234
0.001899896
0.001874257
0.001827828
0.001770793
0.001706228
0.00163595
0.001562075
0.001486251
0.001409796
0.001333514
0.001257887
0.001183034
0.001108909
0.001035307
0.0009620105
0.0008887785
0.0008154346
0.0007418435
0.0006679588
0.0005937624
0.0005193052
0.0004446407
0.0003698614
0.000295023
0.0002202028
0.0001454268
7.072369e-05
-3.924012e-06
-7.852518e-05
-0.0001531365
-0.0002277748
-0.00030249
-0.0003772958
-0.0004522108
-0.0005271973
-0.0006022156
-0.0006771705
-0.0007519722
-0.0008264889
-0.0009006196
-0.0009742762
-0.001047436
-0.001120148
-0.001192582
-0.001265002
-0.001337824
-0.001411515
-0.001486624
-0.001563624
-0.001642855
-0.001724325
-0.001807605
-0.001891605
-0.001974496
-0.002053575
-0.002125351
-0.002185645
-0.002230006
-0.002254246
-0.002255341
-0.002232509
-0.002188867
-0.002131952
-0.002067111
-0.001996436
-0.001921743
-0.00184469
-0.001766585
-0.001688343
-0.001610515
-0.001533352
-0.001456869
-0.00138094
-0.001305363
-0.001229933
-0.001154466
-0.001078824
-0.001002913
-0.0009267348
-0.0008502837
-0.000773609
-0.0006967665
-0.0006198356
-0.0005428601
-0.0003775246
-0.0002992295
-0.0002210039
-0.0001428403
-6.474511e-05
1.329749e-05
9.128558e-05
0.0001692455
0.0002471766
0.0003251195
0.0004030207
0.0004809111
0.0005587695
0.0006366
0.000714368
0.0007920744
0.0008696839
0.0009472064
0.001024598
0.001101877
0.001179027
0.00125607
0.001333009
0.001409873
0.00148669
0.001563505
0.001640312
0.001717139
0.001793965
0.001870767
0.001947462
0.002023964
0.002100136
0.002175841
0.002250916
0.002325249
0.002398776
0.00247152
0.00254361
0.002615342
0.002687139
0.002759584
0.002833295
0.002908911
0.002986942
0.003067582
0.003150531
0.00323479
0.003318474
0.003398687
0.003471477
0.003531999
0.003574812
0.003594513
0.003586633
0.003548935
0.003483027
0.003396148
0.003298133
0.003192147
0.003080319
0.002964911
0.002847708
0.002730066
0.002612837
0.002496463
0.002381074
0.002266573
0.002152751
0.002039337
0.001926111
0.001812872
0.001699505
0.001585932
0.001472208
0.001358356
0.001244466
0.001130609
0.001016902
0.0009034091
0.0007902119
0.0006773396
0.0005648493
0.0004527392
0.0003410118
0.0002296443
0.000118623
7.895074e-06
-0.0001025665
-0.0002128319
-0.000322906
-0.0004328503
-0.000542665
-0.0006523631
-0.0007618841
-0.00087117
-0.000980093
-0.001088513
-0.001196223
-0.001303049
-0.001408807
-0.001513395
-0.001616779
-0.001719092
-0.001820607
-0.001921835
-0.002023386
-0.002126071
-0.002230713
-0.002338041
-0.002448466
-0.002561892
-0.002677416
-0.002793124
-0.002905846
-0.003011117
-0.003103223
-0.003175534
-0.003221132
-0.003233771
-0.003209376
-0.00314776
-0.003055414
-0.002945504
-0.002824432
-0.002695172
-0.002560654
-0.002423334
-0.002285166
-0.002147406
-0.002010823
-0.001875659
-0.001741883
-0.001609237
-0.00147744
-0.001346172
-0.001215227
-0.001084457
-0.0009538943
-0.000823593
-0.000693713
-0.0005644118
-0.0004358719
-0.0003081751
-0.00018135
-5.52693e-05
7.027316e-05
0.000195653
0.0003213012
0.0004476995
0.0005752262
0.0007041154
0.0008342532
0.0009650842
0.00109539
0.001223309
0.001346193
0.001460747
0.001563181
0.001649655
0.00171681
0.001762688
0.001787663
0.001796176
0.00179627
0.00179039
0.00177998
0.001766722
0.001751907
0.001736578
0.001721361
0.001706626
0.001692472
0.001678855
0.001665616
0.001652578
0.00163956
0.001626419
0.001613046
0.0015994
0.001585471
0.001571293
0.001556917
0.001542408
0.001527834
0.00151325
0.00149871
0.001484239
0.001469857
0.001455568
0.001441355
0.00142718
0.001413001
0.00139877
0.001384424
0.001369912
0.001355191
0.001340233
0.001325058
0.001309714
0.001294302
0.001278962
0.001263905
0.001249336
0.001235463
0.001222448
0.001210361
0.001199091
0.001188314
0.001177407
0.001165433
0.001151107
0.001132877
0.001108997
0.00107777
0.00103779
0.0009884037
0.000930185
0.0008655563
0.0007977144
0.0007277143
0.0006562486
0.0005840653
0.0005117341
0.0004396951
0.0003682022
0.0002974106
0.0002273369
0.0001579465
8.915756e-05
2.090259e-05
-4.689649e-05
-0.0001142784
-0.000181276
-0.0002478407
-0.0003139445
-0.0003795335
-0.0004445501
-0.0005089291
-0.0005726534
-0.0006357243
-0.0006981899
-0.0007601275
-0.0008216794
-0.0008830088
-0.0009442959
-0.001005684
-0.001067273
-0.001129038
-0.001190798
-0.001252128
-0.00131237
-0.001370583
-0.00142558
-0.001475968
-0.001520326
-0.001557367
-0.001586288
-0.001607075
-0.001621136
-0.001631255
-0.001638789
-0.001644365
-0.0016486
-0.001652013
-0.001655021
-0.001657878
-0.001660743
-0.001663668
-0.001666647
-0.001669619
-0.001672518
-0.001675272
-0.001677834
-0.001680162
-0.001682243
-0.001684087
-0.001685715
-0.001687158
-0.001688449
-0.001689618
-0.001690696
-0.001691683
-0.001692575
-0.001693343
-0.00169394
-0.001694309
-0.001694383
-0.001694093
-0.001693388
-0.001692248
-0.001690692
-0.001688804
-0.001686728
-0.001684677
-0.001682918
-0.001681738
-0.001681408
-0.001682134
-0.00168395
-0.001686647
-0.001689692
-0.001692151
-0.001692644
-0.001689351
-0.001680094
-0.001662532
-0.001634428
-0.001594108
-0.001541017
-0.001476523
-0.00140439
-0.001328307
-0.001249577
-0.001169215
-0.001088165
-0.001007183
-0.0009268094
-0.0008473703
-0.0007690145
-0.0006917655
-0.0006155498
-0.0005402763
-0.000465826
-0.0003921037
-0.0003190467
-0.0002466346
-0.0001748757
-0.000103814
-3.348827e-05
3.599208e-05
0.0001045934
0.0001722649
0.0002390129
0.0003048541
0.0003698778
0.0004341932
0.0004979699
0.0005613483
0.0006244938
0.000687499
0.0007503779
0.00081297
0.0008749479
0.0009357436
0.0009945484
0.001050281
0.001101727
0.001147575
0.001186643
0.001218099
0.001241828
0.00125887
0.001271581
0.001281601
0.0012896
0.001296138
0.001301726
0.001306755
0.001311508
0.00131614
0.001320735
0.001325279
0.001329737
0.001334057
0.001338176
0.001342038
0.001345607
0.001348859
0.001351793
0.001354398
0.001356694
0.001358689
0.00136041
0.001361863
0.001363067
0.001364032
0.001364777
0.001365301
0.001365617
0.001365737
0.001365672
0.001365421
0.001364997
0.001364393
0.001363603
0.001362598
0.00136135
0.001359815
0.001357943
0.001355682
0.001352985
0.001349826
0.001346207
0.001342173
0.001337817
0.001333287
0.001328777
0.001324524
0.001320761
0.001317689
0.001315412
0.00131388
0.001312807
0.001311609
0.001309355
0.001304747
0.001296149
0.001281688
0.001259441
0.001227733
0.001185539
0.001132975
0.001072076
0.001006762
0.0009389357
0.0008695007
0.0007993223
0.0007291394
0.0006595163
0.0005908288
0.0005232862
0.0004569772
0.0003918876
0.0003279526
0.0002650717
0.0002031822
0.0001421999
8.207194e-05
2.276537e-05
-3.571516e-05
-9.336966e-05
-0.0001501734
-0.0002061076
-0.0002611308
-0.0003152227
-0.0003683532
-0.0004205025
-0.000471637
-0.0005217436
-0.0005707986
-0.0006188009
-0.000665719
-0.0007115684
-0.0007563603
-0.0008001355
-0.0008429354
-0.0008848403
-0.0009259317
-0.0009663128
-0.001006054
-0.001045223
-0.00108382
-0.00112178
-0.001158913
-0.001194924
-0.001229362
-0.00126167
-0.001291134
-0.001317049
-0.001338732
-0.001355706
-0.001367853
-0.001375673
-0.00138042
-0.001383311
-0.001384775
-0.001385148
-0.001384741
-0.001383805
-0.00138251
-0.001380962
-0.001379209
-0.001377263
-0.001375094
-0.001372678
-0.001369978
-0.00136697
-0.001363629
-0.00135995
-0.001355934
-0.001351595
-0.001346943
-0.001342001
-0.001336786
-0.001331312
-0.001325586
-0.001319609
-0.001313375
-0.00130687
-0.001300074
-0.00129296
-0.001285511
-0.001277711
-0.001269555
-0.001261055
-0.001252251
-0.001243202
-0.001233991
-0.001224723
-0.001215507
-0.001206441
-0.001197596
-0.001188976
-0.0011805
-0.001171962
-0.001163015
-0.001153151
-0.00114172
-0.001127954
-0.001111046
-0.001090252
-0.001065058
-0.00103537
-0.001001799
-0.0009658033
-0.0009287798
-0.0008912323
-0.0008535414
-0.0008160634
-0.0007790733
-0.0007427596
-0.0007072452
-0.000672571
-0.0006387398
-0.0006057185
-0.0005734672
-0.0005419368
-0.000511088
-0.000480885
-0.0004513165
-0.0004223692
-0.0003940456
-0.0003663491
-0.0003392941
-0.0003128857
-0.0002871351
-0.0002620386
-0.0002376059
-0.0002138222
-0.0001906775
-0.0001681501
-0.0001462242
-0.0001248734
-0.0001040791
-8.381952e-05
-6.409477e-05
-4.490054e-05
-2.625465e-05
-8.181372e-06
9.272775e-06
2.606182e-05
4.21323e-05
5.744799e-05
7.197308e-05
8.573067e-05
9.878701e-05
0.0001112832
0.0001234304
0.0001355325
0.000147962
0.0001611506
0.0001755233
0.0001914646
0.0002092015
0.0002287094
0.000249542
0.000270817
0.0002919193
0.0003126075
0.0003326603
0.0003518995
0.0003701815
0.0003874157
0.0004035469
0.0004185688
0.0004325022
0.0004454011
0.0004573277
0.000468371
0.0004786207
0.0004881738
0.0004971112
0.0005055008
0.000513371
0.0005207082
0.0005274132
0.000533324
0.0005381818
0.0005416434
0.0005432915
0.0005426761
0.0005393651
0.0005330293
0.0005235485
0.0005111376
0.0004965427
0.0004809552
0.0004647555
0.0004481759
0.0004314627
0.0004148017
0.0003983302
0.0003821299
0.0003662441
0.0003506825
0.0003354351
0.0003204834
0.0003058092
0.0002913962
0.0002772364
0.0002633253
0.000249666
0.0002362598
0.0002231061
0.0002101955
0.0001975101
0.0001850173
0.0001726719
0.0001604169
0.0001481897
0.0001359283
0.0001235862
0.0001111446
9.863383e-05
8.615667e-05
7.387909e-05
6.184909e-05
5.009687e-05
3.865191e-05
2.75368e-05
1.676594e-05
6.347763e-06
-3.717776e-06
-1.343147e-05
-2.280102e-05
-3.183182e-05
-4.053267e-05
-4.890921e-05
-5.696913e-05
-6.471696e-05
-7.215861e-05
-7.929681e-05
-8.613683e-05
-9.268133e-05
-9.893675e-05
-0.0001049074
-0.0001105994
-0.000116019
-0.0001211748
-0.0001260684
-0.0001307076
-0.0001350948
-0.0001392339
-0.0001431222
-0.0001467585
-0.0001501377
-0.0001532553
-0.0001561045
-0.0001586835
-0.0001609943
-0.0001630466
-0.0001648588
-0.0001664627
-0.0001679016
-0.000169233
-0.0001705202
-0.0001718344
-0.0001732408
-0.0001747897
-0.0001764978
-0.000178335
-0.0001801952
-0.0001819094
-0.0001833967
-0.0001846248
-0.0001855642
-0.0001861946
-0.0001865024
-0.0001864847
-0.0001861437
-0.000185489
-0.0001845297
-0.0001832803
-0.0001817538
-0.0001799638
-0.0001779223
-0.0001756419
-0.0001731332
-0.0001704079
-0.0001674752
-0.000164346
-0.00016103
-0.0001575364
-0.0001538729
-0.0001500462
-0.0001460604
-0.0001419179
-0.0001376164
-0.0001331528
-0.0001285213
-0.0001237153
-0.0001187285
-0.0001135595
-0.000108213
-0.0001027041
-9.706337e-05
-9.133612e-05
-8.555339e-05
-7.973024e-05
-7.387859e-05
-6.800901e-05
-6.212905e-05
-5.624525e-05
-5.036038e-05
-4.447777e-05
-3.859922e-05
-3.272681e-05
-2.686181e-05
-2.100663e-05
-1.516314e-05
-9.333927e-06
-3.520719e-06
2.274579e-06
8.051155e-06
1.380892e-05
1.954954e-05
2.52754e-05
3.099044e-05
3.669922e-05
4.240671e-05
4.811709e-05
5.383278e-05
5.955285e-05
6.527191e-05
7.097792e-05
7.665234e-05
8.228009e-05
8.785647e-05
9.337866e-05
9.884479e-05
0.0001042541
0.000109607
0.0001149048
0.0001201493
0.0001253428
0.0001304878
0.0001355865
0.0001406413
0.0001456542
0.0001506272
0.0001555621
0.0001604603
0.0001653235
0.000170153
0.0001749502
0.0001797163
0.0001844527
0.0001891606
0.0001938412
0.0001984957
0.0002031252
0.0002077309
0.0002123137
0.0002168746
0.0002214146
0.0002259344
0.0002304348
0.0002349165
0.0002393801
0.0002438265
0.0002482561
0.0002526696
0.0002570674
0.0002614503
0.0002658185
0.0002701726
0.0002745128
0.0002788397
0.0002831536
0.0002874546
0.0002917432
0.0002960194
0.0003002836
0.0003045359
0.0003087763
0.0003130051
0.0003172223
0.0003214281
0.0003256223
0.0003298051
0.0003339765
0.0003381364
0.0003422849
0.0003464219
0.0003505473
0.0003546611
0.0003587632
0.0003628535
0.0003669319
0.0003709984
0.0003750528
0.0003790951
0.0003831251
0.0003871427
0.0003911479
0.0003951405
0.0003991205
0.0004030878
