0.000391251
0.0003908796
0.0003915446
0.0003911876
0.0003912738
0.0003902324
0.0003896481
0.0003874672
0.0003856726
0.0003835222
0.0003832636
0.0003833494
0.0003839433
0.0003826249
0.0003816898
0.0003835499
0.0003924771
0.000399468
0.0004013949
0.0003934018
0.000383108
0.0003777667
0.0003843735
0.0003971386
0.000396165
0.0003745794
0.000342771
0.0003288145
0.0003461025
0.0003771236
0.0004098969
0.0004155649
0.0004022796
0.0003822712
0.0003894032
0.0004148833
0.0004233723
0.0003875365
0.0003043105
0.0002525212
0.0002687413
0.0003299599
0.0004033857
0.0004573563
0.0004676892
0.0004203469
0.0004031245
0.0004158327
0.0004409699
0.0004301684
0.0003657896
0.0002969007
0.0002495088
0.0002462796
0.0002542808
0.0002706681
0.0003287857
0.0004134443
0.0004464717
0.0004601823
0.0004747216
0.0004694659
0.0004621729
0.0004965868
0.0005211779
0.0004446526
0.0002817472
8.864653e-05
2.89505e-05
0.0001014354
0.00024529
0.0003667715
0.000478428
0.0005830633
0.0006425949
0.0006251206
0.0005156405
0.0003922066
0.0003658276
0.0004161816
0.0003925073
0.0002598186
7.668462e-05
7.061367e-05
0.0002571721
0.0003898466
0.000392753
0.0002147913
3.780395e-05
2.642772e-05
0.0001832641
0.0004397895
0.0006745936
0.0008425234
0.00084823
0.0006937658
0.0003857657
0.0001437317
4.85536e-05
0.0001360128
0.0001611666
4.367146e-05
-0.0001477069
-0.0002313711
-3.050389e-06
0.0003332893
0.00059815
0.0004264715
1.214109e-05
-0.0001609409
0.000154736
0.000910982
0.001128428
0.0007124967
6.009758e-05
-0.0003277676
-9.45805e-05
0.0003754878
0.0008527932
0.0006909042
0.0002078381
-0.0001281321
0.0002186409
0.00106977
0.001371611
0.001040982
0.000206859
-0.0005272676
-0.0007786712
-0.0002562036
0.0005451316
0.001158028
0.001115498
0.000219905
-0.0004161755
-0.0006680246
-0.0004435144
-8.08984e-05
0.0004009289
0.0005986146
0.0005409828
0.000344483
0.0001308714
0.0001268031
0.0004116673
0.0007111921
0.0005403846
-5.818157e-05
-0.0008452964
-0.0009426194
-0.0002108926
0.0007831821
0.001291553
0.0009659011
0.0007461767
0.0009699265
0.001664905
0.002542813
0.002879886
0.002088191
-4.827564e-05
-0.001388146
-0.001302148
0.0002389595
0.001362201
0.001377663
0.000308801
-0.0009928811
-0.001117959
-0.0003106668
0.00107948
0.001189741
0.0002593705
-0.0008609847
-0.001163615
-8.84304e-05
0.0009244153
0.001526097
0.001317801
0.0004932974
-0.0007228944
-0.001372834
-0.001169394
-0.0005919829
-5.157372e-05
0.0002388761
0.0003553789
0.0002105796
5.048328e-05
0.0004126032
0.001516055
0.00219596
0.001928271
0.001091157
0.0002051343
-7.118637e-05
-0.0002109933
-0.0008858583
-0.002438689
-0.003602267
-0.002922533
-0.001654827
-0.0005208941
-0.0002823701
-9.529734e-05
0.0009280938
0.002185726
0.003199237
0.003358195
0.002418096
0.001097222
3.616044e-05
-0.0001427011
0.0005390938
0.001632368
0.002230517
0.002051899
0.0008940773
-0.0002312195
-0.0009233881
-0.0004375403
6.39295e-05
-0.0002522249
-0.0007408894
-0.000758931
0.0003206036
0.002060954
0.004003353
0.005048176
0.00501126
0.004086876
0.002330604
0.0005174874
-0.0008398228
-0.001510837
-0.001553604
-0.001597865
-0.001663098
-0.001104412
0.0002711464
0.001522911
0.002060533
0.001475204
0.0006401677
0.0001632275
0.0006544512
0.0009173082
0.0002391848
-0.0004440505
-0.0004191275
0.0007340401
0.002384353
0.003949293
0.004544638
0.003497362
0.001096486
-0.001877581
-0.003270922
-0.002411764
0.0004460908
0.002578038
0.002721783
0.0004423812
-0.00144437
-0.001803354
-0.000511151
0.0007502444
0.0008518466
2.957532e-05
-0.002348446
-0.005899026
-0.008832022
-0.008133168
-0.005173832
-0.001782992
-0.0003858277
8.985959e-05
0.0007995793
0.003083099
0.00635828
0.007022267
0.00434279
-0.0008554419
-0.005058294
-0.004889781
-0.0005240552
0.004612685
0.008451876
0.009622218
0.006257134
0.001360385
-0.003557286
-0.005298606
-0.005448763
-0.004455054
-0.003162507
-0.002161402
-0.002197165
-0.001318322
0.001721001
0.005507482
0.007974562
0.00653507
0.003198943
-0.0003691405
-0.001820393
-0.001372496
0.000140484
0.0003699573
-0.0007872687
-0.001634099
-0.001810454
-0.001183441
-0.0005648943
-0.0006505609
-0.001430542
-0.00188436
-0.0005964499
0.002041785
0.00526057
0.006668023
0.006042568
0.004288866
0.002072794
0.0003000777
-0.002588047
-0.005853859
-0.006716921
-0.006681547
-0.006221327
-0.006711574
-0.007430955
-0.00745781
-0.006996721
-0.006492059
-0.006906913
-0.007572002
-0.007097101
-0.004851689
-0.0009842479
0.0008543637
0.0005753777
-9.565591e-05
0.0004627342
0.002720194
0.003920679
0.002719847
-0.0007075551
-0.004821943
-0.007009396
-0.007589249
-0.007247945
-0.006351969
-0.004927255
-0.003227241
-0.002206912
-0.001710561
-0.0009964001
-0.0001089759
0.0008012586
0.001477663
0.001801531
0.001596252
0.0002849997
-0.002684456
-0.006771204
-0.01133495
-0.01380325
-0.01297878
-0.007889894
-0.002561926
0.001382638
0.001742912
0.0006280295
-0.0004583771
-0.0004624111
0.0005938544
0.001378751
0.001004586
-0.001166978
-0.0024929
-0.002617688
-0.002580511
-0.002865345
-0.003447554
-0.003234728
-0.002251836
-0.001764302
-0.001277038
-4.486563e-06
0.002164772
0.004354705
0.003797711
0.0006505219
-0.003471216
-0.006830457
-0.007746574
-0.006712159
-0.005951859
-0.006919654
-0.00934852
-0.01335395
-0.01712647
-0.01850278
-0.01603796
-0.01321279
-0.01089309
-0.01004937
-0.009354046
-0.008050014
-0.006476646
-0.004776222
-0.003313305
-0.002706243
-0.003361142
-0.003813563
-0.003513548
-0.002289926
-0.0007435771
0.0001905172
0.0006728594
0.001277169
0.003127796
0.005943689
0.008489156
0.009186826
0.007103119
0.004758194
0.001046909
-0.003485959
-0.007497298
-0.01019033
-0.0107196
-0.009655023
-0.007280798
-0.00556327
-0.003981186
-0.002870009
-0.002973207
-0.004759684
-0.007730285
-0.01181638
-0.01538866
-0.01769326
-0.01862106
-0.02019982
-0.02246152
-0.02480817
-0.02587873
-0.02451694
-0.02086037
-0.01523677
-0.008258824
-0.003466149
-0.002473851
-0.002813114
-0.005460165
-0.008333529
-0.0116796
-0.01550697
-0.01813113
-0.01845561
-0.01629007
-0.0144044
-0.01355409
-0.01459218
-0.01736416
-0.02011251
-0.02022518
-0.01673402
-0.0125575
-0.008091197
-0.004501097
-0.001648546
0.0005036692
0.002687934
0.003596259
0.001620787
-0.004039403
-0.01255733
-0.0209431
-0.02722682
-0.03011709
-0.03230115
-0.03327679
-0.03263803
-0.03048837
-0.02672918
-0.02292209
-0.01974672
-0.01959492
-0.02288927
-0.0285475
-0.03427198
-0.03819529
-0.03794858
-0.03684061
-0.03560598
-0.0346512
-0.03204697
-0.02659915
-0.02064773
-0.01553595
-0.01124417
-0.00843833
-0.008565307
-0.01316998
-0.01911665
-0.02445314
-0.02906341
-0.03413981
-0.03855068
-0.04023727
-0.03899765
-0.03599125
-0.0316769
-0.02740217
-0.02355838
-0.02094268
-0.02006359
-0.01982483
-0.02074529
-0.02222826
-0.02312509
-0.02368602
-0.02436963
-0.02325671
-0.0182356
-0.01083831
-0.0003835153
0.009583494
0.01819003
0.02273428
0.02166822
0.01727026
0.007373837
-0.00355845
-0.01255308
-0.01702977
-0.01794844
-0.01842386
-0.01932154
-0.02015429
-0.01921885
-0.0155059
-0.01138219
-0.01028507
-0.01518375
-0.02835589
-0.03873807
-0.0403157
-0.0370901
-0.0328171
-0.02861655
-0.02630146
-0.02459682
-0.01985285
-0.0126218
-0.003251032
0.007876251
0.01528896
0.01681655
0.01373761
0.007727114
-0.002884268
-0.01287582
-0.01885215
-0.01914834
-0.01616035
-0.01057303
-0.003719453
0.002746887
0.008379233
0.01122911
0.01125441
0.007893775
0.005007846
0.006211003
0.01046386
0.01606797
0.0203304
0.02249468
0.02183092
0.02000815
0.01754052
0.01616228
0.01560962
0.01477792
0.01222252
0.01002326
0.01140083
0.01586456
0.02433737
0.03154763
0.03630922
0.03535779
0.02807434
0.01695858
0.006060646
-0.001342161
-0.00137942
0.003277002
0.009843327
0.02031371
0.03092416
0.04148147
0.04833648
0.04956011
0.04143177
0.02565462
0.01261993
0.005338656
0.004285397
0.007359655
0.009676487
0.01149097
0.01048338
0.006774521
0.004412077
0.003938676
0.005806559
0.008034774
0.01056255
0.01064987
0.006903925
-0.002203932
-0.01224729
-0.01949066
-0.02135659
-0.02064315
-0.01553605
-0.005845206
0.003180111
0.009294568
0.009702922
0.005464518
-0.00128537
-0.006224629
-0.006631815
0.0008082321
0.01526105
0.03547949
0.05311443
0.0639752
0.0662652
0.06561707
0.05906414
0.04059346
0.02224856
0.005306849
-0.01056261
-0.02698767
-0.04259961
-0.0564081
-0.06945684
-0.07968006
-0.08490003
-0.08566911
-0.08211833
-0.07766287
-0.06742961
-0.0485447
-0.01995861
0.01110649
0.04039025
0.05928622
0.05940132
0.05407749
0.05208289
0.04852579
0.04374545
0.0373449
0.03015742
0.0247885
0.02098397
0.01834288
0.0147036
0.007976337
-0.003607737
-0.01577431
-0.02329083
-0.02151304
-0.01530765
-0.01042781
-0.007089306
-0.003849254
8.184736e-05
0.00747725
0.02042334
0.03512788
0.05233669
0.06729178
0.07694748
0.08134631
0.08364284
0.08326951
0.07943039
0.06933088
0.05461914
0.04312224
0.0358524
0.03053628
0.02397661
0.01738964
0.01231923
0.009340872
0.008461942
0.009844813
0.01219305
0.01804925
0.02850625
0.04394999
0.0622736
0.08000348
0.09375038
0.09982386
0.1076735
0.1125121
0.111913
0.1088547
0.09874423
0.08179227
0.05985786
0.03724548
0.01425372
-0.007574381
-0.01827509
-0.02799309
-0.03141196
-0.0261347
-0.0149346
0.0004957602
0.02224801
0.04714915
0.06741096
0.07735084
0.08199905
0.08093706
0.06876173
0.04514059
0.01328466
-0.007419561
-0.0159098
-0.01206354
-0.000764567
0.0120626
0.01697017
0.01337957
0.007744152
0.002135941
-0.006167895
-0.01449109
-0.02084721
-0.02148754
-0.0168431
-0.003658674
0.01312307
0.03446222
0.05615806
0.07018888
0.07469412
0.07248709
0.06279608
0.04998282
0.03581255
0.02813335
0.02257566
0.01554328
0.008379042
0.00336954
0.002237202
0.00502713
0.01100174
0.02012084
0.02861243
0.03540801
0.03735245
0.03341259
0.02879814
0.02471159
0.02370771
0.02343331
0.0190475
0.007620719
-0.007458176
-0.01443955
-0.01385453
-0.008118552
-0.006757223
-0.01335466
-0.02646111
-0.03873116
-0.04623997
-0.04927796
-0.04859524
-0.0389232
-0.01987929
0.004179472
0.02653511
0.0388934
0.03686754
0.02361586
0.005961388
-0.006534809
-0.01480248
-0.01249531
0.002661741
0.02523107
0.04270236
0.05276256
0.05631238
0.05285486
0.04365336
0.03039959
0.0117815
-0.008614455
-0.02203638
-0.02544694
-0.02224114
-0.01509716
-0.009285473
-0.006348737
-0.0052342
-0.01107007
-0.02158456
-0.03573984
-0.04327751
-0.05127525
-0.0590652
-0.06380493
-0.06743747
-0.06781894
-0.05826314
-0.03587049
-0.005103483
0.02078082
0.03148769
0.02721436
0.01536302
0.004502461
-0.001227292
-0.003811975
-0.004146302
-0.002581785
0.0007939452
0.008258118
0.01649219
0.02505335
0.02997342
0.02679454
0.01732983
0.003179497
-0.01514577
-0.03520019
-0.05430526
-0.06988478
-0.08079436
-0.09004553
-0.09589239
-0.09763227
-0.09122101
-0.07702511
-0.0596571
-0.04210546
-0.02211324
-0.00310444
0.00941063
0.01209375
0.01064906
0.01176318
0.01824465
0.03003958
0.04425203
0.06152971
0.071292
0.06879556
0.05894827
0.04416857
0.02806521
0.01317074
0.004990823
0.003267549
0.007861914
0.01567925
0.02231249
0.02894522
0.03395601
0.03298847
0.02726508
0.01678185
0.01230436
0.01786182
0.03129565
0.04529595
0.05444612
0.05442701
0.05327451
0.04882675
0.03364421
0.01014199
-0.00975892
-0.02673512
-0.03651869
-0.037536
-0.02973638
-0.01834873
-0.007473948
-0.001363679
-0.002442313
-0.006831564
-0.01121342
-0.01242848
-0.007616682
-0.00140913
0.00588774
0.01298423
0.01854393
0.02079357
0.02038171
0.01664777
0.01017133
0.0003708291
-0.01023601
-0.02007784
-0.0294031
-0.03846049
-0.04870435
-0.05853368
-0.06639578
-0.07299694
-0.07696746
-0.07646216
-0.07436835
-0.06899628
-0.05970329
-0.0482353
-0.03450955
-0.01807918
0.00290868
0.02321114
0.03673045
0.03956959
0.03836099
0.03622831
0.03390449
0.0301432
0.02381894
0.01502039
0.00475935
-0.004531113
-0.01228998
-0.01704506
-0.01429606
-0.004055496
0.009683863
0.02300188
0.03240166
0.03553226
0.03236621
0.02766034
0.02155188
0.01093025
-0.004251824
-0.01703388
-0.02632949
-0.03200703
-0.03372915
-0.03415014
-0.02958263
-0.01990727
-0.003742677
0.01250141
0.02487036
0.03099297
0.03151796
0.03406567
0.03612411
0.03652638
0.03230945
0.02187338
0.00790487
-0.004251807
-0.008896613
-0.0122868
-0.01409525
-0.01442372
-0.01713903
-0.02426128
-0.03353894
-0.04305563
-0.05042097
-0.05108314
-0.04068504
-0.01899024
0.0102165
0.03562762
0.05245255
0.0564795
0.05587855
0.05552091
0.04795104
0.03527624
0.02439978
0.0147327
0.006778959
0.001479438
-0.001555318
-0.002927602
-0.0007069675
0.003056451
0.007576749
0.01045411
0.009221279
0.001732124
-0.007543249
-0.0158722
-0.02225892
-0.02820163
-0.03245882
-0.03284308
-0.03126143
-0.0273479
-0.02355145
-0.02136339
-0.0223678
-0.02484138
-0.02940515
-0.03261748
-0.03314099
-0.02911456
-0.02120872
-0.006752483
0.01021507
0.0237373
0.03231795
0.0355976
0.03575543
0.03677496
0.03677515
0.03742351
0.03808521
0.03757445
0.03536737
0.03110368
0.02676696
0.02399482
0.02318331
0.02280107
0.02368596
0.026179
0.02894789
0.03130413
0.03188299
0.03037509
0.02684867
0.02172503
0.01414183
0.002814969
-0.0112327
-0.02478495
-0.0336964
-0.03933161
-0.04210757
-0.0414499
-0.04216858
-0.04399672
-0.04780708
-0.05276793
-0.05739944
-0.05907278
-0.05706748
-0.05133185
-0.04333819
-0.03238073
-0.0239218
-0.01812083
-0.01416455
-0.01299168
-0.01108639
-0.009179939
-0.00705861
-0.004503029
-0.001450134
0.0007728647
0.001890773
0.001310611
-0.002430182
-0.00975311
-0.01797372
-0.02556545
-0.03079356
-0.0329295
-0.02752006
-0.01514555
-0.0006121137
0.01760736
0.03707717
0.05400955
0.06191426
0.06310844
0.06107494
0.05436811
0.04440618
0.03168085
0.02021477
0.01148513
0.006704221
0.002930821
0.001535629
0.005484031
0.01282991
0.02324801
0.03488575
0.04773726
0.05945445
0.06484132
0.06495402
0.06272539
0.05896036
0.05395517
0.05052736
0.04660779
0.04093218
0.03214113
0.01943838
0.005381698
-0.004756571
-0.01039405
-0.01475961
-0.0179872
-0.0220903
-0.02666814
-0.0304636
-0.03112873
-0.02840095
-0.02334937
-0.01778986
-0.01153545
-0.006910306
-0.003993491
-0.002086873
-0.003467321
-0.008147808
-0.01647617
-0.02767257
-0.03514805
-0.03773777
-0.03137812
-0.01737806
-0.003506503
0.003720172
0.004519903
0.005094614
0.0064348
0.008695138
0.01128241
0.01497137
0.01974266
0.02402469
0.02458192
0.02187924
0.01656811
0.01286194
0.01026279
0.007954254
0.003894266
-0.004006697
-0.01662488
-0.03285312
-0.04967625
-0.0614219
-0.06537238
-0.06180789
-0.05556155
-0.04992027
-0.04256039
-0.03633758
-0.03172281
-0.02786092
-0.02594859
-0.02414264
-0.02157549
-0.01646318
-0.00888899
0.001726405
0.01017863
0.01427109
0.01279626
0.006966854
-0.004587308
-0.01657377
-0.02529371
-0.03009253
-0.03382547
-0.03577895
-0.03370422
-0.02985659
-0.02249829
-0.01366958
-0.002915473
0.01031867
0.02269668
0.03193201
0.04000963
0.0437129
0.04081211
0.03169751
0.02047434
0.008061662
-0.001637961
-0.008378837
-0.0127077
-0.01263766
-0.0104395
-0.00735009
-0.003569474
0.001280932
0.007969662
0.01550098
0.02379552
0.03094746
0.03502321
0.03466745
0.03072687
0.02292972
0.01189368
-0.001040064
-0.01444011
-0.02788428
-0.040996
-0.0524774
-0.06210377
-0.06909317
-0.0726394
-0.07204457
-0.06418122
-0.04904301
-0.02614174
9.129409e-05
0.02582335
0.04315463
0.04874379
0.04920986
0.04527659
0.04090054
0.03503502
0.02974872
0.02344327
0.0146749
0.0046289
-0.007444729
-0.02166814
-0.03496719
-0.04406368
-0.04567593
-0.04147809
-0.03394949
-0.02334953
-0.009737694
0.001083131
0.005672868
0.003290261
-0.004327641
-0.0148387
-0.02756211
-0.03208044
-0.02954233
-0.02316945
-0.01348606
-0.006652684
-0.003332967
-0.004411908
-0.007410128
-0.01608301
-0.02823149
-0.04119128
-0.05363992
-0.06218028
-0.06608163
-0.06712179
-0.06534212
-0.0622474
-0.05445036
-0.04096558
-0.01984466
0.002912625
0.02449659
0.0436963
0.05684188
0.06082793
0.06153081
0.05520828
0.03963588
0.01920316
-0.004666933
-0.02111622
-0.02844339
-0.03635061
-0.042667
-0.04622959
-0.04875769
-0.04998957
-0.05023919
-0.04777234
-0.03987498
-0.02784666
-0.01382335
0.002645881
0.01907474
0.03422903
0.0467274
0.05441062
0.05623867
0.05208146
0.04010493
0.02466868
0.01072193
0.00340464
0.003950142
0.005114167
0.005373305
0.005028582
0.001885195
-0.004231503
-0.01417081
-0.02408109
-0.03069123
-0.0333268
-0.03243439
-0.03176717
-0.03075843
-0.03031876
-0.03010097
-0.0299444
-0.03016984
-0.03049869
-0.02988537
-0.02820081
-0.02573388
-0.02316429
-0.02106022
-0.01954595
-0.01884455
-0.01865593
-0.018839
-0.01856628
-0.01733745
-0.01492328
-0.01179194
-0.00787884
-0.003389269
0.002020804
0.009117418
0.0174942
0.02700053
0.03447139
0.03949765
0.04231226
0.04112695
0.03680025
0.02675481
0.01117658
-0.004148812
-0.01495044
-0.02058016
-0.02350346
-0.02521401
-0.0249668
-0.02514411
-0.02502288
-0.02401164
-0.02268367
-0.02038599
-0.01604384
-0.008800036
0.001154998
0.01250979
0.02464548
0.03646701
0.0446366
0.04586503
0.04238994
0.04039879
0.03659626
0.0310664
0.02496687
0.01792277
0.008597847
-0.001232014
-0.009019964
-0.01334073
-0.01509788
-0.01352731
-0.01046673
-0.006353156
-0.001831523
0.0005753075
-0.001025892
-0.004174543
-0.009617759
-0.01448069
-0.01882306
-0.02415716
-0.03073221
-0.03610666
-0.03761602
-0.03482414
-0.02849196
-0.01885292
-0.01081586
-0.007230716
-0.008018521
-0.009784372
-0.0124068
-0.01134285
-0.006057343
0.002396429
0.01093017
0.01906685
0.02360135
0.02204157
0.01670318
0.007071194
-0.004499907
-0.0158895
-0.02746404
-0.03705796
-0.04180573
-0.04113162
-0.0389065
-0.03396696
-0.02677335
-0.01822878
-0.008747272
0.0005743717
0.008266627
0.01632803
0.02575956
0.03414809
0.03931651
0.04157042
0.04020718
0.03636613
0.02799145
0.01860756
0.009074978
0.000481405
-0.005524489
-0.0109689
-0.01556484
-0.01923276
-0.02061213
-0.01806461
-0.01317027
-0.005693885
0.002991212
0.01068638
0.01536465
0.01740974
0.01476562
0.01056441
0.005157625
-0.0002270842
-0.005103397
-0.009775208
-0.0146991
-0.0184525
-0.01849249
-0.01494417
-0.007284328
0.002410892
0.01061044
0.01729216
0.02347149
0.02605065
0.02486813
0.02100015
0.01459954
0.007503628
-0.001961821
-0.01485838
-0.02717479
-0.03845908
-0.04859453
-0.05570919
-0.05963373
-0.05657027
-0.04618903
-0.02881574
-0.005009589
0.02343364
0.03986043
0.04921784
0.05226546
0.05013945
0.04547303
0.0369823
0.02333673
0.009191984
-0.002584407
-0.01043911
-0.01366803
-0.01676277
-0.0191012
-0.01997709
-0.02057652
-0.02134666
-0.02274764
-0.0242126
-0.024032
-0.01987439
-0.01055147
0.003141144
0.01782044
0.02982642
0.03664918
0.03607004
0.03167806
0.0224705
0.01169156
-0.001713234
-0.01504695
-0.02282299
-0.03018806
-0.03557361
-0.03714326
-0.03730745
-0.03333893
-0.0264847
-0.01890186
-0.01180212
-0.005935317
-0.002364191
-2.889083e-05
0.0007150727
0.002717736
0.006008667
0.01054223
0.01732664
0.02665909
0.03469983
0.04025196
0.04424457
0.04436966
0.04278651
0.03700884
0.03176709
0.02713081
0.0223122
0.01788786
0.01418318
0.01127406
0.008077282
0.004554622
0.001135381
2.920678e-05
0.002037588
0.005306258
0.009025719
0.0131671
0.01707318
0.02037135
0.02298751
0.02453513
0.0255993
0.02579808
0.02491732
0.02308566
0.02004271
0.01650967
0.01179959
0.005168588
-0.001985923
-0.008863052
-0.01421156
-0.01864827
-0.02321762
-0.0276791
-0.03103817
-0.03272626
-0.03266623
-0.03092665
-0.02716764
-0.02273516
-0.0171511
-0.01099305
-0.005941631
-0.003129297
-0.0009214164
0.0008852028
0.003649114
0.007458834
0.01160779
0.01536459
0.01774172
0.0204943
0.02411737
0.02823268
0.03270179
0.03683027
0.04023778
0.04227896
0.0427993
0.04156456
0.03998793
0.03792609
0.03503676
0.03086981
0.02526768
0.02011258
0.01460811
0.009223767
0.006670361
0.006924361
0.008249663
0.008901219
0.008894503
0.008297363
0.006740075
0.004258232
0.001410111
-0.001622921
-0.004251026
-0.00674067
-0.009964107
-0.01475964
-0.02022339
-0.0248686
-0.02921319
-0.03291198
-0.0347478
-0.03398658
-0.02951964
-0.02276606
-0.01412828
-0.003433058
0.006326748
0.0119704
0.01170845
0.007953764
0.002234143
-0.006169875
-0.01430434
-0.02062962
-0.02527487
-0.02693487
-0.0269095
-0.02431271
-0.01957034
-0.01364598
-0.006603282
-0.001911306
0.0006609268
0.003506199
0.006091038
0.009247239
0.01229188
0.01456654
0.01577954
0.01504771
0.01308362
0.009553444
0.00507871
0.001229824
-0.001151767
-0.001336656
0.0004665409
0.004054323
0.006624762
0.008584689
0.01014642
0.01196651
0.01450462
0.017242
0.02007656
0.02241069
0.02417853
0.0253481
0.02625447
0.02676575
0.02652788
0.02519364
0.02334511
0.02139734
0.01966155
0.0183164
0.01695223
0.01510665
0.01302768
0.01065197
0.008096428
0.006110055
0.005700001
0.006386442
0.00877118
0.01161065
0.01392194
0.01474727
0.01378415
0.01034855
0.007371359
0.004120924
-8.815455e-05
-0.004637009
-0.009402623
-0.01362673
-0.0169079
-0.01877746
-0.01973234
-0.01981475
-0.01901365
-0.01839378
-0.01763865
-0.01675658
-0.01640612
-0.01675525
-0.01669785
-0.01655641
-0.01681672
-0.01687888
-0.01623462
-0.01488288
-0.01168318
-0.006680564
-0.001985703
0.001013915
0.002937534
0.003665366
0.004957291
0.006735801
0.009122899
0.01165387
0.01451694
0.01873401
0.02404898
0.02686334
0.02611542
0.02266347
0.01566679
0.003975283
-0.007981764
-0.01814891
-0.02457345
-0.0268079
-0.02727571
-0.02560705
-0.02419225
-0.02189064
-0.01837606
-0.01409117
-0.009202515
-0.004192158
0.0007084174
0.005158117
0.009505239
0.0141304
0.01834177
0.02131916
0.02299191
0.02380194
0.02582734
0.02897258
0.03242389
0.03598704
0.03864884
0.03980692
0.03844189
0.03616386
0.03183398
0.02625455
0.01895759
0.0103593
0.004145458
0.0004447455
-1.426246e-05
0.001954552
0.005410265
0.01003481
0.01415803
0.01828726
0.02370505
0.02978411
0.03454883
0.03774258
0.03900427
0.03793361
0.03416892
0.03055511
0.02661522
0.02212849
0.01680944
0.0106623
0.004348551
-0.003359532
-0.01184616
-0.01821742
-0.02308076
-0.0264801
-0.02861386
-0.02879365
-0.02656001
-0.02489125
-0.02357169
-0.02259267
-0.02175179
-0.02115409
-0.0209181
-0.02111248
-0.02131579
-0.02127555
-0.02053442
-0.01868384
-0.01500118
-0.009705012
-0.00302035
0.003566851
0.008967976
0.01245667
0.01549262
0.01731228
0.017972
0.01722693
0.01585717
0.01464372
0.01474611
0.01572066
0.01769466
0.02036403
0.02305543
0.02450504
0.02489016
0.02418032
0.02404228
0.02428003
0.02466869
0.02524902
0.02567173
0.02534279
0.02394103
0.02192844
0.01898471
0.01511809
0.01162217
0.007597181
0.002169892
-0.003419467
-0.008170407
-0.01097061
-0.01267209
-0.01335453
-0.01404071
-0.01431396
-0.01426549
-0.01412363
-0.01384891
-0.0137225
-0.01482351
-0.0179155
-0.02141087
-0.02492827
-0.02789998
-0.03010385
-0.03130864
-0.03226771
-0.03284975
-0.03304322
-0.03302012
-0.03279973
-0.03335499
-0.03513971
-0.03858516
-0.04303392
-0.0478816
-0.05233715
-0.05597457
-0.05729615
-0.05628864
-0.05443238
-0.05078774
-0.04546155
-0.03959123
-0.03254021
-0.0252428
-0.01804234
-0.0124181
-0.00882646
-0.006873599
-0.00511413
-0.003424029
-0.001125241
0.001683223
0.005123356
0.009603633
0.01542273
0.02012695
0.02353156
0.02555288
0.0262334
0.02542935
0.02444761
0.02321701
0.02145914
0.01884906
0.01493102
0.01025793
0.004680417
-0.0008559401
-0.007306684
-0.01510862
-0.02253252
-0.02816082
-0.03101337
-0.03310996
-0.03353811
-0.03336312
-0.03279875
-0.03146021
-0.02945637
-0.02671614
-0.02441085
-0.02279806
-0.02216013
-0.02198329
-0.02231128
-0.02289344
-0.02431585
-0.02693415
-0.0302638
-0.03409334
-0.03749973
-0.04087475
-0.04420482
-0.04683205
-0.0489171
-0.05070506
-0.05155722
-0.05084911
-0.04958318
-0.0473619
-0.04426518
-0.0410889
-0.03787789
-0.03363313
-0.02834138
-0.02331661
-0.01836183
-0.01290976
-0.006825852
-0.000928752
0.002462128
0.003446101
0.002737593
0.0003294445
-0.004192299
-0.009339381
-0.01522798
-0.02086349
-0.02523291
-0.02838845
-0.03145921
-0.03391496
-0.03542936
-0.03633279
-0.03635034
-0.03574386
-0.03407289
-0.03077691
-0.02669108
-0.02141739
-0.01506838
-0.00831696
-0.002350712
0.003320817
0.00852551
0.012782
0.01549921
0.01716604
0.01737058
0.01611509
0.01397621
0.01039491
0.007204119
0.004224479
0.001476157
-0.0006850474
-0.001889868
-0.002341212
-0.001536634
0.001218645
0.004565629
0.007855374
0.009891065
0.01073526
0.01070836
0.0097572
0.006596679
0.002052912
-0.004444402
-0.01188074
-0.01695665
-0.01948182
-0.02007396
-0.01921833
-0.01682901
-0.01448816
-0.01181363
-0.009599114
-0.00745119
-0.00524785
-0.003557135
-0.002695757
-0.002215458
-0.001678536
-0.0007639972
0.0005614081
0.002102838
0.003213549
0.004049295
0.004671871
0.00479396
0.004045739
0.002617721
0.0005847003
-0.001590598
-0.003776578
-0.006221165
-0.008589611
-0.009548665
-0.008140675
-0.006335558
-0.003678293
-0.001243052
0.0002990819
0.0004623644
-3.839311e-05
-0.0014693
-0.003470439
-0.005034008
-0.005553129
-0.005576073
-0.00463266
-0.002865793
-0.0003980194
0.002948969
0.006242844
0.009196576
0.0108892
0.01181263
0.01189216
0.01127362
0.009853693
0.008291763
0.006046491
0.003110515
0.000627836
-0.001013834
-0.002030265
-0.002437832
-0.002318723
-0.002732963
-0.00367234
-0.004913335
-0.006341471
-0.007674979
-0.008466887
-0.008860047
-0.009104836
-0.008974978
-0.008323318
-0.007427443
-0.005961336
-0.003649989
-0.0009391441
0.002031247
0.004983324
0.007854044
0.01025216
0.01223621
0.01368434
0.01492444
0.01577984
0.01632555
0.0166033
0.01672168
0.01696264
0.01727858
0.01730846
0.01700455
0.01592716
0.01379581
0.01020451
0.00620723
0.002823065
0.0006919549
-0.001121654
-0.002511543
-0.003541564
-0.004460162
-0.00491303
-0.004621078
-0.002729188
0.001220263
0.005795246
0.01110515
0.01560941
0.01936172
0.02249791
0.0252207
0.02738253
0.02888051
0.02960506
0.02994921
0.02939311
0.02764523
0.02527189
0.02223143
0.01911936
0.0159574
0.01297785
0.01068791
0.008864203
0.007185834
0.005865791
0.004985818
0.003676857
0.001231777
-0.002802245
-0.006995234
-0.0107522
-0.01331307
-0.01504917
-0.01601165
-0.01697391
-0.01806269
-0.01945383
-0.02096401
-0.02234959
-0.02303796
-0.02226525
-0.01972428
-0.01568525
-0.01005011
-0.004204207
0.002218904
0.007878437
0.01197707
0.01427439
0.0159696
0.01666481
0.01734274
0.0176134
0.01715979
0.01640095
0.01528769
0.01385703
0.01243665
0.01152266
0.01029583
0.008491019
0.006455801
0.003711814
5.541724e-05
-0.00325601
-0.005831556
-0.007626668
-0.008534431
-0.007860349
-0.005921838
-0.002437252
0.001624552
0.006102947
0.01088348
0.01509593
0.01836844
0.0209065
0.02267894
0.02376667
0.02377824
0.02244991
0.02111514
0.01905583
0.01615292
0.01372729
0.0111743
0.006767869
0.000763479
-0.005316423
-0.009993487
-0.01352566
-0.01629558
-0.0177469
-0.01723495
-0.01628906
-0.01461275
-0.01217281
-0.008969096
-0.005236515
-0.002209193
0.000573553
0.003798109
0.007556048
0.01161015
0.01493541
0.01740562
0.01974126
0.02183065
0.02369866
0.02540444
0.0269664
0.02867934
0.02982063
0.029648
0.028881
0.02714919
0.02508583
0.02262936
0.0202517
0.01863922
0.01764539
0.01637435
0.01506236
0.0141625
0.01396049
0.01431487
0.01415551
0.0134155
0.01208602
0.01078147
0.009473355
0.008098545
0.006628757
0.005134321
0.003793665
0.002853698
0.002472923
0.002769689
0.003797181
0.00471229
0.0057667
0.007043577
0.008840195
0.01154873
0.01463513
0.01803816
0.02091855
0.02367773
0.02612736
0.02731493
0.02700719
0.02643376
0.02520832
0.02332132
0.02122735
0.01909907
0.01729289
0.01523685
0.01257471
0.009783979
0.006698795
0.003266825
0.0003323266
-0.001534871
-0.00325109
-0.004740254
-0.006001346
-0.007251211
-0.008298769
-0.009017242
-0.009432013
-0.009678305
-0.009715171
-0.00909862
-0.007477051
-0.004816124
-0.001545918
0.00198553
0.005805775
0.008892973
0.01143738
0.01373379
0.01539353
0.01616576
0.01676491
0.01668589
0.01575485
0.01366952
0.01010747
0.006524391
0.002502539
-0.002057618
-0.006722579
-0.01102938
-0.01444819
-0.01742878
-0.0200922
-0.0223883
-0.02378934
-0.02419753
-0.02422879
-0.02372239
-0.0221782
-0.01980572
-0.01843401
-0.01734482
-0.01613532
-0.0152536
-0.01461673
-0.01341176
-0.01171908
-0.009432955
-0.006587374
-0.002743185
0.00190164
0.006741307
0.01073218
0.01430093
0.01750275
0.02066475
0.02288084
0.0237332
0.02413644
0.02423044
0.02350428
0.02144818
0.01835707
0.01361179
0.007201487
0.002095491
-0.002498963
-0.007119659
-0.0103867
-0.01182703
-0.0128328
-0.01313964
-0.01289927
-0.01245345
-0.01118148
-0.008811255
-0.006045665
-0.003961661
-0.00185127
0.0001704882
0.001285417
0.001488706
0.001065139
-0.0001439732
-0.002035901
-0.003307658
-0.004114283
-0.004670504
-0.004913592
-0.004585927
-0.004258447
-0.003507438
-0.001887756
0.0001966911
0.003052452
0.005960086
0.008581151
0.01033929
0.01150709
0.01242522
0.01395771
0.01591248
0.01785583
0.01982958
0.0217651
0.02323271
0.02371904
0.02321497
0.02196106
0.02005465
0.01831288
0.01656383
0.01428117
0.01151139
0.008384082
0.005376909
0.002074311
-0.001631223
-0.004639287
-0.005668006
-0.005041577
-0.002785566
0.0003217868
0.003585366
0.007557332
0.01159544
0.01503531
0.01705928
0.01833063
0.01897525
0.01897474
0.01824383
0.01740986
0.01617899
0.01388763
0.01065621
0.006778641
0.003757381
0.001954868
0.001714051
0.001901356
0.002790796
0.004297859
0.00609421
0.008050872
0.0100076
0.0115891
0.01214
0.0118617
0.01075183
0.009524136
0.008186528
0.006759796
0.004912182
0.002278898
-0.0008285371
-0.00417135
-0.007163853
-0.01033861
-0.01336053
-0.01467406
-0.0146688
-0.01441897
-0.01386044
-0.01261661
-0.01056254
-0.007144818
-0.002905595
0.001926778
0.007104768
0.01135376
0.01424461
0.01633504
0.01761786
0.01843914
0.01870146
0.01843361
0.01835244
0.0180935
0.01725238
0.0158895
0.01391146
0.01169568
0.00964942
0.00820953
0.006572679
0.00441614
0.001997122
-0.0006515433
-0.003151979
-0.004959942
-0.00649665
-0.009040775
-0.01200909
-0.0146251
-0.01713731
-0.01942375
-0.02100746
-0.02209045
-0.02260377
-0.02277526
-0.02283686
-0.0233367
-0.02360257
-0.02320969
-0.02274494
-0.02214447
-0.02103182
-0.01906069
-0.01599382
-0.01286654
-0.00974179
-0.006521479
-0.003136276
0.0001510129
0.00273862
0.004198055
0.005244413
0.005308347
0.004677372
0.003684041
0.002511074
0.001757314
0.001467546
0.00140683
0.001103885
0.000452605
-7.41296e-05
-0.00104639
-0.003022376
-0.00492225
-0.006051692
-0.006800999
-0.006795836
-0.006044636
-0.005101943
-0.003755785
-0.00125371
0.002610414
0.006283597
0.009558269
0.01204254
0.01335163
0.01337331
0.01326143
0.01264406
0.01153661
0.01029189
0.008880567
0.007661039
0.00684361
0.00646556
0.005986666
0.005488912
0.005237815
0.00515073
0.005053041
0.005022916
0.005069185
0.005111369
0.005504693
0.006198416
0.006039785
0.004925302
0.004679044
0.004971969
0.005223875
0.005602229
0.006201873
0.006416185
0.006389497
0.006310942
0.005862875
0.004797051
0.003796859
0.002682118
0.001566132
0.001302674
0.001974158
0.002615879
0.003224829
0.003727803
0.00430274
0.00525485
0.006710468
0.008314366
0.00942561
0.01001516
0.009651448
0.008659844
0.007100811
0.005309545
0.003227654
0.001023085
-0.0006539552
-0.002118688
-0.003646106
-0.004700002
-0.005304311
-0.006167832
-0.006603599
-0.006118616
-0.005738326
-0.005334264
-0.004352188
-0.003266418
-0.002689309
-0.001982382
-0.000963568
-6.360191e-05
0.000730989
0.001408085
0.001760958
0.001678978
0.001757597
0.001584163
0.000826354
0.0001236554
2.878241e-05
0.0004365103
0.001559313
0.003264997
0.004522876
0.004725574
0.004776626
0.004080198
0.002568018
0.001144947
8.929596e-05
-0.001423263
-0.003321078
-0.005088618
-0.006553695
-0.007702405
-0.009022898
-0.01052321
-0.01190759
-0.01250396
-0.01223925
-0.01269569
-0.01371613
-0.01487479
-0.01604043
-0.01735279
-0.01858532
-0.01954868
-0.02002072
-0.02002193
-0.01934338
-0.01818142
-0.01667861
-0.01509136
-0.01298101
-0.00999529
-0.007183404
-0.004787064
-0.002821045
-0.0005601898
0.002010086
0.004372316
0.006995842
0.01003071
0.01205443
0.01240122
0.01321053
0.01417114
0.01487415
0.0152524
0.01522435
0.01506285
0.01468807
0.01415436
0.01352651
0.01282168
0.01207682
0.01154784
0.01152915
0.0116999
0.01178723
0.01158316
0.01098313
0.01003316
0.008818054
0.007438803
0.006354753
0.005752476
0.005717495
0.006174242
0.007383775
0.009275391
0.01188022
0.01398124
0.01565109
0.01678757
0.01718159
0.01690131
0.01669547
0.01575904
0.01345068
0.0110293
0.00808401
0.004088881
1.840039e-05
-0.00375016
-0.008106679
-0.01260069
-0.01632909
-0.01950911
-0.02215981
-0.02451846
-0.02628625
-0.02707022
-0.02742141
-0.02694809
-0.02548524
-0.02330942
-0.0204586
-0.01736624
-0.01371766
-0.009434416
-0.00508107
-0.001536374
0.001479365
0.003679848
0.005493709
0.007141877
0.008911436
0.01025847
0.010829
0.0114047
0.01191973
0.01251999
0.01313823
0.01356536
0.01341226
0.01217826
0.01025034
0.008880506
0.008571495
0.007869295
0.006286643
0.003761057
0.001267219
-0.000539816
-0.002014177
-0.003438164
-0.005085407
-0.006868898
-0.008776783
-0.01062279
-0.01234087
-0.01386081
-0.01534335
-0.01650706
-0.01708347
-0.0171581
-0.01693344
-0.0161018
-0.01424427
-0.01237063
-0.009957127
-0.00679617
-0.004178145
-0.003128343
-0.002780486
-0.002566128
-0.001860499
-0.001184377
-0.0008138088
-0.0003791334
7.015793e-05
0.0003136465
0.0004173523
0.0005077062
0.0006911071
0.0009940466
0.001382349
0.001888268
0.002535134
0.003280726
0.004199889
0.005450276
0.007286699
0.009788566
0.01189962
0.01348573
0.01488837
0.01592513
0.01659469
0.01734081
0.01786041
0.0176749
0.01677917
0.01553881
0.01429074
0.01272843
0.01089889
0.00951123
0.009196018
0.009002388
0.009147073
0.009902116
0.01110539
0.01237885
0.01390315
0.01584675
0.01745791
0.01869918
0.01949634
0.01973106
0.01923074
0.01856493
0.01736669
0.01548235
0.0133289
0.0113466
0.009893108
0.008698255
0.007427548
0.006203011
0.005220678
0.00452
0.003846786
0.002849429
0.001699706
0.0002628004
-0.001410769
-0.002930013
-0.003891296
-0.004874762
-0.006069507
-0.007425231
-0.008740019
-0.009904391
-0.01136254
-0.01339905
-0.01573024
-0.01749057
-0.01798133
-0.01856959
-0.01939981
-0.0200028
-0.02036043
-0.02025016
-0.01937879
-0.01740256
-0.01475527
-0.01145017
-0.007852967
-0.003772427
0.001069023
0.005565751
0.009380081
0.01238872
0.01516895
0.01777149
0.01966067
0.02068941
0.02157122
0.02235637
0.0229478
0.02277734
0.02123927
0.01862651
0.01527226
0.01233448
0.01015358
0.008568731
0.00693364
0.005508125
0.00474167
0.004589657
0.005400742
0.006664613
0.008153214
0.009735837
0.01089857
0.01155629
0.01190151
0.01204384
0.01183166
0.01124082
0.009963154
0.008108555
0.005977164
0.00353415
0.0006537022
-0.002595225
-0.005616378
-0.008411911
-0.01068774
-0.01205988
-0.01288998
-0.0136877
-0.01385303
-0.01306058
-0.0125025
-0.01211038
-0.01187201
-0.01185538
-0.01194391
-0.01150917
-0.010674
-0.009774861
-0.009100373
-0.008815541
-0.00859019
-0.008385132
-0.008214859
-0.008169219
-0.008204813
-0.007976841
-0.007560394
-0.00698496
-0.005978638
-0.004227887
-0.002169714
0.0002749536
0.002383811
0.003839777
0.004432298
0.004747466
0.004271505
0.003245494
0.001955618
0.0001732832
-0.002255508
-0.004987176
-0.006912651
-0.008708427
-0.01059987
-0.01203681
-0.01338322
-0.0153221
-0.01743131
-0.01940971
-0.02113735
-0.02189778
-0.0217048
-0.02294946
-0.02549159
-0.02718772
-0.02860202
-0.03016919
-0.03138477
-0.03251186
-0.03389983
-0.03499794
-0.03553196
-0.03600945
-0.03631236
-0.03633292
-0.03617666
-0.03564026
-0.03482141
-0.03364502
-0.03202224
-0.02976806
-0.02675589
-0.02424519
-0.0214745
-0.0179521
-0.01528667
-0.01434365
-0.01326696
-0.01218371
-0.01103713
-0.00994216
-0.008750452
-0.006836658
-0.004204298
-0.001711846
0.0007114539
0.00330108
0.00589181
0.008132206
0.009617431
0.01073865
0.01160657
0.0123856
0.01301774
0.01370523
0.01461032
0.01582951
0.01696348
0.01801829
0.01910061
0.02008886
0.02084572
0.02159595
0.02238468
0.02329234
0.02444999
0.02580178
0.02675791
0.02716936
0.02723308
0.02669166
0.02567616
0.02495047
0.02430229
0.02311276
0.02150973
0.01972528
0.01756446
0.01490762
0.01223408
0.009671187
0.007403204
0.00555166
0.00392772
0.002304528
0.001005288
0.0003973072
0.0002203259
0.0006680591
0.001659441
0.002786287
0.004135843
0.005348026
0.006322732
0.007017583
0.007583714
0.007988687
0.008038721
0.007767368
0.007316822
0.00654691
0.00509677
0.003077712
0.0005992398
-0.001796167
-0.003833352
-0.005528114
-0.00712043
-0.008561618
-0.009606596
-0.009558977
-0.008189142
-0.006635263
-0.005130998
-0.003732024
-0.00256057
-0.001559371
-0.0003796638
0.0008898549
0.002125429
0.003256513
0.004259427
0.00525259
0.006316078
0.007399485
0.008040464
0.008385007
0.009109765
0.009878272
0.01039469
0.01123668
0.01264483
0.01448565
0.01704151
0.02004062
0.02218544
0.02288309
0.02308319
0.02296943
0.02293532
0.02285536
0.02201107
0.02003087
0.01750718
0.01540755
0.0132887
0.01088288
0.008376368
0.00593862
0.003864603
0.002446608
0.001543684
0.0004053748
-0.0005106156
-0.0009263465
-0.001636653
-0.002632192
-0.003821668
-0.005565096
-0.008158756
-0.01073387
-0.01323669
-0.01550916
-0.01764933
-0.01961092
-0.02160022
-0.02342404
-0.0248759
-0.0260422
-0.0271316
-0.0286476
-0.03028312
-0.03168631
-0.03312133
-0.03468602
-0.03615109
-0.03711245
-0.03734823
-0.03752908
-0.03737923
-0.03698465
-0.03657585
-0.03611184
-0.03534638
-0.03424265
-0.03320588
-0.03223734
-0.03128298
-0.03023868
-0.02921847
-0.02833919
-0.02741592
-0.02623272
-0.02478112
-0.02279773
-0.02020606
-0.01706349
-0.01346365
-0.01016171
-0.00716061
-0.004173979
-0.001816939
-0.000407982
0.001049584
0.002374778
0.00312365
0.00355764
0.003919261
0.0035418
0.002201052
0.001562918
0.001262974
0.000569706
-0.0007926288
-0.002907222
-0.004838758
-0.006617211
-0.008312078
-0.0099065
-0.01086211
-0.01068219
-0.01006367
-0.009350566
-0.008711529
-0.008040079
-0.007335898
-0.006754991
-0.006575224
-0.006914793
-0.007780077
-0.008572768
-0.009342669
-0.00991577
-0.01012558
-0.0100501
-0.01029249
-0.01094719
-0.01186871
-0.01232058
-0.01233367
-0.01256137
-0.01301754
-0.01357131
-0.01394673
-0.01397234
-0.01368374
-0.01333047
-0.0127703
-0.0115661
-0.009895311
-0.008723594
-0.007498877
-0.005720325
-0.003806532
-0.001942647
-0.0003048218
0.001271121
0.002944747
0.00466749
0.006186314
0.007328588
0.008459234
0.009947547
0.01116296
0.01195668
0.01286791
0.01343621
0.01331035
0.01337896
0.01363545
0.01353064
0.01304102
0.01241568
0.01190758
0.01158335
0.01137713
0.01119766
0.01094292
0.01080853
0.01067962
0.01024239
0.009707468
0.009343774
0.008842208
0.008242981
0.007912843
0.007815487
0.007854164
0.008143118
0.008567431
0.00868494
0.008767
0.009092101
0.009258282
0.009173474
0.008998041
0.008613106
0.008024561
0.007673284
0.00759514
0.007535377
0.007341691
0.006750512
0.005629302
0.00408093
0.002543924
0.0003470383
-0.003013754
-0.006258297
-0.009023169
-0.01120175
-0.01277062
-0.01377779
-0.0153272
-0.01715217
-0.01896493
-0.02070745
-0.02214779
-0.02297413
-0.02319413
-0.02290288
-0.02197108
-0.02007425
-0.01850635
-0.01696715
-0.01516465
-0.0134679
-0.01193985
-0.0102751
-0.008828004
-0.008019912
-0.007432089
-0.006573727
-0.005043131
-0.00308299
-0.001214964
0.0002500735
0.001312152
0.002827729
0.004582972
0.006063105
0.007370241
0.008361456
0.008655044
0.008050668
0.007154734
0.006013958
0.004377914
0.002306554
-0.0003072631
-0.002793911
-0.005069789
-0.006951378
-0.008335241
-0.009381203
-0.01036083
-0.0109202
-0.01062908
-0.01012195
-0.009271263
-0.008167207
-0.007321774
-0.006856868
-0.006470898
-0.006196226
-0.006045101
-0.005963162
-0.006100457
-0.006394069
-0.006808257
-0.007226846
-0.007677384
-0.007936353
-0.007700171
-0.007511462
-0.007978574
-0.008295597
-0.00826146
-0.008236837
-0.008146149
-0.007933433
-0.007950769
-0.00809854
-0.007823762
-0.007504797
-0.007706036
-0.008145563
-0.008755997
-0.009092838
-0.00904747
-0.00844053
-0.007328029
-0.005648323
-0.003942614
-0.00223282
-0.0005381343
0.001570736
0.003991316
0.005727945
0.007183533
0.009025526
0.01099864
0.01285404
0.01443228
0.01560424
0.01633713
0.01702598
0.01755058
0.01727484
0.01614824
0.01533261
0.0150224
0.01505689
0.01458964
0.01344716
0.01170171
0.010037
0.008922573
0.008133146
0.007626419
0.007276274
0.006816672
0.00646385
0.006525721
0.00690873
0.007148718
0.006740058
0.005480061
0.004379266
0.003478532
0.002705476
0.001724359
0.0008396825
0.000826937
0.001458777
0.00191869
0.001653303
0.000492013
-0.0006439211
-0.001816702
-0.002969149
-0.00397602
-0.004837941
-0.005639769
-0.006280457
-0.006781974
-0.007368236
-0.008064626
-0.008832036
-0.009721877
-0.01063303
-0.01122539
-0.01140662
-0.01137698
-0.0109249
-0.009828735
-0.008648162
-0.007385189
-0.005952803
-0.004325616
-0.002409873
0.0001085992
0.003400985
0.006274637
0.008962903
0.01161613
0.01370264
0.01472372
0.01525437
0.01477586
0.01381284
0.01294269
0.01242477
0.01207105
0.01177583
0.01146554
0.01101709
0.01036713
0.009658818
0.008729635
0.007327246
0.005494033
0.003304578
0.001414553
9.680388e-05
-0.0004567844
-0.0008467355
-0.0009116796
-0.0009815171
-0.001372412
-0.002397342
-0.003618148
-0.005126271
-0.006646303
-0.007975895
-0.008872127
-0.009452527
-0.009535599
-0.0090356
-0.008010665
-0.006757302
-0.005326013
-0.003573842
-0.002129799
-0.001040122
-0.0003821077
-0.0002284584
-0.001076783
-0.002148698
-0.003138696
-0.003476522
-0.003311423
-0.002946031
-0.003720008
-0.005255246
-0.006777513
-0.008195599
-0.009717975
-0.0112009
-0.01237637
-0.01303751
-0.01340157
-0.01332977
-0.01279489
-0.01157943
-0.009856219
-0.0081732
-0.006251889
-0.003731305
-0.000775838
0.002064006
0.004523041
0.006631071
0.008832143
0.01048083
0.01085679
0.01049347
0.009816223
0.009546595
0.009400941
0.00913723
0.008554286
0.007375696
0.005768252
0.003776556
0.001678114
-0.0002503031
-0.0015655
-0.002134929
-0.002180171
-0.002003397
-0.001239489
0.0001379075
0.000427789
0.0001130415
-6.440466e-05
-0.0005392985
-0.001771358
-0.003304393
-0.004662912
-0.005012309
-0.004292751
-0.002495438
-0.001667079
-0.001068613
0.0001546591
0.001272348
0.001872062
0.002438645
0.002823973
0.002850438
0.002972002
0.003444199
0.004057901
0.005066525
0.006650332
0.008144365
0.009286641
0.01056835
0.01152629
0.01154928
0.01140917
0.01136493
0.01090836
0.01015299
0.009886064
0.009614861
0.009014394
0.008449829
0.007736167
0.006648186
0.005579922
0.004530559
0.002834433
0.0004142818
-0.00204659
-0.004709628
-0.007737131
-0.0105861
-0.01300664
-0.01482916
-0.01649927
-0.01787008
-0.01912367
-0.02004001
-0.02054638
-0.02099146
-0.02161984
-0.02261193
-0.02320348
-0.02247427
-0.02096267
-0.01891704
-0.01717022
-0.01562556
-0.01414618
-0.01228591
-0.009915999
-0.007638609
-0.00563338
-0.004039362
-0.002546927
-0.001348466
-0.0004186527
0.0003767154
0.001283306
0.002113359
0.00291499
0.004098595
0.005295816
0.006026698
0.006713091
0.007697153
0.008864782
0.009947167
0.01033657
0.009726087
0.008143898
0.007140714
0.00638557
0.005499401
0.004605811
0.003841824
0.00321885
0.002722892
0.002322751
0.002011246
0.001875628
0.001913447
0.002352915
0.003316932
0.004532753
0.005651617
0.006305988
0.006774939
0.007474832
0.008344972
0.009142602
0.009336069
0.00900474
0.008299892
0.007101057
0.005252013
0.003316826
0.0011692
-0.0009753572
-0.002630102
-0.0039456
-0.00560895
-0.007192441
-0.008255055
-0.009138846
-0.009791022
-0.01005031
-0.00969475
-0.008745663
-0.007531684
-0.006013431
-0.004504041
-0.00311077
-0.002027254
-0.001129785
-0.0003855742
0.0003069523
0.0006793215
0.0007471689
0.001216017
0.002000096
0.002461909
0.002759511
0.003005097
0.00277738
0.001866116
0.001186448
0.0006568692
0.0001998083
2.982626e-05
0.0001108294
0.0001627287
0.0005995281
0.001680554
0.002711471
0.003833845
0.005326163
0.006797261
0.007659841
0.008282284
0.008530019
0.008540912
0.008138286
0.007512899
0.007252123
0.007392302
0.007185549
0.006356082
0.004986182
0.003990371
0.003338231
0.002473031
0.001510857
0.0007190866
0.000178268
-0.0001379443
-0.0004707152
-0.0007581057
-0.0008999133
-0.0007827681
-0.0005689349
-0.0007289021
-0.001016622
-0.001144531
-0.001379812
-0.001775131
-0.002112486
-0.002427352
-0.00305058
-0.004423963
-0.006107597
-0.00666481
-0.006506056
-0.00582758
-0.004919737
-0.003790768
-0.002819384
-0.001940578
-0.0010254
4.781109e-05
0.001224552
0.002296902
0.003412798
0.004661525
0.00582697
0.006794001
0.007677192
0.008424759
0.009085025
0.009862527
0.01077248
0.011603
0.01235704
0.01306184
0.01373003
0.01427898
0.01471683
0.01512623
0.01557593
0.01588307
0.01599564
0.01624329
0.01634094
0.01616158
0.0164241
0.01738058
0.01790971
0.01826456
0.0187692
0.01896797
0.01865248
0.01849773
0.01820212
0.017351
0.01615939
0.01480524
0.01362031
0.01234536
0.01085073
0.009476017
0.008435641
0.007436368
0.006522175
0.005721944
0.004930057
0.004277561
0.003906032
0.003884386
0.004065582
0.004115231
0.00418284
0.004594427
0.005012296
0.005057389
0.005137341
0.005274894
0.005249753
0.005377311
0.00597031
0.006556549
0.006897404
0.006905283
0.006805956
0.007069648
0.007821868
0.008957115
0.009431212
0.009424635
0.009307505
0.009172504
0.008923294
0.00880304
0.008659155
0.008306051
0.007875857
0.00730349
0.006416749
0.005331444
0.004270848
0.00309356
0.001898582
0.001220156
0.0007532242
1.466578e-05
-0.000790623
-0.001482534
-0.002057193
-0.002708764
-0.00374826
-0.005197396
-0.006931243
-0.007891065
-0.008038316
-0.007604551
-0.006939673
-0.005907423
-0.005185262
-0.004522375
-0.003705244
-0.003176098
-0.003061083
-0.002705063
-0.00221758
-0.001759017
-0.001131897
-0.0004632339
-0.0003488993
-0.0004131738
-0.000111209
0.0001562857
0.0001763206
0.0002080604
0.0002709624
0.0002934447
0.0002643026
0.0001309711
-9.028781e-05
-0.0003532692
-0.0006268984
-0.001080232
-0.001567772
-0.001478021
-0.00110354
-0.0009203706
-0.0006632899
-8.426591e-05
0.0007296915
0.001765723
0.002755925
0.003832013
0.005232905
0.006912508
0.008726201
0.01012583
0.01131086
0.01235554
0.01321065
0.01371917
0.01377662
0.01380581
0.01378021
0.01372113
0.01365109
0.01364031
0.01368063
0.01368458
0.01345708
0.01317043
0.01304754
0.01288657
0.01258768
0.01224012
0.01184445
0.01132898
0.01056433
0.009533652
0.008774768
0.008177173
0.007489341
0.006591977
0.005157818
0.00316337
0.001004286
-0.0005845589
-0.001700999
-0.002466952
-0.003346282
-0.00449602
-0.005751543
-0.00643723
-0.006655104
-0.007170455
-0.007616418
-0.007625078
-0.007437695
-0.006953033
-0.006341275
-0.005675926
-0.004878274
-0.00387485
-0.002674469
-0.001553391
-0.0005881966
0.0001806068
0.0009611898
0.001951441
0.003307346
0.004571156
0.004972262
0.004521317
0.00345758
0.00307671
0.003016406
0.002777821
0.00229507
0.001600729
0.001030059
0.0003749366
-0.000563165
-0.001561096
-0.002615909
-0.003970027
-0.005181699
-0.005762014
-0.006349889
-0.007025599
-0.00759569
-0.008077189
-0.008475078
-0.008549121
-0.008262675
-0.007971073
-0.007501315
-0.006731569
-0.005738113
-0.004391448
-0.003014846
-0.001729309
-0.0006462208
0.000458424
0.00161981
0.00255245
0.003357373
0.004433718
0.005600084
0.006676589
0.00762579
0.008302696
0.008608982
0.008622108
0.008530695
0.008186969
0.007590469
0.007178159
0.006887323
0.006628437
0.006422823
0.006278838
0.006066345
0.005714784
0.005250537
0.004924547
0.004721291
0.00445572
0.004268935
0.00435093
0.004676198
0.005180448
0.005591865
0.006033549
0.006468245
0.006467979
0.005807659
0.005167708
0.004272632
0.003000122
0.001931124
0.0009762063
-0.0001894431
-0.001149463
-0.00164971
-0.002562308
-0.003844641
-0.004673928
-0.004927301
-0.004683121
-0.00464921
-0.004902809
-0.005172785
-0.005323475
-0.005312033
-0.005283128
-0.005251086
-0.00527593
-0.005408702
-0.005635844
-0.005628979
-0.005209211
-0.004376494
-0.003091284
-0.001553121
-6.4084e-05
0.001316255
0.002404623
0.003262333
0.004143986
0.005244314
0.006420049
0.006890804
0.00647845
0.005824359
0.005321249
0.005104634
0.004860084
0.0043986
0.003563269
0.002713643
0.001887689
0.0007076172
-0.000613764
-0.001385778
-0.002033513
-0.002832779
-0.003592462
-0.004319987
-0.00505479
-0.005567282
-0.005623856
-0.005478427
-0.005237083
-0.005049123
-0.004746754
-0.004319445
-0.004083499
-0.00386935
-0.003339838
-0.002806963
-0.002518135
-0.002349158
-0.002251104
-0.002139147
-0.002315989
-0.003014427
-0.003787446
-0.004501559
-0.005065618
-0.005600896
-0.006008042
-0.006024816
-0.005748626
-0.005730599
-0.00570717
-0.005512558
-0.005439827
-0.005357013
-0.004942339
-0.004562583
-0.004527453
-0.00464833
-0.004982098
-0.005511153
-0.006164466
-0.006712608
-0.007234042
-0.007791999
-0.00836765
-0.00878176
-0.008912457
-0.008951913
-0.008780282
-0.008224799
-0.007293004
-0.006206959
-0.005147289
-0.004067909
-0.00299092
-0.001840981
-0.0006393109
0.000365063
0.0009785557
0.001438465
0.001352925
0.0008726733
0.00101607
0.002161418
0.002792126
0.002917587
0.002874776
0.002795153
0.002620572
0.002250342
0.001719972
0.001303298
0.001026822
0.0008817296
0.0007747144
0.0008244186
0.001126323
0.001517821
0.001950578
0.002454339
0.002968085
0.003297604
0.003523502
0.003852026
0.004388869
0.005379644
0.006714201
0.00738715
0.006530546
0.005776848
0.005494757
0.005572785
0.005903385
0.006310264
0.006683369
0.007097106
0.007558786
0.00809876
0.008765331
0.009456567
0.01025796
0.01129928
0.0123367
0.01307047
0.01390199
0.01494257
0.01566352
0.01586428
0.0158183
0.01553279
0.01487224
0.01402986
0.01299734
0.01186336
0.01050203
0.008741316
0.006784112
0.004614061
0.002408606
0.0002822865
-0.001625722
-0.003319128
-0.004654157
-0.005583576
-0.00630767
-0.006742309
-0.007261088
-0.00749277
-0.007204829
-0.007049821
-0.007015545
-0.006737454
-0.006514089
-0.006659122
-0.006656544
-0.006422291
-0.006344553
-0.006479177
-0.006788776
-0.007147217
-0.007420272
-0.007273094
-0.006808346
-0.006293811
-0.005764653
-0.005120476
-0.004473378
-0.003768015
-0.003016431
-0.002490994
-0.002291261
-0.001987101
-0.001691982
-0.0014807
-0.001083203
-0.0004479922
-8.466718e-05
7.093293e-05
0.0003740448
0.0001659029
-0.0009597871
-0.001934867
-0.002415219
-0.00253467
-0.00265988
-0.002970777
-0.003347596
-0.00363091
-0.003605198
-0.003414704
-0.00293041
-0.002009366
-0.0008909594
-0.0002917447
0.0004940475
0.001739112
0.002540398
0.003032941
0.004096767
0.005189476
0.005617604
0.005811509
0.005686858
0.005290078
0.004753264
0.004175779
0.002984301
0.0005865462
-0.002163862
-0.004961271
-0.007134597
-0.008556106
-0.009458096
-0.01070044
-0.01187793
-0.01263328
-0.01327178
-0.01348257
-0.01302571
-0.01235342
-0.01156999
-0.01041693
-0.009048158
-0.007761261
-0.006179408
-0.004182661
-0.002526536
-0.001051939
0.0008396752
0.002444964
0.003000888
0.003256814
0.003010879
0.002401041
0.001668309
0.001139966
0.0002922067
-0.0009688834
-0.001855643
-0.002657133
-0.003683739
-0.004500988
-0.00508728
-0.005784192
-0.006178721
-0.005981263
-0.005793902
-0.005703574
-0.005575506
-0.005275707
-0.004762857
-0.004302154
-0.004015162
-0.003865957
-0.003522081
-0.002731099
-0.00174494
-0.0007229439
7.744346e-07
0.0004361564
0.0006847527
0.0009452317
0.001221164
0.001611899
0.002052755
0.002449947
0.002897358
0.00332668
0.003497256
0.003517452
0.003546554
0.003348142
0.002807767
0.002284362
0.001601111
0.000637168
-0.0002867885
-0.001216409
-0.002308835
-0.003503443
-0.004655993
-0.00576636
-0.006301075
-0.005741782
-0.004899229
-0.004261384
-0.003711987
-0.003073536
-0.002217012
-0.001347147
-0.0005923118
0.0002610488
0.001348909
0.002476162
0.003684069
0.004843624
0.005606409
0.005853791
0.006369977
0.007014092
0.007542768
0.007906863
0.00804979
0.008087509
0.008140871
0.008373702
0.008417758
0.00780172
0.006570407
0.004974806
0.003896819
0.00307279
0.002312653
0.001561686
0.0007914515
-0.0001966361
-0.00104938
-0.001572783
-0.002187488
-0.002753384
-0.003182014
-0.003837044
-0.00476873
-0.005278329
-0.005730898
-0.006520461
-0.007013648
-0.006769922
-0.006355761
-0.005670335
-0.004763918
-0.004125267
-0.003912809
-0.003418819
-0.002838806
-0.002554034
-0.002299971
-0.001933418
-0.001591534
-0.001266114
-0.000855898
-0.0004258737
-0.0001001191
-5.267498e-05
-0.0002745678
-0.0004761755
-0.0006826549
-0.0009199574
-0.0009942474
-0.000674871
5.438875e-05
0.0008389633
0.0015736
0.002414485
0.003379564
0.004211784
0.004771067
0.005057804
0.005466108
0.00608562
0.006799292
0.007389443
0.007665622
0.007850714
0.007774582
0.007316517
0.006661529
0.006035316
0.005089127
0.003733677
0.002762674
0.002085242
0.001508666
0.001023972
0.0006833307
0.0003723112
0.0003108072
0.0004868091
0.0003232255
-0.0003769447
-0.001278202
-0.002029106
-0.002079414
-0.001652841
-0.001071223
-0.001069043
-0.001335214
-0.001505171
-0.001675294
-0.001911497
-0.001989932
-0.002040463
-0.002211708
-0.002270718
-0.002255807
-0.002521954
-0.002758274
-0.002635866
-0.002613813
-0.002748773
-0.00273312
-0.002797019
-0.003128413
-0.003243889
-0.002859221
-0.002311661
-0.002104664
-0.002786316
-0.003832238
-0.005021454
-0.005468949
-0.005518314
-0.005757944
-0.006196157
-0.006757794
-0.007273224
-0.007649665
-0.007754343
-0.007728119
-0.007414421
-0.006946787
-0.006542263
-0.006389869
-0.005986533
-0.005124255
-0.004176874
-0.002956653
-0.001459535
-0.0002837003
0.0003835453
0.001429443
0.002456641
0.002810105
0.003017093
0.003384379
0.003703275
0.003888096
0.004056919
0.004219273
0.004356522
0.004451596
0.004419612
0.004208447
0.003899729
0.003498319
0.003040297
0.002637589
0.002489214
0.002482345
0.002579992
0.00273466
0.002900849
0.002959864
0.003005507
0.003124163
0.003145235
0.003087718
0.003122903
0.003129034
0.003023948
0.003051997
0.003063055
0.002642374
0.001925989
0.001214847
0.000470497
-0.0003779637
-0.001285322
-0.0023897
-0.003686339
-0.004725651
-0.005394155
-0.005930619
-0.006485705
-0.007030988
-0.00742795
-0.00758827
-0.007655466
-0.007676898
-0.00784694
-0.008422843
-0.008851434
-0.008126188
-0.006968585
-0.005999182
-0.005542093
-0.005462924
-0.005190061
-0.004843048
-0.004573885
-0.004363079
-0.004258402
-0.004307579
-0.004394275
-0.004521834
-0.004819836
-0.005278607
-0.005633805
-0.005787464
-0.005787905
-0.00599416
-0.006402073
-0.006809027
-0.007047956
-0.00684987
-0.006294352
-0.0059624
-0.006965604
-0.008493343
-0.009745543
-0.01018844
-0.01027323
-0.01050736
-0.01077149
-0.01094919
-0.01100055
-0.01103609
-0.01116583
-0.01126004
-0.01123878
-0.01122645
-0.01108364
-0.01072465
-0.01041335
-0.01006271
-0.009433042
-0.008675122
-0.008020372
-0.007341119
-0.006786686
-0.006793576
-0.006971854
-0.00678511
-0.006676668
-0.006790766
-0.006601792
-0.006172831
-0.005726842
-0.005239613
-0.004755899
-0.004453899
-0.004200508
-0.003885146
-0.00376658
-0.003870779
-0.003674101
-0.003358682
-0.003219726
-0.003134516
-0.003079218
-0.00314519
-0.003281167
-0.003386636
-0.003567641
-0.003834699
-0.003974436
-0.003969911
-0.00388815
-0.00383326
-0.003784132
-0.003727379
-0.003771906
-0.003998883
-0.004254969
-0.00448144
-0.004611217
-0.004920526
-0.005536051
-0.005815668
-0.005717331
-0.005743655
-0.005929207
-0.006282546
-0.006748451
-0.007294761
-0.007737416
-0.008006029
-0.008044488
-0.00799257
-0.008141912
-0.008805567
-0.009417403
-0.009287401
-0.008276206
-0.006710121
-0.005855759
-0.005360808
-0.004852976
-0.004064395
-0.003059516
-0.002080506
-0.00105294
-4.540568e-05
0.0006475632
0.000972119
0.001242454
0.001410688
0.001467762
0.001366567
0.001169175
0.001125645
0.0009835432
0.0005424237
0.0001689789
-4.106371e-06
-6.104575e-05
-9.585124e-05
-0.0003923315
-0.001145915
-0.002011819
-0.002123079
-0.001935742
-0.001723058
-0.001480535
-0.001321107
-0.001480534
-0.001595147
-0.00150809
-0.001559566
-0.00163335
-0.001404927
-0.001258966
-0.001308226
-0.0009825075
-0.0004013158
-8.368271e-05
0.0002438129
0.0007293463
0.001065072
0.001384203
0.001912095
0.002167005
0.001851684
0.001558925
0.001266441
0.0007783691
0.0002934604
-9.847428e-05
-0.0006404875
-0.001332296
-0.002018162
-0.002789598
-0.0037231
-0.004684702
-0.005714018
-0.006843359
-0.00801468
-0.009144627
-0.01000451
-0.01061749
-0.01106275
-0.01132001
-0.01125367
-0.01099016
-0.0105281
-0.009984654
-0.009804053
-0.00984003
-0.009426758
-0.008705232
-0.007998578
-0.007461602
-0.006925597
-0.006147403
-0.005372687
-0.004881413
-0.004421656
-0.003888706
-0.003288393
-0.002729717
-0.002338306
-0.002074502
-0.001925274
-0.001769179
-0.001582299
-0.001289829
-0.0008933627
-0.0003310788
0.000343744
0.000965173
0.001303875
0.001543157
0.002052032
0.003311228
0.004597633
0.005007064
0.005248846
0.005418786
0.005550441
0.005676409
0.005870198
0.005860108
0.005513868
0.005148863
0.00476187
0.004365179
0.003962209
0.003492721
0.002926872
0.002387719
0.002024854
0.001723049
0.001346787
0.0007481871
0.0005097956
0.001103931
0.001599658
0.001504714
0.0007314385
-8.177115e-05
-0.0001311029
3.505768e-05
0.0001307286
1.06299e-05
-6.777056e-05
2.221975e-05
-1.083476e-05
-7.116202e-05
0.0001864083
0.000482408
0.0005037994
0.0006179194
0.0008532558
0.0009516855
0.001005296
0.00114157
0.001243926
0.001261601
0.001259568
0.001275941
0.001374608
0.001547053
0.001805516
0.002116184
0.002547255
0.002993033
0.003140502
0.003108647
0.00339968
0.003814105
0.004103267
0.00440398
0.004762192
0.005031448
0.00526589
0.005537915
0.005753452
0.005911174
0.006148595
0.006198441
0.005896714
0.005776918
0.005877624
0.005763087
0.005521657
0.005303595
0.005001206
0.004572647
0.004137448
0.003640375
0.003126479
0.002787553
0.002518099
0.001992834
0.001453758
0.001127339
0.000708899
0.0003346794
0.0003817499
0.0005129276
0.0005776788
0.0007917463
0.001110749
0.001279094
0.001606683
0.002159035
0.002324682
0.002151949
0.002162475
0.001879069
0.0009873527
0.0003371476
0.0002753967
0.000627303
0.0009641574
0.0009971398
0.0007329063
0.0003757866
0.0003518896
0.000217618
-0.0001364158
-2.369917e-05
0.0006128248
0.001134743
0.001648982
0.002212533
0.002539507
0.002756892
0.003286767
0.003680388
0.003599235
0.003772574
0.004134652
0.004216154
0.004703995
0.006005791
0.006667736
0.006366488
0.005852304
0.005288597
0.005005814
0.004958642
0.005002899
0.004901554
0.004948071
0.005272792
0.005409922
0.005342493
0.005395045
0.005527803
0.00558975
0.005443512
0.005096162
0.004799944
0.004609042
0.004556747
0.004475698
0.004326221
0.004117556
0.003843268
0.003543366
0.003308537
0.003083957
0.002768138
0.00255639
0.002642311
0.002822788
0.003051373
0.003305552
0.003718857
0.004309234
0.004794275
0.005133495
0.005438221
0.005745048
0.006086025
0.006409957
0.006659113
0.006810475
0.006853744
0.00682691
0.006785489
0.006792987
0.006958913
0.007238995
0.007531186
0.007850374
0.008151135
0.008250941
0.00826075
0.008326202
0.008247772
0.00797986
0.00785038
0.0076274
0.007086903
0.006596674
0.006148075
0.005585178
0.005053843
0.004700788
0.004249182
0.003760144
0.00350547
0.00337161
0.003200735
0.003154077
0.00321324
0.003102083
0.002872942
0.002540181
0.00197188
0.00181801
0.002932796
0.003905978
0.003926532
0.0040269
0.004289974
0.004285101
0.00403767
0.003741131
0.003223561
0.002579725
0.002250834
0.001993936
0.001550249
0.001247393
0.00115019
0.001025286
0.0009045706
0.0008185984
0.0006972862
0.0006097043
0.000709069
0.001021816
0.001551191
0.002308689
0.002906565
0.00265898
0.002190865
0.002335845
0.002501744
0.002465593
0.00236974
0.002153853
0.001719222
0.001255568
0.0007094793
0.0001328942
-0.0003212169
-0.0005328714
-0.0008128941
-0.001126766
-0.001262788
-0.001304569
-0.001376289
-0.00130028
-0.0009739153
-0.000660064
-0.0002425539
0.0003049243
0.0006475372
0.0008457583
0.001407819
0.002136029
0.002651658
0.002996263
0.003117351
0.003064248
0.002847858
0.002833847
0.002867833
0.002852318
0.002837766
0.002761471
0.002476926
0.002082005
0.001675867
0.001371393
0.0008759947
-5.812143e-06
-0.000639289
-0.0007656163
-0.001180959
-0.001737724
-0.00205445
-0.00230911
-0.002728024
-0.003318011
-0.003762558
-0.003700392
-0.003428597
-0.003190701
-0.003188744
-0.003274375
-0.003341565
-0.003468329
-0.003691392
-0.003876788
-0.004103875
-0.004404956
-0.004566791
-0.004544432
-0.004756386
-0.005180034
-0.005621878
-0.006199174
-0.006847503
-0.007140145
-0.007686306
-0.009081213
-0.01043143
-0.01090401
-0.01060482
-0.009956717
-0.009680231
-0.009907691
-0.01053231
-0.01062087
-0.01032376
-0.009935664
-0.009549677
-0.009210822
-0.008889922
-0.008362266
-0.007476199
-0.00657408
-0.005765585
-0.004806739
-0.003781067
-0.003014792
-0.002348759
-0.001620912
-0.0007510906
0.0003995183
0.001728701
0.00265822
0.002541294
0.002020956
0.001138403
0.0006460854
0.0003749395
9.227405e-05
-0.0002303985
-0.0005151982
-0.0007110084
-0.0008898198
-0.001041697
-0.000950437
-0.0006435469
-0.0004818598
-0.0002614059
0.0002001793
0.0007285834
0.001318283
0.001919129
0.002499602
0.002981439
0.003322693
0.003439165
0.003535274
0.003720348
0.004059629
0.004307092
0.004415507
0.004750534
0.005139233
0.00532555
0.00549672
0.005724961
0.005838329
0.005904258
0.006015674
0.006011304
0.005909055
0.006078476
0.006269195
0.006006816
0.005741899
0.005685841
0.00543992
0.004985651
0.004600275
0.004267516
0.003961107
0.003671047
0.003287454
0.002770646
0.002445642
0.002444055
0.002338448
0.002303666
0.002541962
0.002793493
0.002926414
0.003118873
0.003558476
0.004222104
0.004664381
0.00463941
0.004654156
0.004782827
0.005099194
0.00527429
0.005171106
0.005171277
0.005227818
0.005167516
0.004983183
0.004367635
0.003038035
0.001485415
0.001120138
0.001426286
0.001943038
0.002177483
0.0023523
0.002530693
0.002795667
0.003192756
0.003533619
0.003884217
0.00433864
0.004883527
0.005613549
0.006647196
0.00781118
0.008549107
0.009193815
0.00990439
0.01038077
0.01056707
0.01069535
0.01052521
0.01013465
0.01043719
0.01100304
0.01045734
0.009437675
0.008597452
0.008260329
0.008558092
0.00907489
0.00922552
0.008867143
0.008871636
0.009025421
0.008853318
0.008557406
0.008285239
0.007980197
0.007689374
0.007510678
0.007210124
0.006702027
0.006343023
0.006025281
0.005593664
0.00516901
0.004834272
0.004500277
0.004145099
0.003805797
0.003620405
0.003705347
0.003893174
0.004178092
0.004560238
0.00512007
0.005832387
0.006198086
0.006243031
0.00616546
0.006184427
0.006403513
0.006600885
0.00671351
0.006766645
0.006919718
0.007152139
0.007141447
0.007082845
0.00719112
0.007131814
0.006663093
0.006132061
0.005772945
0.005702297
0.005437535
0.004994106
0.004823439
0.004481068
0.003503963
0.002496028
0.001607827
0.0008898557
0.0003862824
-8.066617e-05
-0.001009252
-0.002273428
-0.003155024
-0.003815708
-0.004398832
-0.00498184
-0.005609882
-0.006414978
-0.007024957
-0.007224355
-0.007451717
-0.007707311
-0.008019598
-0.008497954
-0.008842818
-0.008286417
-0.007280434
-0.006662971
-0.006315247
-0.006154998
-0.005953599
-0.005720764
-0.005307392
-0.004921619
-0.004622855
-0.004196155
-0.003865989
-0.003956463
-0.00394112
-0.003510741
-0.003093707
-0.002577216
-0.001915704
-0.001444795
-0.001278938
-0.0008873256
-0.0002241772
0.0005725726
0.001440636
0.002081359
0.002033715
0.001724544
0.002316079
0.003094483
0.003549336
0.003887811
0.004058276
0.003989696
0.00411214
0.004617207
0.00494292
0.005052461
0.005221576
0.005351584
0.005375061
0.005486674
0.005553718
0.005299633
0.004988655
0.004899394
0.005098988
0.005456414
0.005544407
0.005424354
0.005143326
0.00482236
0.00446808
0.004126848
0.00373572
0.003226875
0.002664819
0.00201561
0.001346968
0.0008513229
0.0005713749
7.044019e-05
-0.0005974674
-0.001223266
-0.001821421
-0.002283461
-0.002399022
-0.002474291
-0.002835127
-0.003023473
-0.002877102
-0.00300006
-0.003294106
-0.003489101
-0.003555685
-0.003558864
-0.003721591
-0.004035439
-0.004351555
-0.004441048
-0.004243554
-0.004225408
-0.004254263
-0.004167109
-0.004082166
-0.003980798
-0.003723197
-0.003388879
-0.003041331
-0.00248338
-0.001710821
-0.001225561
-0.0006663306
0.0003969938
0.001602603
0.002733511
0.003800241
0.004605623
0.00489979
0.004952322
0.005174858
0.006049783
0.007301935
0.007898796
0.007732131
0.006812377
0.006050796
0.005537649
0.005156278
0.004895899
0.004673075
0.004066579
0.003253638
0.002674744
0.001984058
0.001062031
0.0003786094
-0.0004107249
-0.001677858
-0.002877186
-0.003716273
-0.004574527
-0.005236875
-0.005610257
-0.006408821
-0.007772443
-0.008869737
-0.009677717
-0.01014694
-0.01014223
-0.009717551
-0.009508279
-0.009379512
-0.009194149
-0.00890699
-0.00844626
-0.007869286
-0.007390088
-0.007120147
-0.006500604
-0.005524987
-0.005007244
-0.004666171
-0.004106401
-0.003678347
-0.003582685
-0.003463667
-0.003456464
-0.003671915
-0.003797803
-0.003738494
-0.003846957
-0.003946989
-0.003829691
-0.003844018
-0.004098003
-0.00412605
-0.003993743
-0.003986358
-0.003936216
-0.003729313
-0.003508234
-0.003203622
-0.002746122
-0.002149797
-0.001332682
-0.0003832133
0.0003925621
0.0005147592
0.0006887516
0.001178164
0.001269344
0.001006952
0.001082263
0.001218054
0.001131057
0.0009621746
0.000817
0.0008564365
0.001135196
0.001577548
0.001688846
0.001572579
0.001722096
0.001862987
0.001800894
0.001813627
0.001878436
0.001779301
0.001581043
0.001433245
0.001302794
0.001021173
0.0004748788
1.674139e-05
-1.761191e-07
-4.160798e-05
-0.0004384957
-0.001244522
-0.001954855
-0.001850812
-0.001202951
-0.0003027778
0.0001041674
0.0001486187
3.048856e-05
-4.004179e-05
-0.0002440762
-0.000749248
-0.001402564
-0.001938275
-0.002460631
-0.002924098
-0.003146325
-0.003228587
-0.003459803
-0.003960608
-0.004778815
-0.005705155
-0.006504477
-0.006912071
-0.007307774
-0.007483738
-0.00720572
-0.007211775
-0.00817275
-0.009652532
-0.01120567
-0.01193934
-0.01219235
-0.01215928
-0.01213137
-0.01226356
-0.01299919
-0.01363343
-0.01371987
-0.01378092
-0.0135806
-0.01291487
-0.01202467
-0.01116085
-0.01054223
-0.009954024
-0.00895077
-0.008090367
-0.007959121
-0.008039439
-0.008111141
-0.00793927
-0.007485163
-0.006757603
-0.005948341
-0.005104129
-0.004502188
-0.003884596
-0.002949459
-0.002044991
-0.001172339
-0.0001945838
0.0006396132
0.0008602779
0.0007233759
0.0003879117
0.0001316885
-0.000165309
-0.0004582982
-0.0008935167
-0.001405283
-0.001503452
-0.001280643
-0.001272278
-0.001323759
-0.001369649
-0.001588794
-0.001810922
-0.001663941
-0.001573983
-0.001687463
-0.001479868
-0.0009339172
-0.0004669333
-0.0001260339
5.620243e-05
0.0001125246
0.0001666131
0.0004442399
0.0006215845
0.0005015839
0.0004159082
0.0004174256
0.0004710735
0.0007153179
0.001093639
0.0009833764
0.0003175973
-0.0004009117
-0.001308858
-0.002480751
-0.003774686
-0.004832579
-0.005006973
-0.004388025
-0.003052978
-0.001949202
-0.001182442
-0.0006143793
-0.0004186144
-0.000558367
-0.0005467843
-0.0001919519
0.000492789
0.001455779
0.002385874
0.002998427
0.00313334
0.003061761
0.002510586
0.001442087
0.0004412887
-0.0001593964
-0.0007489191
-0.001289
-0.001511385
-0.001180653
-0.0001557573
0.0004352242
0.0003501353
-0.0002871511
-0.0004938301
0.0002535951
0.0009296074
0.001523961
0.002072913
0.002420753
0.002555764
0.002978507
0.003307943
0.003037073
0.002690947
0.002529266
0.002222786
0.001750059
0.001298698
0.0004523311
-0.00108979
-0.002584686
-0.003619173
-0.003999863
-0.004198144
-0.004404633
-0.004552691
-0.004581614
-0.00466057
-0.004528916
-0.00386252
-0.002905706
-0.001881999
-0.001431414
-0.0009734104
-0.000168769
0.000545416
0.001054954
0.001489711
0.001749689
0.001758209
0.001655965
0.001097164
-7.043023e-05
-0.001616229
-0.002954659
-0.003913017
-0.004394488
-0.004371702
-0.00371659
-0.00251548
-0.0008799763
0.001062827
0.001934828
0.002099761
0.002175247
0.001882301
0.001205524
0.0009793881
0.001095765
0.001436147
0.002202536
0.003286586
0.003711362
0.003169021
0.001997808
0.0008012323
8.941669e-05
-2.319105e-05
0.0004081445
0.0006559727
0.0007675592
0.0007211228
0.0004072955
-0.000437483
-0.00131926
-0.001164929
0.0004671437
0.001648564
0.002294495
0.002306575
0.002061784
0.001793595
0.001645476
0.001618439
0.00154382
0.001339286
0.0009630979
0.0006697249
0.0004592858
0.0003312298
0.0005101935
0.001117697
0.00161747
0.001935013
0.002129739
0.002141312
0.002053332
0.002268963
0.002813756
0.003098575
0.0029811
0.002557483
0.002335296
0.002343665
0.00216942
0.00153369
0.0003005325
-0.0009610508
-0.002037645
-0.003225703
-0.00450593
-0.005420576
-0.005519526
-0.004840425
-0.004444515
-0.004442316
-0.004864128
-0.005120182
-0.005094485
-0.004878121
-0.004360907
-0.003635825
-0.003244161
-0.003405702
-0.003251033
-0.002804782
-0.002107065
-0.0009370404
0.0007047464
0.001910666
0.002776557
0.003581739
0.004170512
0.00436558
0.004386563
0.004249508
0.003993445
0.003536312
0.002860464
0.002148616
0.00152498
0.001278646
0.001414454
0.001873782
0.002574758
0.003637931
0.004444714
0.005073134
0.005586836
0.005880156
0.005958314
0.006238714
0.006496094
0.006488033
0.006384009
0.00631587
0.006253212
0.005803781
0.004617458
0.003067886
0.001562782
0.0006834177
0.0003562487
0.0004284659
0.0006690227
0.0009158425
0.001008456
0.00102804
0.001130407
0.00139443
0.001837877
0.002144019
0.001911982
0.0008442578
-0.000540417
-0.001674079
-0.002054861
-0.001990441
-0.00265031
-0.003638479
-0.004671528
-0.005696117
-0.006591977
-0.006947756
-0.007015837
-0.006768081
-0.006110611
-0.005082448
-0.004476618
-0.004017255
-0.003575411
-0.003370051
-0.003265521
-0.002748365
-0.00207537
-0.001437633
-0.0007657614
0.0003278106
0.00211114
0.003961787
0.004847525
0.004899371
0.004290518
0.003986915
0.003815939
0.003763427
0.003978477
0.004453822
0.004666256
0.004732749
0.004755546
0.004492462
0.003899965
0.00348781
0.002985534
0.002126633
0.001429332
0.001151328
0.0008423581
0.0006831415
0.0008475513
0.0008789174
0.0005935825
0.000486927
0.0006385225
0.0009162432
0.001210247
0.001370166
0.001270381
0.000937751
0.0006901604
0.0003861384
-9.13898e-05
-0.000598426
-0.0011691
-0.00182756
-0.002307872
-0.002487468
-0.002775982
-0.003167288
-0.00349079
-0.003996787
-0.004772024
-0.005287366
-0.005585985
-0.006051974
-0.006322303
-0.006199938
-0.006215109
-0.006128904
-0.005516881
-0.004407479
-0.004094725
-0.003988882
-0.003545773
-0.002972545
-0.002629463
-0.002443481
-0.002179889
-0.001943094
-0.001696505
-0.001303083
-0.0009434046
-0.0009117369
-0.001055599
-0.001242311
-0.001215727
-0.0008855563
-0.0002533845
0.0002544033
0.0005219767
0.001026677
0.001572218
0.001630634
0.001303727
0.0009819143
0.001509931
0.002810105
0.003689943
0.00394504
0.003708178
0.003823096
0.004205197
0.004283387
0.004197202
0.004125666
0.003841629
0.003230242
0.002786026
0.002394312
0.001980605
0.001784285
0.00190168
0.001895452
0.001926572
0.002136718
0.002291303
0.002469542
0.002958434
0.003755976
0.004443937
0.00432037
0.003144313
0.002445297
0.002204681
0.002291893
0.002589818
0.003005488
0.003240845
0.003358485
0.003433276
0.003499699
0.003440438
0.002966838
0.002172322
0.001623877
0.001113818
0.0005753861
0.0003957437
0.0005801573
0.0006869919
0.0007916292
0.0009691612
0.001020755
0.00094769
0.000833441
0.0005481712
5.806553e-06
-0.0004430479
-0.0007675307
-0.0008902238
-0.0008154906
-0.0006972852
-0.00103343
-0.001722432
-0.002243153
-0.002629919
-0.002857959
-0.002851415
-0.002678461
-0.002699089
-0.00272663
-0.00275362
-0.00310657
-0.003652914
-0.003799627
-0.003747991
-0.003616045
-0.003364893
-0.003017138
-0.002830471
-0.002891353
-0.00318864
-0.003496209
-0.003699705
-0.003698994
-0.003659895
-0.003740376
-0.003651002
-0.003347319
-0.003091767
-0.002916125
-0.002853303
-0.002940037
-0.003252125
-0.003596316
-0.004222285
-0.00517048
-0.005745799
-0.00582394
-0.006035153
-0.006105381
-0.005880773
-0.006020139
-0.006722347
-0.007266122
-0.007154716
-0.006183118
-0.005362629
-0.004841696
-0.004415228
-0.004018518
-0.003686129
-0.003668938
-0.003904471
-0.003739436
-0.00328381
-0.002744687
-0.001972172
-0.001084026
-0.0007038612
-0.0007868614
-0.0007717085
-0.0007768659
-0.0009452223
-0.001226639
-0.001652124
-0.002071943
-0.001838165
-0.0009121189
-0.000888776
-0.00197979
-0.003001239
-0.003717181
-0.004022474
-0.004032549
-0.003866143
-0.004019575
-0.004250918
-0.004374265
-0.004340099
-0.00401597
-0.003379843
-0.002775146
-0.002376652
-0.002017145
-0.001714158
-0.001569591
-0.001586296
-0.001694124
-0.00186446
-0.001965638
-0.001700207
-0.00129014
-0.0009864257
-0.0005336799
0.0001298317
0.0006634804
0.00100846
0.001075017
0.0008645564
0.0003784527
0.0002760305
0.0002511691
-4.279239e-05
-0.0002970208
-0.0003890738
-0.0004921137
-0.0005555791
-0.0005651136
-0.000694362
-0.0008928441
-0.000822349
-0.0006255926
-0.0005130103
-0.0003637666
-8.964108e-05
0.0001896901
0.0004848357
0.0007693963
0.0009564419
0.001059575
0.001323821
0.001532806
0.001420411
0.001444039
0.001748499
0.001709462
0.001497686
0.001607319
0.001683357
0.001550554
0.001596645
0.001650766
0.001383001
0.001167094
0.001235145
0.001266482
0.001190726
0.001011715
0.0009188301
0.001016975
0.001102678
0.0008501194
0.0001755882
0.0001621249
0.001282181
0.001936097
0.002034359
0.002384471
0.002883765
0.003386109
0.004016536
0.004720266
0.005191252
0.005414226
0.005444631
0.005399603
0.0053549
0.005521098
0.005831475
0.006228563
0.00685253
0.007544613
0.007790864
0.007793071
0.008000664
0.008505661
0.009212875
0.009633592
0.009295124
0.00815032
0.00763602
0.007734027
0.007540939
0.007315636
0.007341267
0.007283915
0.007156312
0.007168321
0.007109471
0.00684337
0.0067966
0.006938773
0.006855577
0.006610612
0.006330434
0.005968507
0.005414371
0.004710564
0.004007434
0.003351144
0.002672627
0.002050111
0.001673293
0.001521545
0.001524469
0.00132087
0.0009588581
0.0007114502
0.0004289422
-5.291682e-06
-0.0003700329
-0.0006687786
-0.000978722
-0.001082333
-0.0008193005
-0.0005603372
-0.0002345596
3.908446e-05
0.0001251539
-1.863207e-05
-3.562093e-05
0.0001583843
0.0006351081
0.001254821
0.001909808
0.002402197
0.002551572
0.002300423
0.002068875
0.002045935
0.001936877
0.001727958
0.001573632
0.001322776
0.0009610319
0.000835866
0.000810561
0.0005020761
6.603916e-05
-0.0003954479
-0.0008223276
-0.001045333
-0.0008315414
-0.0004597619
-9.228937e-05
0.0001930806
0.0002610773
2.311023e-05
2.27404e-05
0.0004960717
0.0007384808
0.0004225201
-0.0003111191
-0.0003100696
0.0009459833
0.001826889
0.00216507
0.001987943
0.001886898
0.002173124
0.002523705
0.002955188
0.003536789
0.004371628
0.005413484
0.006116863
0.006197464
0.005838367
0.005379659
0.004906708
0.004404707
0.004157203
0.004449089
0.004610686
0.004386938
0.004520377
0.005208891
0.006021032
0.006242187
0.005548966
0.004967183
0.004419243
0.004029963
0.003858432
0.003905504
0.003857729
0.003678928
0.00331312
0.002958078
0.00279893
0.002810348
0.003164241
0.003774262
0.004313349
0.004636289
0.005000077
0.00520777
0.005025085
0.00463558
0.004176276
0.003805624
0.003447796
0.003091495
0.002814214
0.002653891
0.002506511
0.002522887
0.002786629
0.002977531
0.002880958
0.00268542
0.002450128
0.002261213
0.002194093
0.002215381
0.002080912
0.002115188
0.002652623
0.003257502
0.003587349
0.003623447
0.003443249
0.00281698
0.001332659
3.241999e-05
-0.0008022817
-0.001489746
-0.002295327
-0.003085173
-0.003616597
-0.003698137
-0.003277129
-0.002866639
-0.002592463
-0.002485844
-0.002368128
-0.002232263
-0.002093332
-0.002028985
-0.002011181
-0.001838436
-0.001539341
-0.001355141
-0.001201697
-0.001125339
-0.001366892
-0.001966293
-0.002487444
-0.002711194
-0.002493008
-0.0021827
-0.002175533
-0.002753066
-0.002885778
-0.002060257
-0.001498853
-0.001371016
-0.001268339
-0.00128616
-0.001526087
-0.001586869
-0.001560824
-0.001759747
-0.001838241
-0.001608061
-0.001525155
-0.001547914
-0.001351725
-0.00109708
-0.0009176073
-0.0007420669
-0.0005936094
-0.0005328849
-0.0004977562
-0.000351384
8.291527e-05
0.001140407
0.002508842
0.002941985
0.001717652
0.0005279791
-0.0001687012
-0.0003381846
-0.0003343029
-0.0002663547
-0.000200391
5.786019e-05
0.0004182467
0.0006775542
0.0007771633
0.0008467539
0.0007192729
0.0001783264
-0.0004312209
-0.000977743
-0.001580185
-0.002038716
-0.001981819
-0.001763314
-0.001460841
-0.0009111435
-0.0002875582
-0.0002284482
-0.0003420852
-0.000341283
-0.0002534883
-0.0001359044
2.504416e-05
0.0002120116
0.000530441
0.001130902
0.001770066
0.001925296
0.00217387
0.002761451
0.003030064
0.003079791
0.003404198
0.003849501
0.004189955
0.004290238
0.004125273
0.003959773
0.00403368
0.004323436
0.004236996
0.003869122
0.003559186
0.00297336
0.002101857
0.001784665
0.001580707
0.0009369235
0.0003763637
0.0001383016
-0.0002536565
-0.0007435697
-0.001109648
-0.001324184
-0.001234382
-0.0008476039
-0.0004094369
-0.0003429468
-0.000511961
-0.0008935338
-0.001359658
-0.001828196
-0.002147603
-0.002503387
-0.002869727
-0.003077352
-0.00333029
-0.003713629
-0.003669388
-0.003127754
-0.003094047
-0.003565542
-0.004167614
-0.004320911
-0.003966715
-0.003469997
-0.002836764
-0.00227048
-0.001957268
-0.001789906
-0.001461012
-0.001237381
-0.001320065
-0.001365178
-0.001374361
-0.001499861
-0.001562173
-0.00138826
-0.001298298
-0.001217162
-0.0007991113
1.159464e-05
0.0007853257
0.0006438696
-0.0006093397
-0.001303705
-0.001354124
-0.001008716
-0.0009256662
-0.001156549
-0.001415988
-0.001625557
-0.001702328
-0.001747301
-0.001707324
-0.001556786
-0.001409279
-0.001431276
-0.001415563
-0.001239219
-0.0009588698
-0.0009463097
-0.001503838
-0.002106173
-0.002572405
-0.002844454
-0.003073165
-0.003456051
-0.004175537
-0.005144885
-0.005881187
-0.006468099
-0.006948372
-0.007332707
-0.00759833
-0.007867318
-0.00780778
-0.007346423
-0.007261239
-0.007388824
-0.007352364
-0.007491472
-0.00797013
-0.008244917
-0.008302865
-0.008136639
-0.007630665
-0.006833716
-0.006363302
-0.006130268
-0.005929188
-0.005647278
-0.005184558
-0.004669021
-0.004229872
-0.003963682
-0.00358274
-0.002939259
-0.002255129
-0.001442157
-0.0005312504
0.0001809588
0.0006082587
0.001169125
0.001658742
0.001799839
0.001845298
0.001918358
0.001981867
0.001973161
0.001989427
0.002105819
0.002300079
0.002262291
0.001969532
0.001473004
0.0004601554
-0.0009313206
-0.001350002
-0.001027237
-0.0005496396
-0.0001675271
-8.939831e-05
-0.0002792014
-0.0006711021
-0.001134143
-0.001592322
-0.001929635
-0.002133977
-0.002417033
-0.002965356
-0.003462521
-0.003703111
-0.003862155
-0.003811143
-0.003554977
-0.00354903
-0.003795117
-0.003743865
-0.003534243
-0.003256968
-0.002590899
-0.001758726
-0.002044757
-0.003123623
-0.004252595
-0.005346684
-0.006223916
-0.00667889
-0.006847087
-0.006966836
-0.006932265
-0.006639666
-0.006520245
-0.0063592
-0.00596085
-0.005706992
-0.005562869
-0.005077707
-0.004546698
-0.004311745
-0.003943867
-0.003450058
-0.003320696
-0.003395869
-0.003335897
-0.003180312
-0.002912247
-0.00254631
-0.002262169
-0.00223849
-0.002147971
-0.001843438
-0.001597409
-0.001242484
-0.0005687224
0.00017262
0.0008621537
0.00160219
0.002208791
0.002536314
0.00332596
0.004680816
0.005109761
0.004666977
0.004275535
0.003755636
0.003093312
0.002970115
0.003088576
0.00267751
0.00230693
0.002270842
0.001960107
0.001202828
0.0001838109
-0.0009724995
-0.002008033
-0.002452513
-0.002745596
-0.003258728
-0.003212907
-0.002267156
-0.001635026
-0.001210075
-0.000827261
-0.0006693823
-0.0007020558
-0.0003604618
7.523903e-05
0.0002069188
0.0002475232
0.0002321127
1.016156e-05
-0.0005372241
-0.001223878
-0.002206104
-0.003158123
-0.002999213
-0.002146024
-0.001508779
-0.001192419
-0.001269252
-0.001370679
-0.001393067
-0.001210524
-0.001017623
-0.0007500692
-0.0001241182
0.000713147
0.001139636
0.001518242
0.002158687
0.002883342
0.003422481
0.003504733
0.003499892
0.003627253
0.003804528
0.003932677
0.004102499
0.004771024
0.005797951
0.005761384
0.004917886
0.004984542
0.005454454
0.005798381
0.005956603
0.00600719
0.006056725
0.006073879
0.005963918
0.005713612
0.005471179
0.005475239
0.005409372
0.004988612
0.004359039
0.003565743
0.002789859
0.00194281
0.000982545
0.0001158318
-0.0004039839
-0.0005079467
-0.0005716856
-0.0007406272
-0.0007907655
-0.0006963001
-0.00057728
-0.0001626107
0.0006399359
0.00115543
0.001307828
0.001298821
0.001574776
0.002273927
0.00266529
0.002435744
0.001789409
0.001176059
0.0008370043
0.0006737603
0.000659769
0.0006315951
0.000534421
0.0003441349
0.0001443103
-9.176614e-05
-0.0003569246
-0.0005104294
-0.0004664705
-0.0004035351
-0.0002384115
0.0001215619
0.0004488857
0.0006709966
0.001048022
0.001563229
0.001977754
0.002466697
0.002997194
0.003087533
0.002677072
0.002290991
0.001902089
0.001481696
0.001234772
0.001251738
0.001378964
0.001586733
0.002000671
0.002647278
0.003300313
0.00335925
0.002792076
0.002144168
0.002418665
0.00370549
0.005027197
0.006085515
0.006468267
0.00661508
0.006372662
0.005945473
0.005256756
0.004387052
0.003442659
0.00247072
0.001672059
0.0008362731
-0.0002136826
-0.001203589
-0.001989722
-0.002587104
-0.00290398
-0.002907462
-0.002950331
-0.002707174
-0.001942405
-0.0008609591
0.0002369896
0.0007126863
0.0006502093
0.0006655982
0.0008280805
0.0009988551
0.0009452043
0.0006936237
0.0006292761
0.0009648709
0.001682666
0.001970321
0.001537335
0.000680745
-0.0001821011
-0.00110004
-0.002452056
-0.004126597
-0.00523161
-0.005645438
-0.00508124
-0.003878713
-0.002164292
-0.0005898858
0.0004898385
0.0008897657
0.001316062
0.001734846
0.002300917
0.00252968
0.002187744
0.00216697
0.002496843
0.002763054
0.003194082
0.003774051
0.003596896
0.00259494
0.001648466
0.0007152644
-0.0003538828
-0.001317448
-0.002215732
-0.00299392
-0.00316867
-0.002381803
-0.001509641
-0.000247921
0.001363045
0.002474463
0.00253671
0.002509938
0.002329621
0.002431039
0.002963085
0.003795927
0.004144713
0.004138777
0.004202449
0.004251526
0.003999945
0.003166902
0.001731846
0.0004640599
-0.0004331753
-0.0007042295
-0.0003744536
0.0004245716
0.00118217
0.001510884
0.001242789
0.001035336
0.0008496111
0.0006410312
-0.0001759718
-0.001507625
-0.001521494
-0.0002640614
0.00164283
0.003415371
0.00439557
0.004502488
0.003522716
0.002270756
0.0009297801
-0.0003633353
-0.001213129
-0.001956351
-0.002790987
-0.003137941
-0.002637989
-0.0021693
-0.001632563
-0.001165303
-0.001282624
-0.00214786
-0.002592219
-0.002676819
-0.002387259
-0.001432612
6.593809e-05
0.0003592518
-4.672183e-05
-7.452483e-05
0.0004401885
0.001512092
0.002273586
0.002477397
0.001859904
0.0007841536
-0.0005287896
-0.001563939
-0.002274331
-0.002563381
-0.002705276
-0.00251986
-0.002226823
-0.001902686
-0.001652657
-0.001394357
-0.001341371
-0.001846033
-0.002583245
-0.003052287
-0.003425445
-0.003557091
-0.003167012
-0.002708815
-0.002751165
-0.002759249
-0.002596396
-0.002527811
-0.002382786
-0.002015234
-0.001736007
-0.001513043
-0.00102277
-0.0006031512
-0.0005176238
-0.0001933348
0.0004988563
0.0009654968
0.001341942
0.001686984
0.001618775
0.0009579543
0.0005205217
2.675629e-05
-0.0006509472
-0.0009068497
-0.0005296735
-0.0005613807
-0.0007101588
-0.000606873
-0.0006049472
-0.0008639409
-0.001082223
-0.001070987
-0.0006722234
-9.592374e-05
0.0006399199
0.001120731
0.001357894
0.001427694
0.001421605
0.001363794
0.00152886
0.00165127
0.001397894
0.001007597
0.0005726173
0.0003118401
-6.342494e-05
-0.0008355035
-0.001688554
-0.002462922
-0.002899053
-0.002765874
-0.002134992
-0.001837912
-0.001907087
-0.001963433
-0.002054306
-0.002200275
-0.002296865
-0.002312459
-0.002158692
-0.001546253
-0.0004627692
0.0003002635
0.0005323257
0.0005874833
0.0003374893
-0.0002220728
-0.0007494406
-0.001330223
-0.001973422
-0.002400239
-0.002184341
-0.001391099
-0.0001563798
5.924619e-05
-0.0008200244
-0.002281212
-0.003322361
-0.003825927
-0.004119814
-0.004274127
-0.004449486
-0.004531811
-0.004140767
-0.00316627
-0.001931693
-0.001066143
-0.0007198351
-0.001034578
-0.001384098
-0.001742999
-0.002008514
-0.002199488
-0.002279707
-0.0022243
-0.002026341
-0.001786377
-0.001696763
-0.001877807
-0.002146122
-0.002408768
-0.002556858
-0.002598723
-0.002502976
-0.002255061
-0.001750755
-0.0009468336
-3.373476e-05
0.0008333151
0.001487322
0.001982215
0.002350554
0.002623812
0.002879233
0.003345358
0.003945154
0.004420654
0.00479703
0.004981926
0.004817231
0.004413664
0.004269176
0.004135958
0.003736174
0.003155738
0.002486578
0.002055595
0.002059851
0.002377057
0.002052863
0.001368395
0.001089048
0.0009772898
0.0008543971
0.0007821495
0.0006842712
0.0003554079
6.998324e-05
-6.867189e-05
-0.0003712536
-0.0006881065
-0.0006855026
-0.0005830666
-0.0005352238
-0.0005274818
-0.0006717089
-0.00124009
-0.002471695
-0.004045274
-0.004341611
-0.003263549
-0.002049634
-0.001341311
-0.001195186
-0.0005772292
0.0004126834
0.001295196
0.001964282
0.00232523
0.00242934
0.002336799
0.002387112
0.002528012
0.002732654
0.003018471
0.003342863
0.003552213
0.003680942
0.003739728
0.003593785
0.003418677
0.003734875
0.00454764
0.005356948
0.005361882
0.004477548
0.003557901
0.002793606
0.002686252
0.003219807
0.004357541
0.005271306
0.005486308
0.004735223
0.004351218
0.00450596
0.004740121
0.005089769
0.005374037
0.005050915
0.004118697
0.003827468
0.003784885
0.003252104
0.002093197
0.0004154812
-0.000994344
-0.001715867
-0.001517454
-0.001462196
-0.001796403
-0.002360884
-0.00268976
-0.002440512
-0.001897766
-0.001473205
-0.001901426
-0.002887346
-0.003769783
-0.004233749
-0.00438298
-0.004638667
-0.005189282
-0.006154667
-0.007183034
-0.007779129
-0.007435392
-0.006924636
-0.006709828
-0.006652392
-0.006803446
-0.007136197
-0.007243194
-0.006982644
-0.006952381
-0.007081548
-0.006837976
-0.006169313
-0.005212366
-0.004648502
-0.004633044
-0.004876463
-0.005337201
-0.005717074
-0.00577068
-0.005650398
-0.005810164
-0.006120618
-0.006231898
-0.005738298
-0.004564566
-0.00340811
-0.002645732
-0.002736826
-0.003137746
-0.00365665
-0.004044131
-0.004905403
-0.006238744
-0.006456266
-0.005199049
-0.003610088
-0.001863502
-0.0005959461
-0.0001427209
-0.0007873414
-0.00129214
-0.001520757
-0.00136886
-0.001239902
-0.001358647
-0.001832761
-0.002219446
-0.002017447
-0.001789218
-0.001662864
-0.001707008
-0.001991519
-0.002506016
-0.002757802
-0.002485722
-0.002161382
-0.001433367
-0.0002317369
0.0002631865
-0.0003296127
-0.0002331312
0.0002754684
0.0003438548
-0.0003318539
-0.001843383
-0.003024734
-0.003513855
-0.003033195
-0.002400439
-0.002011506
-0.001674357
-0.001345341
-0.001190902
-0.001035083
-0.0009164711
-0.001160747
-0.00152879
-0.001372542
-0.001243759
-0.001404232
-0.001338532
-0.001175579
-0.001392651
-0.001819246
-0.002363791
-0.002953442
-0.003525636
-0.003829629
-0.003683109
-0.002965666
-0.002287082
-0.001828799
-0.001917077
-0.001879545
-0.001243401
-0.0004743668
0.0002483257
0.0006636492
0.0006464886
0.0001865652
-0.0001929707
-0.0004701456
-0.0006959845
-0.0007977905
-0.0007857696
-0.0009294032
-0.001114126
-0.0009156279
-0.0002406946
0.0006411636
0.001014204
0.0007786832
0.0004372256
0.0002278922
0.0003871641
0.0004608062
0.0004260843
0.0004964505
0.0004678588
0.000151015
-6.167835e-05
2.477036e-05
0.0003086579
0.000751994
0.001027888
0.0006385257
-0.0006439467
-0.00165845
-0.002116775
-0.001878118
-0.001603932
-0.001750967
-0.002833724
-0.003694932
-0.003086216
-0.002431867
-0.002089003
-0.001980534
-0.00191191
-0.001784664
-0.001688402
-0.001775416
-0.001976626
-0.002059833
-0.001826239
-0.001651639
-0.001738874
-0.001810393
-0.00190141
-0.002009848
-0.001843719
-0.001374764
-0.001318562
-0.001851401
-0.002623557
-0.002937019
-0.002180899
-0.0008666863
0.0005247107
0.0006958264
0.0006726177
0.001119918
0.001601759
0.001975469
0.002408577
0.003123842
0.004020948
0.004477867
0.004418176
0.004353964
0.00427411
0.004114546
0.003598836
0.002717202
0.001949383
0.00135916
0.001114401
0.001299526
0.001855069
0.002232033
0.002563057
0.00282345
0.002705156
0.002120901
0.001911787
0.002104667
0.002587274
0.003218824
0.004016603
0.004531335
0.004828474
0.004941217
0.004550597
0.003607415
0.002941443
0.002323494
0.001507359
0.0008076865
0.0003182704
-0.000305328
-0.0009515624
-0.001341487
-0.001464384
-0.001148088
-0.0007747319
-0.0004949161
-0.0004978309
-0.0004707178
-0.0003810733
-0.0005607837
-0.000895482
-0.001077365
-0.001173043
-0.001158777
-0.001028205
-0.0009692911
-0.001172571
-0.001225007
-0.0008609648
-0.0004148703
-8.203811e-05
-0.0001760992
-0.0004572095
-0.0006336592
-0.0004674143
-0.0001812238
-0.0002381718
-0.0003071454
-9.447956e-05
0.0003323689
0.0007020659
0.0006328759
0.0004437294
0.0004495607
0.0007320299
0.001235327
0.001637003
0.002009389
0.0023451
0.002594622
0.002579302
0.002232007
0.001698573
0.001315993
0.001044601
0.0009542465
0.001141498
0.001514923
0.001758135
0.001790524
0.00159979
0.001292548
0.0008529134
0.0004171426
0.0001025079
0.0001205606
0.00055849
0.0009948569
0.0008603685
0.000616951
0.000465144
0.0005340836
0.0009028573
0.001444891
0.001555547
0.001210688
0.0008949954
0.0005226065
0.0001578903
7.608734e-05
0.0003918187
0.0009092596
0.00157946
0.002071627
0.002102057
0.001684815
0.001258949
0.0007682764
0.0003116179
5.158461e-05
2.731083e-05
0.0001737962
0.0006656576
0.001386118
0.001714918
0.001772372
0.002102355
0.00238029
0.002302116
0.002314722
0.00236785
0.002074766
0.001563947
0.001157715
0.0008255303
0.0004715273
1.128817e-05
-0.0004563077
-0.0007665391
-0.0008300317
-0.0007754652
-0.0009704231
-0.001286018
-0.001497891
-0.001605074
-0.001561588
-0.001447789
-0.001555627
-0.002184534
-0.002864483
-0.003601769
-0.00429291
-0.00431142
-0.003268015
-0.002494949
-0.002154252
-0.001911976
-0.001953773
-0.002297044
-0.002302496
-0.001928804
-0.00154163
-0.0009849881
-0.0002569199
0.0002598287
0.0004505715
0.0005882479
0.0004498735
-7.041219e-05
-0.0005381671
-0.001020645
-0.001574769
-0.001539189
-0.0003867278
0.0009842493
0.001838746
0.002004844
0.001570519
0.0008831825
0.0002404228
-0.0003241638
-0.0004641265
6.836245e-05
0.001092464
0.001732008
0.001624943
0.001044981
0.0002215937
-0.0002050445
0.0001058763
0.001347207
0.002413973
0.003448911
0.004365104
0.004698612
0.004327097
0.004386333
0.004768194
0.005100821
0.005071062
0.004597139
0.004394269
0.004277366
0.003899769
0.003158234
0.002355246
0.002364561
0.003050385
0.003869348
0.004439435
0.004468146
0.004293868
0.003832933
0.003485767
0.003405414
0.003593156
0.003572358
0.003461918
0.003351404
0.002969596
0.002271801
0.001966052
0.002096889
0.002420427
0.002869938
0.003264241
0.003144516
0.00264187
0.002359795
0.002066368
0.001627599
0.001401709
0.001598812
0.002150333
0.002760995
0.003317301
0.003818
0.004052086
0.003736516
0.003006836
0.002093494
0.001751865
0.002126601
0.002677585
0.003196436
0.003626404
0.003896263
0.004076837
0.004351956
0.004463335
0.004176554
0.003743737
0.003006984
0.002025703
0.001436117
0.001972976
0.002826556
0.003878315
0.004866629
0.005588903
0.005661696
0.005302241
0.00430516
0.00341303
0.002856324
0.002799244
0.002786663
0.00306173
0.003939491
0.004823066
0.004781837
0.004104546
0.002846111
0.002056234
0.001698521
0.001486252
0.000993838
0.0002998787
-0.0001060308
-0.0002234937
-9.333293e-05
0.0001146312
0.0002904335
0.0001070682
-0.0002571486
-0.0005814229
-0.0009258719
-0.001365128
-0.001691013
-0.00193892
-0.002072068
-0.001862254
-0.001193902
-0.0007415701
-0.0003493771
0.0002724655
0.001203351
0.002240704
0.002601144
0.002085975
0.001295409
0.0009076637
0.001113544
0.001053207
0.0008911306
0.0009076527
0.0008270542
0.000586726
0.000635845
0.0008185843
0.000492847
-0.000141442
-0.001016695
-0.00199654
-0.002619273
-0.002244981
-0.001556718
-0.000994326
-0.0006178017
-0.0003852114
-9.595513e-05
0.0005092745
0.001471504
0.002160439
0.002663623
0.003484674
0.004487146
0.005324713
0.005826343
0.005679177
0.005049949
0.004071232
0.003050142
0.001902048
0.000559604
-0.0007761278
-0.002122138
-0.003298303
-0.00387557
-0.003335107
-0.002399866
-0.001255998
-0.0004797265
-0.0003934742
-0.001114094
-0.001618138
-0.00206836
-0.002592094
-0.00303247
-0.003358541
-0.003773755
-0.004097592
-0.004074772
-0.003919502
-0.003792885
-0.003898598
-0.004275476
-0.00485189
-0.005121168
-0.004727317
-0.004041917
-0.002923532
-0.00174993
-0.0007692844
8.826214e-05
0.001304881
0.002989972
0.004718311
0.00638491
0.007628112
0.008211588
0.007853347
0.00762278
0.007364152
0.006971947
0.006470622
0.005920877
0.005376284
0.004607167
0.003220943
0.001132791
-0.001445101
-0.003244264
-0.004381312
-0.005039574
-0.005217374
-0.004860536
-0.004469368
-0.003497944
-0.001572505
0.0002213765
0.001612266
0.002571452
0.002935912
0.002917355
0.003463327
0.005043562
0.006307256
0.006843337
0.006302905
0.004971788
0.003132859
0.001737449
0.0001684809
-0.0020127
-0.004105815
-0.005747636
-0.007336519
-0.008823001
-0.009835952
-0.01003929
-0.009081785
-0.007560629
-0.005768338
-0.003836357
-0.002149061
-0.0009281922
0.0001525021
0.001317373
0.002782824
0.003978243
0.004419828
0.004335521
0.00349308
0.00245531
0.001647563
0.001010818
-0.0001653032
-0.001852636
-0.003607324
-0.004968984
-0.005487564
-0.005521802
-0.005304968
-0.005145816
-0.0046349
-0.003516962
-0.002467827
-0.001133455
0.0005927572
0.001658776
0.00160541
0.001903387
0.002502605
0.003225922
0.003972228
0.004403642
0.004002002
0.002412793
0.0003304987
-0.001712209
-0.003242804
-0.004117459
-0.004740746
-0.005563999
-0.006124998
-0.005987983
-0.005331856
-0.004141019
-0.002700703
-0.00155268
-0.00100688
-0.0005736866
-0.0003291246
-0.0001024687
9.612299e-05
0.0001585368
0.0001195779
5.104315e-05
0.0001826689
0.0003266334
0.0003244695
0.0001343143
-7.308783e-05
-5.016752e-05
-0.00013857
-0.0007271353
-0.001667098
-0.002865246
-0.003596542
-0.003723168
-0.003168415
-0.002561795
-0.001611434
-0.0006285741
-1.072728e-05
0.0001506639
0.0005138514
0.0007474919
0.0005176156
0.0002017782
9.571381e-06
-0.0001413901
-0.0002445074
-0.0002004777
1.650594e-05
0.0005934915
0.00148302
0.002170797
0.001689672
0.0005005575
-0.0004848912
-0.001207523
-0.001771569
-0.002161183
-0.002309358
-0.002151467
-0.001982692
-0.001729974
-0.001474431
-0.0011769
-0.0006676307
8.85566e-05
0.001000687
0.001535775
0.001635028
0.001143406
0.0003684954
-0.0006583708
-0.001493803
-0.001905123
-0.00175159
-0.001564278
-0.001078722
-0.0005178458
-0.0004347053
-0.001000273
-0.001303167
-0.001564637
-0.002035958
-0.002488995
-0.002727693
-0.002703089
-0.002123808
-0.001058258
-1.171467e-05
0.0007417108
0.001266893
0.001361133
0.001017062
0.0005463479
8.910207e-05
-0.0002853304
-0.0004742222
-0.0004048689
-0.000234477
9.426742e-06
0.0003128938
0.0005784407
0.0006071796
0.0005461755
0.0004555226
0.0003188045
0.0001580486
5.51404e-05
-0.0001205984
-0.0004242225
-0.0006401015
-0.0007264737
-0.0008395849
-0.001016489
-0.001007823
-0.0007136962
-0.0004958398
-0.0002721923
4.659682e-05
0.0003894025
0.0007407768
0.001097381
0.001317521
0.001188987
0.0008294007
0.0003418405
2.752231e-05
-7.398523e-05
-2.076595e-05
-0.0001970047
-0.0006595794
-0.0007265483
-0.0003463886
9.763312e-05
0.0004086163
0.0004139076
0.0001165759
-0.0006028913
-0.001345871
-0.001770036
-0.001578445
-0.001027265
-0.0001834791
0.0002447686
0.0003880294
0.0003421859
0.0001946436
-0.0001013361
-0.0001989431
4.115733e-05
0.0005367604
0.0006922163
0.0003616836
-5.032013e-05
-0.0001947713
0.0001593639
0.0006917936
0.001329692
0.001799625
0.002039748
0.001929741
0.001650029
0.001239163
0.0009195506
0.0006501465
0.0004054877
0.0002016455
0.0001450605
0.0002755344
0.0004115029
0.0004203342
0.0002896766
-2.757633e-05
-0.000459259
-0.0008911915
-0.001273572
-0.001600904
-0.001812652
-0.001850934
-0.001718861
-0.00134261
-0.0008344267
-0.00021225
0.0003296866
0.0007171289
0.0008728491
0.0009383222
0.0009521765
0.001023351
0.001083464
0.001060581
0.0009478599
0.0006952659
0.0003229373
-0.0001094461
-0.0004653381
-0.000768292
-0.001101958
-0.00152495
-0.001882962
-0.001953886
-0.00176604
-0.0013558
-0.001011428
-0.0007664459
-0.000695403
-0.0007001942
-0.0007764459
-0.0008449231
-0.0008441521
-0.0007178119
-0.0006141589
-0.0006037181
-0.0007062348
-0.0008829256
-0.001047811
-0.001186403
-0.001300975
-0.001380384
-0.001417934
-0.001405133
-0.001303574
-0.001103238
-0.0009519583
-0.001009233
-0.001310148
-0.001430121
-0.001350948
-0.001326857
-0.001344573
-0.001367968
-0.001363357
-0.001284513
-0.00111557
-0.0009694044
-0.0009747302
-0.00102888
-0.001142043
-0.001329611
-0.001525609
-0.001614088
-0.001643638
-0.001605681
-0.001524493
-0.001506226
-0.001603414
-0.001693325
-0.001767257
-0.001802476
-0.001626748
-0.001186452
-0.0008949342
-0.0007674481
-0.0006007114
-0.0004640288
-0.0004230694
-0.0004017266
-0.0004221678
-0.0005117156
-0.0005797022
-0.0005350353
-0.0004915277
-0.0004761157
-0.0004572307
-0.0004306603
-0.0003587485
-0.000198326
3.131738e-05
0.0001960682
0.0003182731
0.0003966601
0.0004012304
0.0003425275
0.0003235998
0.0002963905
0.0002425008
0.0002376848
0.0002780996
0.0002885972
0.0003008731
0.0003455188
0.000392682
0.0004503188
0.0005294364
0.0005927731
0.0005947498
0.0005745049
0.0005356924
0.0004976134
0.0004968413
0.0005689659
0.0006521854
0.0007449052
0.0008296722
0.0008412293
0.0007308133
0.0006141049
0.0005022491
0.0004020046
0.0003595154
0.0004008157
0.0004223688
0.0004254218
0.0004549612
0.0004893826
0.0005129928
0.0005317684
0.0005413416
0.0005314654
0.0005211356
0.0005254089
0.000519529
0.0005079221
0.0005184682
0.0005248614
0.0004980437
0.0004573802
0.0003987118
0.0003243782
0.0002696855
0.0002550522
0.000252284
0.0002620866
0.0002742183
0.0002482736
0.0001845176
0.0001786004
0.0002347873
0.0002742746
0.0002902226
0.0002821914
0.0002618891
0.0002330597
0.0002186667
0.0002155649
0.0002220852
0.0002266299
0.0002352971
0.0002509425
0.0002573117
0.0002439103
0.0002295909
0.0002170266
0.0002066262
0.0001987341
0.0001907493
0.0001736126
0.0001501319
0.0001367908
0.0001381841
0.0001590624
0.0001863466
0.0002086423
0.0001983145
0.0001744232
0.0001445845
0.0001075626
6.724158e-05
4.321477e-05
3.973537e-05
6.256045e-05
9.913031e-05
0.000152508
0.0001934485
0.0002144705
0.0002176581
0.0002219011
0.000220748
0.0002117892
0.0001915716
0.0001561219
0.0001266904
0.0001084656
0.0001043539
0.000112023
0.0001294718
0.000134342
0.000127888
0.0001134118
9.589225e-05
8.104402e-05
8.137287e-05
9.414339e-05
0.0001078532
0.0001289068
0.0001594736
0.0001780221
0.0001853043
0.0001846343
0.0001718225
0.0001452369
0.0001260706
0.0001115885
0.0001029579
0.0001023077
0.0001101945
0.00011587
0.0001237092
0.0001337419
0.0001424325
0.0001470043
0.0001469359
0.00014082
0.000132627
0.0001249294
0.0001185711
0.0001140411
0.0001134875
0.0001173148
0.0001216464
0.0001241524
0.0001242277
0.0001209741
0.0001153338
0.0001101563
0.0001071407
0.0001056218
0.0001051458
0.0001038699
0.0001020446
0.0001012042
0.0001035506
0.0001083679
0.0001103588
0.0001066316
9.71872e-05
9.080196e-05
8.769195e-05
8.799507e-05
8.904715e-05
8.956646e-05
8.98786e-05
9.039417e-05
9.036213e-05
8.913216e-05
8.693033e-05
8.492776e-05
8.253549e-05
7.913514e-05
7.541214e-05
7.151763e-05
6.803384e-05
6.503243e-05
6.294271e-05
6.107382e-05
5.930862e-05
5.763652e-05
5.606021e-05
5.419423e-05
5.280691e-05
5.185904e-05
4.998234e-05
4.71083e-05
4.434787e-05
4.277069e-05
4.240207e-05
4.079282e-05
3.837661e-05
3.603159e-05
3.387521e-05
3.16708e-05
2.915784e-05
2.63365e-05
2.364147e-05
2.11781e-05
1.897133e-05
1.680667e-05
1.479678e-05
1.299554e-05
1.130776e-05
9.576171e-06
7.591735e-06
5.358325e-06
3.161066e-06
1.078352e-06
-9.235518e-07
-3.090512e-06
-5.350771e-06
-7.521788e-06
-9.646237e-06
-1.178096e-05
-1.38605e-05
-1.589703e-05
-1.79143e-05
-1.99257e-05
-2.192102e-05
-2.395494e-05
-2.600983e-05
-2.806954e-05
-3.012427e-05
-3.2189e-05
-3.424594e-05
-3.629482e-05
-3.832291e-05
-4.035212e-05
-4.238126e-05
-4.443607e-05
-4.650575e-05
-4.859084e-05
-5.068733e-05
-5.279559e-05
-5.489399e-05
-5.699001e-05
-5.908356e-05
-6.117475e-05
-6.325808e-05
-6.534088e-05
-6.741971e-05
-6.949474e-05
-7.15658e-05
-7.363584e-05
-7.570212e-05
-7.776732e-05
-7.983161e-05
-8.189602e-05
-8.395925e-05
-8.602225e-05
-8.808402e-05
-9.014497e-05
-9.220459e-05
-9.426324e-05
-9.632059e-05
-9.837676e-05
-0.0001004316
-0.000102485
-0.0001045371
-0.0001065878
