-0.0002279093
-0.0002233338
-0.0002273712
-0.0002228701
-0.0002272771
-0.0002232426
-0.0002278852
-0.0002237006
-0.0002283747
-0.0002251774
-0.00023021
-0.0002242672
-0.0002271453
-0.0002236481
-0.0002300424
-0.0002266135
-0.0002275982
-0.0002180986
-0.0002214233
-0.0002242708
-0.0002418381
-0.0002428439
-0.0002475765
-0.0002394666
-0.0002385006
-0.0002331574
-0.0002503111
-0.0002594674
-0.000258044
-0.0002356774
-0.0002148032
-0.0002018226
-0.0002285882
-0.0002658152
-0.0002860751
-0.0002447817
-0.0002193395
-0.0001998657
-0.0002242712
-0.0002763649
-0.0003335897
-0.0003084261
-0.0002195695
-0.0001486079
-0.0001378805
-0.000188172
-0.0002542477
-0.0002631256
-0.0002383061
-0.0002024678
-0.0002267628
-0.0002738085
-0.0003363114
-0.0003422415
-0.0003204824
-0.0002999726
-0.0003038145
-0.0002843084
-0.0002044138
-6.558871e-05
-1.096356e-05
-5.426313e-05
-0.0002036913
-0.0003252768
-0.000361861
-0.0003659527
-0.0003798424
-0.0003958883
-0.0004054702
-0.0003779203
-0.0003576564
-0.0003106239
-0.0002394397
-0.0001256364
-2.087022e-05
1.677156e-08
-0.0001481777
-0.000374378
-0.0005498075
-0.0004616223
-0.0003034958
-0.0001728743
-0.0002277036
-0.0003273355
-0.0003440278
-0.000339972
-0.0004014495
-0.0005092707
-0.0005686367
-0.0004571478
-0.0003277605
-0.0002324404
-0.0001362561
-6.414969e-05
-0.0001274902
-0.0002615796
-0.0003138902
-0.0001746063
2.29441e-05
-2.579844e-05
-0.000260011
-0.0005185839
-0.0007862089
-0.0009308016
-0.0007276714
-0.0002514663
0.0001121466
0.0001047075
-0.000438794
-0.0008539664
-0.0009523644
-0.0004415
0.000145907
0.0003419496
2.404655e-05
-0.000706894
-0.001104034
-0.0007600226
0.0002837992
0.0007004275
0.0005343308
0.0001369647
-0.0004368382
-0.0007959403
-0.0008710177
-0.0007397763
-0.0008111864
-0.001022582
-0.001183233
-0.0007880698
-2.380317e-05
0.0002558079
0.0001350035
-0.0002045108
-0.0007604276
-0.001300701
-0.001269496
-0.0007372477
-0.0001319915
0.0001066392
-0.0003212645
-0.0007180441
-0.0009925168
-0.0008010355
-0.0005136574
-0.0004283435
-0.000710492
-0.001565702
-0.002617134
-0.002630905
-0.001019129
0.0003060948
0.001138015
0.0009518293
1.341204e-05
-0.0006346457
-0.0003649688
0.0007645634
0.001647126
0.001774369
0.000496443
-0.001114387
-0.002051416
-0.001709843
-0.0008354987
-0.0004893518
-0.0007411334
-0.001499072
-0.001973218
-0.001597718
-0.0002550625
0.0003535358
-0.0003486253
-0.001326538
-0.00204419
-0.001264335
2.363377e-05
0.0008784908
0.0005528333
-0.0008302542
-0.00205924
-0.002486703
-0.001672971
-0.0004595578
0.001008156
0.001355439
0.0003722371
-0.001482365
-0.002855731
-0.002700167
-0.0007219034
0.001029821
0.001116306
0.0003172738
-0.001086506
-0.001068473
-0.0003535915
-4.719066e-05
-0.0005956172
-0.001683592
-0.001838375
-0.001104258
-0.000133153
3.240176e-05
-0.001231748
-0.002404834
-0.002556218
-0.001117814
0.0005099279
0.001363355
0.001210483
-0.0002095306
-0.001386988
-0.002491773
-0.002947578
-0.001564169
0.001159682
0.002060332
0.0006308786
-0.001485485
-0.002573807
-0.002695168
-0.002234707
-0.002357262
-0.002944571
-0.003362727
-0.002541964
0.0002082317
0.002840921
0.004172248
0.002818498
0.000371216
-0.002037852
-0.003138737
-0.00259809
-0.000509669
0.0007841219
0.0006646878
-0.0006104223
-0.002793837
-0.003916451
-0.004731688
-0.005833602
-0.006893575
-0.006164993
-0.002669793
0.0004821399
0.002259741
0.002078651
-0.0002332622
-0.001985119
-0.001742438
0.001163524
0.00389177
0.005721308
0.004313089
-0.0001660995
-0.005165521
-0.00760174
-0.006373327
-0.002434928
-3.393838e-05
-0.0003362089
-0.00272079
-0.006100513
-0.005721603
-0.002975152
0.0008116201
0.002629701
0.001729566
-0.00247183
-0.008003419
-0.0103183
-0.009086939
-0.005726634
-0.002144158
0.0003813023
0.000871236
0.0006331445
-0.0006770251
-0.001877565
-0.003535267
-0.005957229
-0.008375628
-0.008745044
-0.005047939
-0.0006505179
0.002068577
0.002543517
8.901202e-05
-0.003957455
-0.007159504
-0.006545639
-0.005683411
-0.004917963
-0.0050426
-0.005585133
-0.005470813
-0.003905102
-0.0008193086
0.00132827
0.0007523144
-0.003970717
-0.008825747
-0.01325568
-0.01599308
-0.01518834
-0.009717735
-0.005649143
-0.003101132
-0.002288988
-0.001524414
-0.0005846097
-0.001019435
-0.003898006
-0.006863375
-0.008684686
-0.008101065
-0.006430103
-0.003947328
-0.002314259
-0.002899158
-0.006949675
-0.0117729
-0.01619801
-0.01753504
-0.01410974
-0.005511935
0.0007029111
0.004416739
0.004480655
0.001760066
-0.0008740062
-0.003642566
-0.006293792
-0.00894742
-0.01171459
-0.01394256
-0.01351942
-0.01064937
-0.009142502
-0.009528322
-0.01111501
-0.01066065
-0.007335308
-0.003127068
-0.0002181191
-0.001561576
-0.005143998
-0.00924123
-0.01093516
-0.01116134
-0.01108739
-0.01146824
-0.01139057
-0.009821543
-0.007506023
-0.005255868
-0.002162333
0.001690837
0.003295417
0.00216065
0.0003129876
-0.0006388867
0.0005531755
0.00335274
0.006805705
0.008222412
0.008277441
0.008342066
0.009201791
0.00924215
0.005635895
-0.0002423566
-0.005198503
-0.007686621
-0.006568654
-0.001019562
0.005046855
0.007615982
0.005118154
0.001091253
-0.002926534
-0.006362494
-0.008213837
-0.007452259
-0.006826499
-0.008314923
-0.01123823
-0.01325551
-0.01322254
-0.01516407
-0.01974993
-0.02235877
-0.02363967
-0.02349201
-0.02084454
-0.01483224
-0.008087822
-0.002190805
-1.389141e-05
-0.0003102
-0.002564186
-0.004272715
-0.004139996
-0.001853497
-0.0008397994
-0.00239631
-0.002800254
-0.001627169
-0.0008149048
-0.001120504
-0.003046038
-0.00586036
-0.009561255
-0.01294393
-0.01526612
-0.01571735
-0.01557717
-0.01598964
-0.01855207
-0.02193565
-0.02495208
-0.02534115
-0.02235236
-0.01598817
-0.011224
-0.007421398
-0.0047133
-0.002980196
-0.0009987967
0.001814904
0.005559619
0.007731705
0.006960588
0.004668941
0.001931162
0.0007875503
0.001433816
0.004450533
0.009258051
0.01510286
0.01967642
0.02271862
0.0232965
0.0220448
0.01868183
0.0175402
0.01861606
0.02149765
0.02563415
0.03046547
0.03322731
0.03353963
0.03165093
0.02912201
0.0273193
0.02670871
0.02743202
0.02928442
0.03132302
0.03439696
0.0385216
0.04286929
0.04486961
0.04416421
0.04156859
0.03845612
0.03547386
0.03419557
0.03389458
0.0336195
0.03180908
0.02809629
0.02299884
0.01647635
0.006930448
-0.006982005
-0.021614
-0.03280764
-0.03622948
-0.03034668
-0.01269881
0.00935713
0.02733354
0.03672228
0.03994021
0.04106223
0.04532962
0.04958129
0.05031689
0.04667148
0.04093515
0.0342708
0.02836472
0.02341111
0.02098412
0.02210041
0.02180106
0.02116295
0.02070714
0.02098999
0.02264209
0.02523282
0.02810457
0.02868345
0.0264518
0.02198418
0.01776155
0.01501777
0.01548716
0.01954488
0.02756083
0.03554169
0.04542109
0.0538283
0.05904982
0.0645251
0.06736929
0.06760592
0.06455355
0.06244687
0.06047898
0.05764956
0.05373306
0.04910736
0.04421067
0.03593316
0.02212824
0.008227941
-0.003190915
-0.01197619
-0.01664195
-0.01909771
-0.02057908
-0.0229532
-0.02412625
-0.02242844
-0.01913022
-0.01593768
-0.01610419
-0.01971098
-0.02305301
-0.02249474
-0.01417712
-0.001492685
0.009907498
0.01438817
0.01064893
0.007698325
0.006862736
0.009187284
0.01443672
0.01869198
0.02203577
0.02384351
0.02557728
0.02781767
0.02946131
0.02856553
0.02342999
0.01484573
0.003422622
-0.006310128
-0.0149836
-0.02344003
-0.03273805
-0.04350048
-0.05498939
-0.06456883
-0.06805356
-0.0619552
-0.05141688
-0.03983201
-0.02527103
-0.01233408
-0.003011814
0.005923743
0.01279087
0.01788292
0.02033592
0.01902322
0.01456825
0.008225419
0.001758841
-0.0002554759
-0.000361017
-0.0008408032
-0.005952136
-0.01635012
-0.03209314
-0.05038692
-0.06679358
-0.07821911
-0.08682419
-0.09282846
-0.09788989
-0.09924778
-0.09657883
-0.09175026
-0.08570494
-0.0757044
-0.06216254
-0.04983901
-0.03604032
-0.02044715
-0.008576523
0.0004095154
0.002908896
0.00243159
0.001181128
0.0002024873
0.003134446
0.0144674
0.03301065
0.05196246
0.06432087
0.07016366
0.07277752
0.07249853
0.06613417
0.05734813
0.04738177
0.03792511
0.03109901
0.0255959
0.02669235
0.03792582
0.05566056
0.0717813
0.08066444
0.08306213
0.08283386
0.07664333
0.06744771
0.05600565
0.04549012
0.03539664
0.02598277
0.01707248
0.007467702
-0.001169461
-0.007852963
-0.01292148
-0.01878239
-0.02277984
-0.02135269
-0.01397676
-0.0001874784
0.01364679
0.02968336
0.04745462
0.0595555
0.0664819
0.06814959
0.07020775
0.07237523
0.07211187
0.06891431
0.0619499
0.04922573
0.03240485
0.01336961
-0.003828424
-0.0199188
-0.03499836
-0.04845161
-0.05759926
-0.06255637
-0.06149213
-0.05933624
-0.05565925
-0.05109763
-0.0459666
-0.04018907
-0.03119835
-0.01414735
0.008286294
0.02403767
0.02800584
0.0214632
0.008536835
-0.008529117
-0.03072295
-0.04975263
-0.06232777
-0.07168449
-0.07857867
-0.08328157
-0.08545257
-0.08542184
-0.08266185
-0.08071568
-0.07965175
-0.07862598
-0.07494261
-0.0625847
-0.0400854
-0.01415719
0.003397596
0.007516695
0.001295779
-0.01322214
-0.03453463
-0.05568936
-0.07293961
-0.08552869
-0.09781794
-0.1076374
-0.1122572
-0.1116113
-0.1021624
-0.08492644
-0.06581126
-0.05239081
-0.04393023
-0.04249274
-0.04190377
-0.04003782
-0.03829279
-0.03758885
-0.039503
-0.04740483
-0.06347149
-0.07852875
-0.08815327
-0.0942584
-0.09909397
-0.1033837
-0.1062943
-0.1092769
-0.1092223
-0.1011994
-0.08454531
-0.06008939
-0.0354279
-0.01298007
0.007247142
0.02083679
0.02897066
0.03290373
0.03569833
0.03856894
0.03913134
0.03717413
0.0323787
0.02385189
0.01586088
0.01291522
0.0200575
0.03099606
0.04270291
0.05488085
0.06853094
0.08152104
0.08923843
0.09038477
0.08554453
0.07722937
0.06405045
0.04147864
0.008791689
-0.02822909
-0.06384887
-0.1071189
-0.1329295
-0.1446972
-0.1502529
-0.1399842
-0.1166069
-0.09040732
-0.06314021
-0.02627684
0.02156489
0.06117853
0.08677008
0.09497615
0.1077695
0.1261556
0.1425161
0.150503
0.1435055
0.1249561
0.09862332
0.06763421
0.03090781
-0.01680637
-0.05188937
-0.06410829
-0.05498658
-0.04215546
-0.02628742
-0.01153669
0.001515121
0.008242787
0.008560278
0.001788627
-0.01341969
-0.03094506
-0.04513924
-0.05209357
-0.05636815
-0.0590529
-0.05959706
-0.05868012
-0.05075236
-0.03132066
0.001299203
0.03579338
0.0570136
0.06566339
0.07144969
0.07534342
0.07569046
0.07225581
0.06769265
0.06471429
0.06460902
0.06427145
0.06313873
0.06051157
0.05578015
0.04869455
0.04171294
0.03553574
0.0297
0.02419654
0.02096261
0.02243717
0.02566494
0.03060022
0.03547214
0.03903395
0.03897689
0.03488667
0.02410861
0.01280435
0.001342636
-0.01131154
-0.0245958
-0.03468959
-0.03823028
-0.03793671
-0.03163014
-0.02458444
-0.01343177
0.005944998
0.03280775
0.05952443
0.08135613
0.09400671
0.0989505
0.09880065
0.09174865
0.07585262
0.05303463
0.02972985
0.01254092
-0.0008439565
-0.01410986
-0.03089409
-0.04859439
-0.06248242
-0.06578983
-0.05333627
-0.03415892
-0.02117984
-0.01830664
-0.02609288
-0.03537799
-0.0412311
-0.04324646
-0.03749839
-0.02733595
-0.01714377
-0.009680458
-0.00883326
-0.01544346
-0.02219565
-0.0255898
-0.02680133
-0.02391272
-0.01576631
-0.003485736
0.008123999
0.02029191
0.02999856
0.03458947
0.03555359
0.03471799
0.03449014
0.03563004
0.03890113
0.04095669
0.0415428
0.03977307
0.03617906
0.03126322
0.02727648
0.02217462
0.01319327
0.003054636
-0.006087577
-0.01254435
-0.01600804
-0.01233716
-0.001817073
0.01283775
0.02535259
0.03369233
0.03558183
0.0310294
0.01877907
0.0007424302
-0.01403814
-0.0205305
-0.0179161
-0.01124274
-0.000480994
0.01202753
0.01914348
0.0188259
0.0152014
0.01115995
0.004848737
0.001111669
-0.001881691
-0.00577275
-0.01140146
-0.01782674
-0.02420288
-0.02989827
-0.03243509
-0.02999519
-0.02646504
-0.02165045
-0.01591429
-0.009390896
-0.001062964
0.01005054
0.02549401
0.04040207
0.05234414
0.05916975
0.06121415
0.06138663
0.06036587
0.05497182
0.04756371
0.04018988
0.03580757
0.03294687
0.03092733
0.02811899
0.02209906
0.01047936
-0.005191345
-0.01908858
-0.02922426
-0.03349379
-0.03170902
-0.02590392
-0.01351125
0.006410471
0.02272895
0.0348436
0.0422338
0.04410847
0.04376445
0.04374045
0.04156745
0.03856105
0.03512525
0.0312867
0.0280545
0.0260767
0.0258769
0.02611984
0.02702732
0.02843349
0.03086143
0.03430353
0.03836866
0.04295157
0.04623669
0.04737904
0.04699208
0.04274794
0.03464632
0.02302875
0.01037885
0.001203198
-0.007090528
-0.01566918
-0.02515741
-0.037668
-0.0517047
-0.06433578
-0.0746941
-0.082773
-0.08789879
-0.08905792
-0.08585935
-0.07669359
-0.06558545
-0.05557508
-0.05271661
-0.05571565
-0.05972209
-0.06162057
-0.05878783
-0.04823107
-0.03611311
-0.02361509
-0.01330617
-0.004024901
0.004136312
0.01094194
0.0174351
0.0214002
0.02275038
0.02145435
0.01851252
0.01420734
0.009426289
0.005624454
0.003628467
0.003945629
0.00390123
0.003336172
0.001805335
-0.0008856354
-0.005868402
-0.01205112
-0.019628
-0.02682456
-0.02735617
-0.02070466
-0.01231478
-0.003666837
0.004918957
0.007008076
0.0007080623
-0.006587123
-0.01364407
-0.02101434
-0.02805367
-0.03393831
-0.04235331
-0.05402663
-0.06087846
-0.06564753
-0.06730449
-0.06234868
-0.05103286
-0.03474506
-0.01794759
-0.004606395
0.00238199
0.002414192
0.0005708595
0.001018676
0.002903605
0.00895255
0.01891911
0.03265857
0.04499315
0.05230046
0.05315758
0.05089537
0.0457148
0.03451596
0.01839969
-0.000422929
-0.01711524
-0.03002461
-0.03958086
-0.0429548
-0.04562432
-0.04790033
-0.04863332
-0.04829245
-0.04588626
-0.04060488
-0.03149639
-0.01674254
0.005719379
0.03076915
0.05375552
0.07296772
0.0874455
0.09822606
0.1045563
0.1027562
0.0940121
0.07939744
0.05782224
0.03875167
0.01981761
0.001823652
-0.01408266
-0.02368934
-0.02298985
-0.01568801
-0.007371072
-0.002035482
-0.001471915
-0.003325066
-0.003833302
-0.002750649
0.002134874
0.00782485
0.01287263
0.01399146
0.01082257
0.002597136
-0.01008257
-0.02339624
-0.0313697
-0.03669551
-0.0356058
-0.02956366
-0.02389378
-0.01664214
-0.007954357
0.001761977
0.009196311
0.01217122
0.01287273
0.01269005
0.01226755
0.01198032
0.01138009
0.009957125
0.007715884
0.005501183
0.003867742
0.002301681
0.0005608757
-0.001224937
-0.001660147
0.0003612009
0.004985262
0.01199276
0.0194012
0.02467765
0.02465587
0.01918096
0.01212691
0.003110537
-0.004684865
-0.01053816
-0.0152153
-0.01919469
-0.02175846
-0.0214638
-0.01853863
-0.01219045
-0.0003141797
0.01483904
0.03319234
0.04730845
0.05848461
0.06777652
0.07308837
0.07478895
0.07447774
0.06907851
0.05647355
0.03475599
0.01221569
-0.006166495
-0.01966133
-0.02917566
-0.03986433
-0.04940644
-0.05498228
-0.05698084
-0.05577189
-0.05490766
-0.05511723
-0.05711355
-0.05827473
-0.05707473
-0.05284438
-0.04602856
-0.0388228
-0.03304161
-0.02945772
-0.0275274
-0.0280278
-0.02732173
-0.02659166
-0.02703273
-0.02908009
-0.03317876
-0.0375079
-0.04201316
-0.04597445
-0.04913212
-0.05188491
-0.05410891
-0.0535899
-0.04721226
-0.03635576
-0.01679639
0.004905803
0.02467371
0.04072396
0.04675376
0.0502747
0.05408736
0.05497455
0.0507038
0.04002374
0.0231345
0.006287536
-0.006180434
-0.01481016
-0.02141225
-0.0264086
-0.030842
-0.03480368
-0.0376867
-0.03910397
-0.03713606
-0.03017114
-0.02184723
-0.01045084
0.001985167
0.01483015
0.02656486
0.03717594
0.04650871
0.05026259
0.04883779
0.0418408
0.03084576
0.0175777
0.005232424
-0.006426529
-0.01559046
-0.02078325
-0.02251521
-0.02304829
-0.0219157
-0.01980216
-0.01567384
-0.009176337
-0.001424135
0.007466002
0.01405912
0.01821615
0.02240963
0.02330301
0.02063415
0.01712547
0.01363522
0.00927723
0.003915999
-0.001495191
-0.0070066
-0.01387903
-0.02229176
-0.03203452
-0.0418204
-0.0496836
-0.05457257
-0.05430054
-0.04816484
-0.04023497
-0.03199719
-0.02371068
-0.01500754
-0.005634951
0.00341759
0.01120103
0.01765349
0.02167024
0.02275169
0.02148201
0.01798667
0.01259922
0.008075136
0.004925736
0.003397694
0.001504003
-0.002055539
-0.007739843
-0.01329092
-0.01626682
-0.01620441
-0.0146513
-0.01280529
-0.01297307
-0.0159907
-0.02035236
-0.02511711
-0.02765234
-0.02807519
-0.02597122
-0.02125949
-0.01542188
-0.009187908
-0.002602177
0.004103573
0.01166322
0.01995976
0.02711378
0.03141654
0.03376148
0.03236758
0.02901197
0.02301647
0.01544881
0.007358561
0.002342028
0.00456754
0.01061782
0.01461338
0.01757867
0.01803997
0.0153206
0.010705
0.007214376
0.004988662
0.003512317
0.003162282
0.004037283
0.003712899
0.002316072
-3.125612e-05
-0.003047691
-0.00635384
-0.008824169
-0.009681214
-0.008127953
-0.005002515
-3.688027e-05
0.005362663
0.0107142
0.01474918
0.01746085
0.01834602
0.01758265
0.01389011
0.009201405
0.003142924
-0.004405691
-0.01278007
-0.01951495
-0.02095363
-0.01964239
-0.01568012
-0.01079962
-0.006799523
-0.005337265
-0.005180144
-0.006563508
-0.006342429
-0.004715471
-0.002579572
-0.001620844
-0.002061404
-0.002418633
-0.002887771
-0.003788127
-0.005666571
-0.008849986
-0.01220619
-0.0150705
-0.01603151
-0.01446661
-0.01005716
-0.00506843
0.0003508362
0.006667253
0.0133613
0.01959497
0.02460861
0.02782516
0.03067936
0.03151662
0.03085806
0.02864858
0.02507904
0.02040273
0.01417973
0.008140947
0.003521653
0.0001448594
-0.00416444
-0.00834431
-0.01118475
-0.0128618
-0.0130029
-0.01196535
-0.01151441
-0.01246121
-0.01511712
-0.01912416
-0.02317388
-0.02621479
-0.02680086
-0.02376734
-0.01827907
-0.01048406
-0.002161912
0.007620195
0.01652717
0.02302801
0.02470571
0.0185826
0.0102613
0.001243014
-0.006854782
-0.01370652
-0.01827096
-0.02133643
-0.0223422
-0.02206767
-0.02143715
-0.02255233
-0.02539107
-0.02981546
-0.03411351
-0.03831889
-0.04207585
-0.04512786
-0.0469256
-0.04665779
-0.04479188
-0.04063867
-0.03466225
-0.02498868
-0.01413814
-0.00341833
0.005867608
0.01222147
0.01672499
0.01914843
0.02061963
0.0226045
0.02597221
0.03126403
0.03565602
0.03898318
0.04054876
0.04035126
0.03796228
0.03542516
0.03380185
0.03407745
0.03433008
0.03274785
0.02863269
0.02142431
0.01225542
0.005150697
0.001139868
0.0004604033
0.00215853
0.006071616
0.00846984
0.009461534
0.009259344
0.009376855
0.009870354
0.01090966
0.01223896
0.01330936
0.0140999
0.01441121
0.01408141
0.01166303
0.006277318
-5.469521e-05
-0.006118101
-0.01241321
-0.01923069
-0.02705593
-0.03564931
-0.04315818
-0.04829335
-0.04896608
-0.04422418
-0.03714668
-0.02813061
-0.01976502
-0.01165495
-0.003103563
0.005766681
0.01226992
0.01224253
0.007800155
0.002725137
-0.004816404
-0.01383743
-0.02157303
-0.02733625
-0.02976602
-0.02787694
-0.01975344
-0.008139411
0.006076289
0.01695999
0.02503783
0.0300155
0.02987343
0.0297324
0.02851281
0.02694084
0.02481123
0.02186583
0.01776269
0.01312459
0.009969794
0.007375961
0.005755473
0.005729303
0.00657122
0.007773533
0.008440108
0.008106005
0.006615618
0.003676368
0.0003502089
-0.001480726
-0.002170477
-0.002492374
-0.001965747
-0.0004674237
0.000356565
0.0006444477
0.0009241856
0.00153035
0.002637815
0.003599345
0.004225208
0.004033415
0.002694446
-7.916156e-05
-0.002731997
-0.00511412
-0.006850655
-0.008438865
-0.01045032
-0.01367409
-0.01779089
-0.02246573
-0.02650775
-0.02975032
-0.0318717
-0.03300141
-0.03257369
-0.03092804
-0.0280294
-0.02403134
-0.02094772
-0.01849594
-0.01480556
-0.009362734
-0.002235343
0.004957168
0.01126263
0.01683512
0.02060095
0.02232132
0.02091333
0.01986131
0.01884873
0.01800183
0.01787073
0.01825949
0.01710272
0.01329395
0.005924182
-0.003867631
-0.01470592
-0.02377401
-0.02895031
-0.03102767
-0.0297639
-0.02873541
-0.02634054
-0.02363587
-0.0206363
-0.01746074
-0.01527223
-0.01504507
-0.01589366
-0.01828915
-0.0217537
-0.0242807
-0.02504714
-0.02360104
-0.01940364
-0.009511687
0.004935674
0.0180181
0.02947172
0.03918906
0.04424912
0.0464413
0.0486252
0.05009574
0.05126305
0.05207239
0.05175567
0.04998913
0.04676286
0.04333315
0.03989916
0.03709269
0.03483485
0.03290027
0.03003042
0.02564098
0.01910356
0.01114835
0.00286233
-0.004785163
-0.0126347
-0.01877269
-0.02065775
-0.0203774
-0.01834794
-0.01603524
-0.01330611
-0.01019075
-0.007171266
-0.003844918
0.0004483556
0.005433396
0.01033124
0.01460148
0.01738646
0.01867473
0.0175461
0.01628564
0.01459606
0.01237842
0.009286114
0.004893511
-0.0003042533
-0.006332511
-0.01255978
-0.01664551
-0.01756128
-0.01458313
-0.01133496
-0.006799732
-0.002563648
0.001434317
0.00533104
0.0088607
0.01157985
0.01289971
0.01258589
0.01155191
0.009858099
0.007887719
0.005670737
0.003350014
0.001776831
0.0005192074
-0.0004101167
-0.001027915
-0.001286053
-0.001672718
-0.002390447
-0.003224941
-0.003064126
-0.002462417
-0.002346418
-0.00295146
-0.004713209
-0.00729758
-0.01108776
-0.01547071
-0.01860437
-0.02097214
-0.02337524
-0.02519721
-0.02582932
-0.0260977
-0.02653079
-0.02795731
-0.029657
-0.03129001
-0.03197524
-0.03052748
-0.02564194
-0.01912893
-0.009519234
0.001142856
0.01204062
0.021517
0.03013811
0.03843203
0.04534279
0.05148419
0.05592016
0.05917702
0.06083304
0.06064657
0.05825464
0.05324201
0.04784006
0.0418803
0.03533482
0.02735987
0.01785848
0.007311371
-0.004475409
-0.01567333
-0.02399643
-0.02827605
-0.02848647
-0.02369855
-0.01817715
-0.01248529
-0.0070382
-0.002930795
-0.001582438
-0.00119004
-0.002815033
-0.005346387
-0.007986337
-0.008985366
-0.008150532
-0.005707678
-0.003723558
-0.003102277
-0.004977851
-0.008216073
-0.01346382
-0.01837002
-0.02238514
-0.02531504
-0.02747973
-0.02818568
-0.02719237
-0.02592983
-0.02430974
-0.0227317
-0.02095169
-0.01915867
-0.01771364
-0.01644207
-0.01394423
-0.00991552
-0.004948706
0.001283134
0.00850784
0.01587386
0.02225581
0.02647941
0.02680971
0.02512252
0.02269797
0.0211551
0.02098798
0.0229462
0.02551829
0.02864965
0.03032695
0.03020283
0.02889176
0.02575264
0.0199476
0.01315899
0.005967844
0.0009704983
-0.001440005
-0.001257138
-0.001370896
-0.001841569
-0.003170065
-0.005261923
-0.007693629
-0.00937499
-0.009975412
-0.009547346
-0.008810317
-0.007991304
-0.007377328
-0.006955189
-0.006344766
-0.005356949
-0.003945048
-0.003155531
-0.00287839
-0.003255648
-0.004212749
-0.005564688
-0.005756425
-0.004404416
-0.001271673
0.002508831
0.007358267
0.01147929
0.01484405
0.01748974
0.0198229
0.02253045
0.02491457
0.02617524
0.02638758
0.0253757
0.02360268
0.019748
0.01334142
0.005968752
-0.001693529
-0.009120607
-0.01584212
-0.01965941
-0.01894474
-0.01758344
-0.01409949
-0.01030203
-0.006641843
-0.00304847
0.001027153
0.005307043
0.008500283
0.009432196
0.008749805
0.005640796
0.002023469
-0.001406492
-0.004469054
-0.007373857
-0.01011632
-0.01242429
-0.01463674
-0.01660485
-0.0181923
-0.01913091
-0.01844573
-0.01639292
-0.01302659
-0.009213356
-0.005638232
-0.003170655
-0.00198732
-0.002926704
-0.003890712
-0.004761949
-0.005080541
-0.00521151
-0.005281391
-0.005549838
-0.00600015
-0.006905431
-0.008435551
-0.01040284
-0.01146316
-0.01081195
-0.007907956
-0.004148236
0.000532068
0.005409194
0.01090486
0.01694843
0.02312923
0.02883777
0.0339738
0.0377671
0.0394765
0.03820704
0.03583401
0.03225785
0.02805297
0.02292221
0.01823425
0.01319146
0.006664773
-0.001030842
-0.009707633
-0.01876997
-0.02797437
-0.03634087
-0.0418138
-0.04396286
-0.04210374
-0.03947177
-0.0350693
-0.02895567
-0.02196019
-0.0150264
-0.009544286
-0.005537651
-0.001667413
0.001307844
0.002585314
0.002158592
0.0009773005
-0.0002166124
-0.001741313
-0.00361264
-0.00607694
-0.009114942
-0.012223
-0.01501886
-0.01695112
-0.01805857
-0.01824016
-0.01821731
-0.01757582
-0.01684018
-0.01620398
-0.01546636
-0.01405339
-0.0115797
-0.008310532
-0.004139338
0.0007581918
0.004663414
0.00757382
0.01054687
0.0124762
0.01221074
0.01027591
0.007086109
0.004317932
0.001920937
9.162912e-05
-0.001644091
-0.003222801
-0.004989727
-0.006695735
-0.007600571
-0.006848266
-0.00371169
0.0009367546
0.006988271
0.0132272
0.01927852
0.02506437
0.03000046
0.03325059
0.03512388
0.03566334
0.03555408
0.03465598
0.03207077
0.02896762
0.02491682
0.01959957
0.01311831
0.004980765
-0.003461491
-0.009996483
-0.01430608
-0.01862777
-0.02149477
-0.02177201
-0.02102038
-0.01929639
-0.01763692
-0.01602647
-0.01489074
-0.01408617
-0.01361922
-0.0124688
-0.0106926
-0.008133422
-0.004103195
0.002486892
0.009308084
0.01601847
0.02164555
0.02571657
0.02757551
0.02838276
0.02683537
0.02376141
0.01917412
0.0142385
0.01031105
0.00753266
0.005662109
0.005206772
0.005906803
0.006509322
0.007128937
0.007796002
0.008536581
0.009468318
0.0110078
0.01317457
0.01476522
0.01601076
0.01690894
0.01650904
0.01428443
0.0121979
0.0101981
0.008538149
0.007718946
0.008495889
0.009931485
0.01174443
0.01344284
0.0153544
0.01754504
0.01910109
0.01984822
0.01938742
0.01712406
0.01240511
0.007204903
0.0009116748
-0.005874737
-0.01130427
-0.01447939
-0.01597423
-0.01647499
-0.0161945
-0.01634044
-0.01696659
-0.01829366
-0.01931157
-0.01915068
-0.01825076
-0.01683634
-0.01538861
-0.01422352
-0.01380597
-0.01404265
-0.01515194
-0.01710727
-0.01946944
-0.02169865
-0.02300488
-0.02303578
-0.02169205
-0.01982702
-0.0173267
-0.01565529
-0.01441797
-0.0134477
-0.01385225
-0.01622479
-0.0185091
-0.02061167
-0.02221296
-0.02309802
-0.022469
-0.02079388
-0.01791909
-0.01412481
-0.009712194
-0.004138773
0.001268424
0.006319705
0.0106081
0.01409492
0.01614331
0.01673719
0.01552068
0.01339252
0.009686325
0.004708654
-0.0002408311
-0.004960959
-0.00902729
-0.01209185
-0.01355963
-0.01436362
-0.01424119
-0.01350545
-0.01253806
-0.01095682
-0.009077091
-0.006921496
-0.004839521
-0.003299569
-0.002655511
-0.002217272
-0.002210904
-0.002709955
-0.00346463
-0.004303987
-0.005005287
-0.005285699
-0.004846612
-0.004199866
-0.00386622
-0.004185651
-0.004896042
-0.005741359
-0.006934403
-0.008392168
-0.009285598
-0.009299239
-0.008515638
-0.007896538
-0.007496017
-0.007207157
-0.006754089
-0.005839993
-0.004790419
-0.003730885
-0.003078711
-0.002823995
-0.002906232
-0.003191723
-0.00376397
-0.004059376
-0.004179663
-0.004355289
-0.004759635
-0.005436615
-0.006111756
-0.006791788
-0.007413062
-0.00787951
-0.008135906
-0.0082281
-0.008056331
-0.007572749
-0.006769333
-0.005235729
-0.002945993
-0.0004485204
0.001390512
0.003020995
0.004242561
0.004901836
0.005093237
0.005404115
0.006269309
0.007902188
0.009677346
0.0117386
0.01411701
0.01668012
0.01936187
0.02196306
0.02408409
0.02528113
0.02589051
0.0259698
0.02580573
0.02495556
0.02372435
0.02219724
0.02023571
0.01800518
0.01529842
0.01222352
0.009295608
0.006947107
0.004988043
0.003678723
0.003066874
0.002643076
0.002660812
0.003328761
0.004829643
0.007089878
0.00987496
0.01313213
0.01534403
0.01666482
0.01753602
0.01808615
0.01800243
0.01813981
0.01839596
0.01871519
0.01936539
0.02038313
0.02094509
0.02110093
0.02087862
0.01990562
0.01797699
0.01606391
0.01403523
0.01198455
0.01024137
0.00871693
0.007009973
0.005197696
0.003297139
0.001037707
-0.001715091
-0.00473566
-0.00795951
-0.01105311
-0.01311535
-0.01437981
-0.01509764
-0.01492437
-0.01403013
-0.01428475
-0.01557755
-0.01744301
-0.01914565
-0.02015745
-0.02071026
-0.02070565
-0.02004101
-0.01878658
-0.01647524
-0.01399987
-0.01099569
-0.007367571
-0.003829337
-0.0006121941
0.002849383
0.005988859
0.007781722
0.008364598
0.008030491
0.006301162
0.002844198
-0.0006489121
-0.005061325
-0.01074475
-0.0165014
-0.02198679
-0.02690324
-0.03133665
-0.03454438
-0.03597408
-0.03552307
-0.03387175
-0.03114058
-0.02640903
-0.02147833
-0.01533735
-0.007513827
-7.174998e-05
0.00543155
0.009473592
0.01137144
0.01201406
0.01113404
0.009281833
0.006744996
0.002957068
-0.000566138
-0.003538581
-0.005615823
-0.007256563
-0.008552144
-0.01018175
-0.01199646
-0.01369749
-0.01456912
-0.01399424
-0.01194782
-0.008741347
-0.004401055
-0.0001687463
0.004092549
0.007634831
0.0103861
0.01207783
0.01296543
0.01221625
0.01057126
0.007914084
0.004610749
0.001211555
-0.002143441
-0.00484616
-0.006935654
-0.008024901
-0.008310687
-0.007588259
-0.00709264
-0.006241442
-0.004395301
-0.002056428
0.000801095
0.003560124
0.006634874
0.01014619
0.01314353
0.01552031
0.01779814
0.01953305
0.02033472
0.02043653
0.01944816
0.01842488
0.01728279
0.01610112
0.01499916
0.01400761
0.01321055
0.01286882
0.01282925
0.01213091
0.01077459
0.009788992
0.009925149
0.01171051
0.01393351
0.01646741
0.01880535
0.020562
0.02115907
0.02072013
0.01812514
0.01413743
0.008494111
0.001913554
-0.004102633
-0.009078869
-0.01250539
-0.01429366
-0.01396175
-0.01338017
-0.01214187
-0.01076765
-0.009981596
-0.01019856
-0.01025829
-0.01031749
-0.01018821
-0.01012773
-0.01004888
-0.009358045
-0.008148587
-0.007374428
-0.007062149
-0.007327609
-0.008091171
-0.009786049
-0.01169941
-0.01298427
-0.01302837
-0.01237622
-0.01042284
-0.007858648
-0.005213409
-0.003000825
-0.001862971
-0.002125096
-0.00293652
-0.004165769
-0.005892016
-0.007427987
-0.008507421
-0.00902735
-0.0087588
-0.007262717
-0.005167443
-0.001971214
0.001545672
0.005416983
0.009762045
0.01389055
0.01749528
0.02040188
0.02238518
0.02346069
0.02401209
0.02407993
0.02384077
0.02318708
0.02237711
0.02149208
0.02048758
0.0192053
0.01752075
0.01529506
0.01247078
0.009022523
0.005630482
0.00160617
-0.003322334
-0.008009925
-0.01213362
-0.01583066
-0.01912552
-0.02135164
-0.02193574
-0.02035641
-0.01669816
-0.01163711
-0.005026773
0.002530806
0.01098106
0.0179755
0.02375788
0.02818342
0.03136444
0.03225906
0.03258801
0.03203444
0.03154605
0.03041465
0.02781355
0.02481147
0.02152734
0.01841655
0.01548294
0.01264835
0.00935816
0.006051261
0.003321192
0.001252656
4.212452e-05
-0.001138309
-0.00187336
-0.002104452
-0.002850411
-0.004349446
-0.005860976
-0.00765925
-0.009905994
-0.01202575
-0.0138733
-0.01533734
-0.01632362
-0.01675572
-0.01663519
-0.01557578
-0.01393191
-0.0121034
-0.01071787
-0.009052475
-0.006812014
-0.004413831
-0.001572426
0.001683075
0.004231771
0.005585456
0.007193802
0.008390332
0.008563283
0.008109225
0.007123261
0.00593922
0.004299139
0.002131828
-0.0006888275
-0.004235766
-0.007865887
-0.01192908
-0.01652955
-0.02093537
-0.02434705
-0.02657305
-0.02726948
-0.02641564
-0.02454858
-0.02106446
-0.01788022
-0.01403127
-0.008977933
-0.004388802
-0.001183741
0.001832999
0.004106519
0.005349059
0.0055874
0.0054389
0.005337136
0.005092384
0.004851303
0.004962379
0.005648574
0.006227897
0.006631352
0.006934416
0.007064554
0.007046751
0.007204212
0.007507741
0.007585104
0.00739545
0.006907972
0.006051372
0.00454138
0.002900147
0.00107433
-0.0008292461
-0.002552857
-0.003788236
-0.004428377
-0.004396499
-0.003881388
-0.003203005
-0.002333719
-0.00194775
-0.002081552
-0.002605541
-0.003267983
-0.003976114
-0.004093593
-0.004083192
-0.004480422
-0.004715966
-0.004521142
-0.004273449
-0.004114306
-0.004234098
-0.004661308
-0.00525517
-0.005362257
-0.004788754
-0.00350429
-0.00200815
-0.0004968484
0.00113253
0.002643122
0.003621231
0.004827468
0.00683485
0.009066352
0.01133313
0.01299943
0.01421758
0.01485805
0.01499532
0.01467835
0.01441694
0.01353707
0.01146421
0.008724427
0.005191596
0.001373225
-0.002359359
-0.005669426
-0.008545343
-0.01087457
-0.01236686
-0.01256285
-0.01090903
-0.008620087
-0.005496688
-0.001935531
0.001588309
0.004649971
0.007295461
0.009532733
0.01185293
0.01370398
0.01474202
0.01563283
0.01605181
0.0158601
0.01524121
0.01461003
0.01372321
0.01255078
0.01190554
0.01185443
0.01224563
0.01283689
0.01368814
0.01450513
0.0151098
0.01525779
0.01501632
0.01394156
0.01228309
0.009985126
0.007204314
0.004061015
0.0004724647
-0.002829392
-0.005202278
-0.006467304
-0.008244833
-0.009888634
-0.0107727
-0.01109962
-0.01084269
-0.01022204
-0.00914031
-0.00817813
-0.00679902
-0.004484645
-0.001834815
0.0009495329
0.003460825
0.0058726
0.008203173
0.01032629
0.01185652
0.01288182
0.0134255
0.01357002
0.01309133
0.0117211
0.01012873
0.008573536
0.007436435
0.006219532
0.004521278
0.002210957
-3.222897e-05
-0.001403289
-0.002593143
-0.004057262
-0.00620831
-0.008744026
-0.01112975
-0.01313642
-0.0147235
-0.01594094
-0.01646379
-0.01605974
-0.01566995
-0.01494895
-0.01402481
-0.0130551
-0.01211348
-0.01128544
-0.0106331
-0.01012108
-0.009595368
-0.009171135
-0.009098357
-0.008984921
-0.007966269
-0.006630095
-0.00544858
-0.004702073
-0.004508413
-0.004668733
-0.005119001
-0.006060175
-0.007383223
-0.008989493
-0.0102852
-0.01107295
-0.01127669
-0.01158791
-0.0119503
-0.01209055
-0.01201338
-0.0116748
-0.01110212
-0.01024316
-0.009112917
-0.007085921
-0.003875
-0.0009833116
0.001631016
0.004522011
0.00707262
0.008757679
0.01049941
0.01224749
0.01361833
0.01456128
0.01504227
0.01483689
0.01358221
0.01189793
0.009602459
0.00698971
0.004568898
0.002263526
-7.409558e-05
-0.002088953
-0.003479799
-0.004600723
-0.005385435
-0.006018134
-0.006658739
-0.007306285
-0.007682074
-0.007657925
-0.007385427
-0.006862351
-0.006102228
-0.005521636
-0.005096973
-0.004642712
-0.004584662
-0.005517787
-0.007248376
-0.009758422
-0.01220519
-0.01442033
-0.01647628
-0.01877487
-0.0209438
-0.02252843
-0.02386229
-0.02486322
-0.02522299
-0.02481848
-0.02388178
-0.02250172
-0.02027993
-0.01694114
-0.01264031
-0.009120042
-0.005880848
-0.002299851
0.001732324
0.006007921
0.009809067
0.01294943
0.01536367
0.01756071
0.01905636
0.01991057
0.01991682
0.01983802
0.0194611
0.01856206
0.01770128
0.01684186
0.01605028
0.01523952
0.01449983
0.01411858
0.01405065
0.01412228
0.01438613
0.01516236
0.01665933
0.01891864
0.02090443
0.02248891
0.02348196
0.02390564
0.02363216
0.02309236
0.02206168
0.02013643
0.01770481
0.01465998
0.0113717
0.008026287
0.00499543
0.002572805
0.0001731398
-0.002926745
-0.006098132
-0.008899902
-0.01134291
-0.0133231
-0.01480406
-0.01615257
-0.01720153
-0.01816637
-0.01890698
-0.01923259
-0.01905137
-0.01848862
-0.01820696
-0.01784895
-0.01702043
-0.01583587
-0.01453114
-0.01404953
-0.01436419
-0.01522959
-0.01649427
-0.01854044
-0.02052341
-0.02227436
-0.02343099
-0.02381915
-0.02321627
-0.02215623
-0.02081172
-0.01963478
-0.01833165
-0.01666766
-0.01492436
-0.01336378
-0.01217851
-0.01080448
-0.008706294
-0.005956017
-0.002912246
-0.0007899801
0.0007192988
0.001688446
0.002164627
0.001918912
0.001118388
-0.0005568055
-0.002973568
-0.005299889
-0.007487348
-0.009390853
-0.01081841
-0.01170763
-0.01298941
-0.01411551
-0.01456927
-0.01484207
-0.01537696
-0.01623251
-0.01707009
-0.01716366
-0.01652374
-0.01517283
-0.01389829
-0.01241021
-0.01085398
-0.009158902
-0.007442512
-0.006256607
-0.005775798
-0.005502475
-0.005168816
-0.004760328
-0.004442356
-0.004121079
-0.003427254
-0.002046829
0.0002146736
0.003044663
0.006405088
0.009666783
0.01312647
0.0167286
0.019729
0.02157367
0.02293367
0.0232944
0.02302188
0.02220102
0.02069465
0.01904972
0.01687782
0.01438507
0.01177916
0.009262531
0.006963512
0.004596416
0.001866705
-0.000868462
-0.003412866
-0.005793929
-0.007621989
-0.008466033
-0.008758911
-0.008521102
-0.008255551
-0.007647319
-0.006701056
-0.005867636
-0.005221218
-0.004712561
-0.004512711
-0.004552593
-0.004239388
-0.003449459
-0.002713821
-0.0018839
-0.0008374386
0.00031848
0.001768555
0.003488335
0.005187895
0.006396484
0.007142678
0.007335517
0.007221498
0.0064269
0.005266813
0.003821315
0.002210083
0.00102027
-0.0001229389
-0.001448388
-0.002328849
-0.002319119
-0.002150686
-0.001799053
-0.001310457
-0.0006213434
0.0004152016
0.001483863
0.002448361
0.003179513
0.003819031
0.004347549
0.004643622
0.004829002
0.005094684
0.005270434
0.005415303
0.005976966
0.006699682
0.007179912
0.007542985
0.008003617
0.008728555
0.009381573
0.009270275
0.008406251
0.007004439
0.006206162
0.00570442
0.005005709
0.004134165
0.003662724
0.004392466
0.005347965
0.005258372
0.005139987
0.005576207
0.006077634
0.006414615
0.006536975
0.006605285
0.006573358
0.006239499
0.005678595
0.005089659
0.004405745
0.003462634
0.002306487
0.001308315
0.0009111914
0.0006672712
0.0002383856
-0.001024214
-0.002839474
-0.004631951
-0.006293829
-0.007974786
-0.009733956
-0.01154775
-0.01345847
-0.01556277
-0.01791624
-0.02027095
-0.02228864
-0.02351134
-0.02396215
-0.02347739
-0.02218149
-0.02041131
-0.01807309
-0.01510312
-0.01144879
-0.008182118
-0.005216467
-0.002626282
-0.0004990547
0.001467812
0.00417173
0.007038728
0.009296489
0.01113725
0.01256714
0.0136317
0.01401984
0.01373578
0.01311246
0.011888
0.01058514
0.009090364
0.007454407
0.005957555
0.004658995
0.003394432
0.00188396
5.612476e-05
-0.001620988
-0.003000556
-0.0042423
-0.00562128
-0.007049613
-0.007933507
-0.008403129
-0.008767716
-0.008968362
-0.00896931
-0.009038626
-0.009127355
-0.00920132
-0.009241716
-0.009224244
-0.009126853
-0.008732875
-0.007842755
-0.00672413
-0.005699919
-0.005190615
-0.005241161
-0.005764542
-0.006418754
-0.007209254
-0.008399856
-0.009582259
-0.01018412
-0.01075902
-0.01172649
-0.01340074
-0.01527278
-0.016542
-0.01734458
-0.01776156
-0.01793753
-0.0172483
-0.01552844
-0.01370951
-0.01158354
-0.008939717
-0.006220662
-0.003977779
-0.001553175
0.001270159
0.004034135
0.006411929
0.008152393
0.009686197
0.01086741
0.01196881
0.01285608
0.01332289
0.01305976
0.01222955
0.01224863
0.01261115
0.0124198
0.01147227
0.009657858
0.00797756
0.006704666
0.006088886
0.005472882
0.005040788
0.00495589
0.005200387
0.005452168
0.00542959
0.005015722
0.004521655
0.004046716
0.003695297
0.003267326
0.002781252
0.002489088
0.002354558
0.002222291
0.002017086
0.00186577
0.002048398
0.002810501
0.004082747
0.00512687
0.006027549
0.007160371
0.008362958
0.009481207
0.01080142
0.01245243
0.01421257
0.01586968
0.01719972
0.01850738
0.01971864
0.02064336
0.02099691
0.02062721
0.01982939
0.01836978
0.01698867
0.01545904
0.0137402
0.012235
0.01091666
0.009409521
0.007700173
0.005867163
0.004084495
0.002218337
0.0002167151
-0.001273849
-0.001895923
-0.002555339
-0.003064296
-0.00351413
-0.003982566
-0.004400418
-0.004586275
-0.004527379
-0.004450181
-0.004279271
-0.004134956
-0.004410166
-0.004950607
-0.005429427
-0.005852758
-0.006145987
-0.006325661
-0.006724572
-0.007566312
-0.008088971
-0.007856284
-0.007557707
-0.007280651
-0.007143663
-0.007242093
-0.007553059
-0.007611384
-0.007485771
-0.007296906
-0.007057413
-0.006848043
-0.006946662
-0.007148342
-0.007155122
-0.007186437
-0.007281409
-0.007315093
-0.00734678
-0.007492844
-0.007671229
-0.008071856
-0.00876939
-0.009177969
-0.008716211
-0.008208325
-0.007784444
-0.007532876
-0.007362243
-0.007139992
-0.00674559
-0.006232969
-0.005925179
-0.005662717
-0.005199268
-0.004489013
-0.003495037
-0.002527579
-0.001287713
0.0005614363
0.002812228
0.004975938
0.006164507
0.00686427
0.007626298
0.007910405
0.007358349
0.006700663
0.005875823
0.004932039
0.004006327
0.003142572
0.002213839
0.001249508
0.0003389994
-0.000493711
-0.0011165
-0.001470781
-0.00155321
-0.001456981
-0.001125707
-0.0004209822
0.0002401532
0.0009857098
0.001936563
0.00294072
0.003936432
0.004775359
0.005646124
0.006676007
0.007546076
0.008097896
0.008746538
0.009540025
0.01047618
0.01141819
0.01224045
0.01290831
0.01367329
0.01469713
0.01554783
0.01609741
0.01692089
0.01793151
0.01869488
0.01901992
0.01892028
0.01908128
0.01940063
0.01971282
0.01995525
0.02000494
0.0197541
0.01886825
0.01749021
0.01608924
0.01498751
0.01402457
0.01260391
0.01024468
0.007750983
0.005653231
0.003915601
0.002393847
0.001003954
-0.0002814919
-0.001478625
-0.002804331
-0.003977699
-0.004640513
-0.004860312
-0.004391665
-0.003384186
-0.002212928
-0.001008204
0.0002367129
0.001531612
0.002692706
0.003371015
0.003408587
0.003373349
0.002958981
0.001868903
0.0005911651
-5.410815e-05
-0.0004273045
-0.0009040294
-0.001879982
-0.002981643
-0.003812136
-0.004658216
-0.005710899
-0.00700086
-0.008510429
-0.01014207
-0.01138907
-0.01201924
-0.01219451
-0.01195303
-0.01132501
-0.01089959
-0.01030681
-0.009369253
-0.008715419
-0.008481851
-0.007746162
-0.006707127
-0.006022714
-0.005436728
-0.004718237
-0.003823608
-0.002743374
-0.001592728
-0.0004807445
0.0005636092
0.001563445
0.002337726
0.002781241
0.003346324
0.004238409
0.0050387
0.00560946
0.006030125
0.006337352
0.006507245
0.006624726
0.006752052
0.006963011
0.007176905
0.007261497
0.007162724
0.006820347
0.006396982
0.005897607
0.005359161
0.004867213
0.004263454
0.003274953
0.002193606
0.00106119
-0.0002913982
-0.001825403
-0.002943826
-0.003352216
-0.002628254
-0.001358549
0.0001937734
0.001328621
0.00206918
0.002302086
0.002274383
0.001557562
0.0004795167
-0.0006767364
-0.001671989
-0.00225185
-0.002338477
-0.002240819
-0.002925201
-0.004861005
-0.006550234
-0.007939695
-0.008867619
-0.009071676
-0.008263648
-0.007249113
-0.005817989
-0.004108057
-0.002630984
-0.00177823
-0.001268567
-0.001279127
-0.00181305
-0.002363173
-0.002776017
-0.00341221
-0.004127558
-0.004592915
-0.005002225
-0.005390675
-0.005684429
-0.006281458
-0.007381368
-0.007821464
-0.006903152
-0.005826813
-0.004570184
-0.003157273
-0.001759552
-0.0004989999
0.0006967834
0.001576169
0.002060002
0.002484795
0.002926282
0.003209785
0.003346696
0.003624318
0.00391029
0.004110213
0.004303858
0.004609054
0.005167169
0.006019651
0.007111186
0.007918684
0.008283489
0.008361769
0.0081236
0.007603614
0.007418305
0.007617652
0.007768152
0.007810729
0.007695421
0.007349806
0.006607628
0.005529235
0.004113919
0.002505929
0.001434517
0.001020776
0.0007621101
0.0007696654
0.001184748
0.001567999
0.002169432
0.003011835
0.003772901
0.004248186
0.004589993
0.00466139
0.004548966
0.004410563
0.004334564
0.004381441
0.004797939
0.005687935
0.006662947
0.007163043
0.006656993
0.005043534
0.003385797
0.001912193
0.0005691481
-0.0009290945
-0.002329991
-0.003363854
-0.004344788
-0.005428328
-0.006428152
-0.00721339
-0.007780116
-0.008136746
-0.008214261
-0.008158202
-0.00768548
-0.00703089
-0.007415725
-0.009314124
-0.01062998
-0.01158903
-0.01245039
-0.01289374
-0.01260152
-0.01209666
-0.01136472
-0.01059624
-0.009997145
-0.009771689
-0.009793445
-0.009920422
-0.009793027
-0.009189136
-0.008217761
-0.007792606
-0.007561449
-0.007062153
-0.006597697
-0.006424332
-0.006563938
-0.007207828
-0.008124269
-0.008884436
-0.009286573
-0.009624081
-0.01005165
-0.01066136
-0.01128237
-0.01163465
-0.01151596
-0.01100973
-0.0103037
-0.009306186
-0.007939935
-0.006531369
-0.005246899
-0.004501879
-0.004215232
-0.004197807
-0.003832163
-0.003278492
-0.002711295
-0.001803284
-0.0003242569
0.00130048
0.003206714
0.005158175
0.007084363
0.008813249
0.009993544
0.01060494
0.01115321
0.01145147
0.01148962
0.01156757
0.01169989
0.011825
0.01167132
0.01101626
0.01009747
0.008890607
0.007417612
0.005428496
0.002960808
0.0006171717
-0.001329866
-0.002719038
-0.003925497
-0.004945907
-0.00564389
-0.005925304
-0.006085686
-0.00595528
-0.005394804
-0.004791959
-0.004096673
-0.003466702
-0.002898574
-0.00245882
-0.002265311
-0.002307494
-0.002283433
-0.002126529
-0.001759849
-0.001182017
-0.0004229711
0.000262394
0.0008654082
0.001321736
0.001524706
0.001506521
0.001550367
0.001547635
0.001521899
0.001787509
0.002304838
0.00248285
0.001726859
5.352985e-05
-0.0008192486
-0.0007192606
-0.0006939212
-0.001014482
-0.001721771
-0.002438856
-0.003089061
-0.003523314
-0.003819256
-0.003889331
-0.003774313
-0.003376605
-0.002918368
-0.002661762
-0.002773542
-0.002865778
-0.00277794
-0.002404168
-0.00196121
-0.001649426
-0.001671317
-0.002005664
-0.002227901
-0.00212835
-0.00185906
-0.002220224
-0.003288413
-0.004294354
-0.005070848
-0.005564298
-0.005935777
-0.005979098
-0.005795006
-0.005497442
-0.005171313
-0.004936178
-0.004757756
-0.004507226
-0.00408314
-0.003100747
-0.001258144
0.001576612
0.004224994
0.006340506
0.007600464
0.008287348
0.008495541
0.008798398
0.008548214
0.007481037
0.006907204
0.007121056
0.007555288
0.007781781
0.007644853
0.007380033
0.007130533
0.007065623
0.006888695
0.00636004
0.005697745
0.005062712
0.004727432
0.004582321
0.004648129
0.00486669
0.005321037
0.005736695
0.00619359
0.006539275
0.006272573
0.005316638
0.004371004
0.003545573
0.002929729
0.002628917
0.002833056
0.003257654
0.00376241
0.004334757
0.004942514
0.005690254
0.006526549
0.007228244
0.007837766
0.008813723
0.009814673
0.01011684
0.0100514
0.009771985
0.009356829
0.008594664
0.007784505
0.007126422
0.006745177
0.006537542
0.006795494
0.007239025
0.006849432
0.00513632
0.003631532
0.002606638
0.002588213
0.003105339
0.003708915
0.003842302
0.00396094
0.004438925
0.00487178
0.005163334
0.005584802
0.00594841
0.005802861
0.005358163
0.004789768
0.004515595
0.00451789
0.004658628
0.004650475
0.004371781
0.004015929
0.00324712
0.002023131
0.001207831
0.001174594
0.0009903752
0.0008985718
0.001353896
0.002269583
0.003568851
0.004711728
0.005715066
0.006409223
0.006853918
0.007098921
0.007507232
0.008094856
0.008833529
0.009327848
0.009336764
0.009231018
0.008817156
0.008225771
0.007821684
0.007624072
0.007052361
0.006292406
0.005903756
0.005710934
0.005597911
0.005416241
0.005001609
0.004162926
0.00338315
0.002831085
0.002092659
0.001195727
0.0004347128
-0.0002699193
-0.0009695362
-0.001671793
-0.002491423
-0.003478275
-0.004267318
-0.004836546
-0.00579153
-0.006858703
-0.007545584
-0.007944197
-0.008093663
-0.008256089
-0.008382818
-0.008463614
-0.008311589
-0.007683404
-0.006695191
-0.0051575
-0.003196453
-0.001529573
-0.0004157644
0.001000005
0.002543472
0.003810684
0.004879344
0.005719099
0.006374412
0.006835394
0.007526271
0.008475018
0.00971946
0.01092209
0.01163831
0.01146626
0.01103554
0.01065184
0.01034249
0.0103041
0.010617
0.01050024
0.009655589
0.009210094
0.009232804
0.009193671
0.009329129
0.009788639
0.009976505
0.009721199
0.009247432
0.008592779
0.007775882
0.007133616
0.006710199
0.006319838
0.006036755
0.005979271
0.006035896
0.00618193
0.006268549
0.006112141
0.005544906
0.004769934
0.003574935
0.002058212
0.0009996128
0.0008291526
0.0006329656
0.0002183989
-0.0003696571
-0.001038306
-0.001743153
-0.00235678
-0.002808751
-0.003212838
-0.003784101
-0.004728839
-0.005824014
-0.007030426
-0.008070663
-0.008786236
-0.009170212
-0.009861637
-0.01069554
-0.01145649
-0.01231304
-0.01344311
-0.01464766
-0.01570104
-0.01619284
-0.0164381
-0.01669022
-0.017156
-0.01757503
-0.01768706
-0.01774396
-0.01790848
-0.01809194
-0.01807198
-0.01764744
-0.01700908
-0.0161499
-0.01503558
-0.01354786
-0.01206905
-0.01060229
-0.009074637
-0.007467728
-0.005848269
-0.00434695
-0.002897863
-0.001286388
0.000660492
0.002337769
0.003830126
0.005295079
0.006567514
0.007175365
0.006735159
0.006118797
0.005379544
0.004708614
0.003949516
0.003052626
0.002236409
0.001781751
0.001828527
0.001867808
0.001642479
0.0008592475
-8.440087e-05
-0.0006919821
-0.001355941
-0.002214858
-0.003011004
-0.003743687
-0.004414947
-0.004861861
-0.005013723
-0.005348547
-0.006086801
-0.007213581
-0.008055461
-0.008518716
-0.008854885
-0.008946709
-0.008740095
-0.008288259
-0.007435628
-0.006213754
-0.004610502
-0.002937478
-0.001631655
-0.0006832619
0.0004995674
0.001648059
0.002468006
0.003264805
0.003982676
0.004187789
0.004130423
0.004728706
0.005383396
0.005675979
0.005845356
0.006083465
0.006493434
0.006809337
0.006721713
0.006383135
0.005749383
0.004999821
0.004309785
0.003945968
0.003606506
0.003334871
0.00327037
0.003389865
0.003525397
0.003634632
0.003547534
0.003074642
0.002539562
0.002495579
0.002830991
0.003331509
0.003501923
0.003524836
0.003576337
0.003619264
0.00339594
0.002847505
0.002375584
0.002423834
0.002521315
0.002558051
0.002594896
0.002728349
0.002965718
0.003174605
0.003298852
0.003330506
0.003267435
0.003062604
0.002556755
0.001523322
0.0003748259
-0.0009184575
-0.002264
-0.003520622
-0.004754935
-0.00604644
-0.007171072
-0.007869611
-0.00828773
-0.008443395
-0.008592644
-0.00857039
-0.008285324
-0.00800457
-0.007631043
-0.006946626
-0.006108973
-0.005448668
-0.005022746
-0.004727329
-0.004350053
-0.004110497
-0.0042319
-0.004614927
-0.005418438
-0.006276494
-0.007115776
-0.007702183
-0.007986345
-0.007998615
-0.008067961
-0.008098305
-0.008039475
-0.007875735
-0.007858836
-0.008419165
-0.009112978
-0.009252727
-0.009024654
-0.008450283
-0.00803969
-0.007613055
-0.007102712
-0.006763509
-0.006721258
-0.006673305
-0.00665454
-0.006683916
-0.006702535
-0.006620637
-0.006388454
-0.006036656
-0.005629605
-0.005163645
-0.004679259
-0.004348541
-0.004263722
-0.00436196
-0.004544921
-0.004575967
-0.004090033
-0.003277992
-0.002939102
-0.002975503
-0.003300745
-0.003614966
-0.003909117
-0.004113384
-0.004131274
-0.003896504
-0.00367682
-0.003410442
-0.002962781
-0.002461713
-0.002177167
-0.002188766
-0.00242241
-0.002527671
-0.002522311
-0.002366574
-0.0020423
-0.001806667
-0.002090408
-0.002403087
-0.002208655
-0.00209586
-0.00227075
-0.002554565
-0.002892649
-0.003358204
-0.004169687
-0.005258672
-0.00573309
-0.005856465
-0.006080646
-0.006318189
-0.006382139
-0.006322624
-0.006154994
-0.005883607
-0.005449956
-0.004735008
-0.003974458
-0.003041022
-0.001895672
-0.0007914139
0.0001229682
0.0009737993
0.001551533
0.001773968
0.00192311
0.002000598
0.001736367
0.001162743
0.0007245418
0.0002125498
-0.0005538509
-0.001364802
-0.002153919
-0.002858988
-0.003436632
-0.003826303
-0.004174389
-0.004501646
-0.004877709
-0.005337088
-0.005853375
-0.006203074
-0.006292292
-0.00618277
-0.005803602
-0.00516907
-0.004816558
-0.004923722
-0.005293953
-0.005818639
-0.006408945
-0.006753975
-0.006839321
-0.006967578
-0.007097149
-0.007128767
-0.00704713
-0.006891102
-0.00680711
-0.006842632
-0.006918224
-0.006736064
-0.006258584
-0.005799571
-0.005474164
-0.005361677
-0.005143716
-0.004899806
-0.004881296
-0.004934046
-0.004990133
-0.005516424
-0.006217581
-0.00569799
-0.00476651
-0.004701272
-0.005166487
-0.006046251
-0.006629602
-0.006937511
-0.006844694
-0.006281125
-0.005274398
-0.004990351
-0.005018638
-0.004758114
-0.004404178
-0.004101478
-0.003927663
-0.003781489
-0.003538996
-0.003136197
-0.002551139
-0.001937328
-0.001237673
-0.0005346772
8.241527e-05
0.0005297778
0.0008126318
0.0008453687
0.0006800138
0.0004039557
-1.63074e-05
-0.0005495849
-0.001176659
-0.001710891
-0.002109162
-0.002296906
-0.002362054
-0.002201838
-0.001802377
-0.001112423
-0.0001569294
0.0006329052
0.001404639
0.002512551
0.003531381
0.004094208
0.004837059
0.005891418
0.006849206
0.00782897
0.008858656
0.009534918
0.009726057
0.01019543
0.01068242
0.01080132
0.01067575
0.01036624
0.01005422
0.009853201
0.009886183
0.009923957
0.009918105
0.01005535
0.01025725
0.01024332
0.0102017
0.01021585
0.01011472
0.009844045
0.009559052
0.009396176
0.009468199
0.00967731
0.01002698
0.01028447
0.01007238
0.009277644
0.008891414
0.009071231
0.009314223
0.009378649
0.009250527
0.009235668
0.009314599
0.009300809
0.009159323
0.008947105
0.008742726
0.00856139
0.008397721
0.008182396
0.007826232
0.007369531
0.006795298
0.006153158
0.005358315
0.004189075
0.002629702
0.0009042464
-0.0002532994
-0.0008075674
-0.0009029174
-0.001400943
-0.002208846
-0.003099029
-0.003723232
-0.003940607
-0.004322359
-0.004837312
-0.005438221
-0.006107772
-0.006650628
-0.006623034
-0.006309956
-0.006075694
-0.00561456
-0.004763057
-0.004087813
-0.003344209
-0.002281776
-0.001219839
-0.0003918012
0.0003135219
0.0009947626
0.001882223
0.002833294
0.003684158
0.004315591
0.004723733
0.005103077
0.005409503
0.005497615
0.005343495
0.004985258
0.004618702
0.003914479
0.002801196
0.001999734
0.001640492
0.001382396
0.001133572
0.0009851791
0.001018213
0.001172148
0.001252428
0.001536321
0.002141239
0.002568148
0.002830359
0.003259995
0.003852596
0.004470976
0.004842051
0.005016246
0.005302635
0.0055005
0.005392568
0.005065072
0.00450542
0.003867716
0.003178986
0.002512128
0.001770038
0.00105868
0.0006046346
0.0001672742
-0.000284987
-0.0004623759
-0.0002855962
-7.681536e-05
7.788287e-05
0.0001397208
0.0001561066
0.0002558707
0.0005538967
0.0006245475
0.0001718288
-0.0003522576
-0.0005618412
-0.0001219621
0.0004580472
0.0008409288
0.0009738092
0.0008654534
0.0006819086
0.0003335437
-3.961883e-05
-0.0001963404
-0.0001133522
-3.281631e-05
-2.538015e-05
-0.0001626803
-0.0002215347
-0.0001963459
-0.0002183335
-0.0002619284
-0.0003365003
-0.0005740289
-0.0009826796
-0.001272565
-0.00119233
-0.0007049049
-0.0005372522
-0.0007581883
-0.0009914641
-0.001229084
-0.001534754
-0.00213856
-0.002996183
-0.003675151
-0.004223431
-0.004662475
-0.004895124
-0.00482348
-0.004672681
-0.004713122
-0.005143745
-0.005409466
-0.005528144
-0.00582877
-0.006078226
-0.006042575
-0.005997216
-0.005863994
-0.005417768
-0.004819415
-0.004301091
-0.003707919
-0.003048523
-0.002692126
-0.0026333
-0.002671611
-0.002494467
-0.002025343
-0.001453164
-0.0007643868
6.484569e-06
0.000786845
0.001462949
0.001955444
0.002410392
0.002887895
0.003027279
0.002706511
0.002635183
0.002681975
0.002670126
0.002776517
0.003049518
0.003099028
0.002948781
0.002767418
0.00248102
0.001987412
0.00140278
0.0006657857
-5.602285e-05
-0.0006470875
-0.001042172
-0.001381612
-0.0015325
-0.001523462
-0.001431173
-0.00123939
-0.0009593161
-0.0006682235
-0.000568508
-0.0004112175
-6.446205e-05
0.0002466493
0.0005849444
0.001063239
0.001675458
0.002340576
0.002736382
0.002509987
0.00165127
0.0006462632
-0.0001491687
-0.0005659773
-0.0005909142
-0.0006245114
-0.0007538197
-0.001031947
-0.001398023
-0.001819183
-0.00210522
-0.002219056
-0.002139337
-0.00204779
-0.001724772
-0.001026793
-0.0004998008
-0.0004271749
-0.000279614
-1.629043e-05
6.944929e-05
-0.0003493371
-0.001243033
-0.001754434
-0.001854669
-0.002021546
-0.002183654
-0.002280535
-0.00234735
-0.002406304
-0.002457809
-0.002341017
-0.002023012
-0.001930741
-0.001972404
-0.001761897
-0.001598424
-0.001767056
-0.001881927
-0.001897922
-0.002023576
-0.002286161
-0.002636517
-0.002979864
-0.003228942
-0.00325842
-0.003109552
-0.00292236
-0.002747807
-0.002520368
-0.002139056
-0.001420282
-0.0003391787
0.0006474969
0.001505686
0.002333569
0.003116375
0.003720679
0.003898678
0.003524816
0.003135225
0.002491898
0.001600661
0.0004635807
-0.0007695797
-0.001549304
-0.002201402
-0.003089364
-0.003892421
-0.004285558
-0.004361425
-0.004250545
-0.004207461
-0.004215129
-0.004201117
-0.004087816
-0.003856738
-0.0034
-0.002581653
-0.001442949
-0.0006345592
9.958332e-05
0.0009563407
0.001552319
0.00174375
0.002127129
0.002621002
0.00306123
0.00349303
0.003879564
0.004098608
0.00414575
0.004199302
0.004057577
0.003576477
0.003101716
0.002926147
0.003135321
0.003049265
0.002278427
0.001516054
0.001087333
0.001129706
0.00122307
0.001231262
0.001339037
0.001586575
0.001798443
0.001948864
0.002036118
0.002116115
0.002224361
0.002369889
0.002420603
0.002282376
0.002134587
0.00216336
0.002555853
0.003152924
0.003924784
0.004736563
0.005300158
0.005398219
0.005850906
0.007009621
0.007843947
0.008195149
0.008481703
0.008791801
0.009159259
0.009435406
0.009581276
0.009682311
0.009622018
0.00931005
0.008887223
0.008395883
0.007959675
0.007476867
0.006836084
0.006062871
0.005128471
0.004167388
0.00334816
0.00270063
0.001912749
0.00120475
0.0008007348
0.0003117268
-0.0003746429
-0.0007791861
-0.0009883215
-0.001205433
-0.00133351
-0.001310418
-0.001379498
-0.001507125
-0.001609306
-0.0016333
-0.001390439
-0.0007855552
3.606854e-05
0.0007517815
0.001358917
0.001866141
0.002340788
0.002727537
0.003065906
0.003502273
0.004116561
0.00469016
0.005138661
0.005368819
0.005423552
0.005278798
0.005021668
0.00449328
0.003647014
0.002715789
0.001896851
0.001287175
0.0007943523
0.000306914
-0.0001892609
-0.0007407233
-0.001445283
-0.0021022
-0.002410439
-0.002447835
-0.002304011
-0.002259339
-0.002151441
-0.001917908
-0.001823497
-0.001907902
-0.001912967
-0.001583617
-0.000893571
-0.0004849448
-0.0005141693
-0.0006762511
-0.0006714604
-0.0004259869
-0.0003102154
-0.0003575329
-0.0004494719
-0.0006901099
-0.001118782
-0.001375015
-0.001541232
-0.001889029
-0.00210812
-0.002089234
-0.002335592
-0.002776564
-0.003088161
-0.003280217
-0.003408561
-0.003590487
-0.00369684
-0.00368702
-0.003891507
-0.004424324
-0.004699613
-0.004320236
-0.003211846
-0.002382347
-0.002265116
-0.001870372
-0.001189471
-0.0004260045
0.0003477243
0.001096467
0.001740752
0.002330026
0.002954568
0.003467751
0.003838001
0.004334631
0.004780667
0.004925271
0.004984993
0.00501319
0.004859642
0.004519155
0.004244923
0.003854211
0.00322396
0.002622726
0.002031021
0.001447457
0.0009187776
0.0004032479
-0.0002853322
-0.001000942
-0.001517618
-0.001866331
-0.002052705
-0.002336305
-0.002549781
-0.002555777
-0.002513093
-0.002291969
-0.001711906
-0.0008677354
-3.329381e-05
0.0007711687
0.00165381
0.002614979
0.003422292
0.003975705
0.004774545
0.005828726
0.006569438
0.007080345
0.007553331
0.007995247
0.00845014
0.009008098
0.009403551
0.009317121
0.008934488
0.008373001
0.007893544
0.007273069
0.006381286
0.00539283
0.004370416
0.003292694
0.002223217
0.001288395
0.0003990371
-0.0005175662
-0.001508683
-0.002346726
-0.002800766
-0.0029699
-0.00263689
-0.001992349
-0.001784042
-0.002370335
-0.002791544
-0.002922908
-0.002628624
-0.002345631
-0.002239748
-0.00196889
-0.001548754
-0.001235786
-0.0009070823
-0.0005071365
-0.0002604406
-0.000155486
8.603766e-06
0.0003008894
0.000748949
0.001221777
0.001661121
0.001996086
0.002257705
0.002314774
0.002007496
0.001414813
0.001143631
0.001437406
0.002283572
0.002785259
0.002939795
0.003249903
0.003672883
0.004075041
0.004337367
0.004494515
0.004659967
0.004740158
0.004689301
0.004744519
0.004796301
0.004555141
0.004081195
0.003555078
0.002988169
0.002352478
0.001666364
0.0007455432
-0.0004506575
-0.001381277
-0.001855705
-0.002057975
-0.002249306
-0.00255609
-0.002972763
-0.003309336
-0.003349673
-0.003373227
-0.003517896
-0.003615023
-0.003736607
-0.003986744
-0.004234421
-0.004393913
-0.004541675
-0.004599583
-0.004550807
-0.004627086
-0.004900558
-0.004999828
-0.004988468
-0.004962435
-0.004853363
-0.004680312
-0.004681988
-0.004715245
-0.00459486
-0.00440632
-0.00414469
-0.003756904
-0.003287164
-0.002828959
-0.0023039
-0.001652945
-0.0009841686
-0.0003520313
0.0001308886
0.0005357959
0.0009090426
0.001316112
0.001740082
0.002195242
0.002658917
0.003087006
0.003409804
0.003527904
0.003451781
0.00327341
0.003186274
0.003513711
0.00417131
0.004507853
0.004413828
0.003832929
0.003252954
0.003079509
0.003608731
0.004037945
0.003897013
0.003622453
0.003224773
0.002759471
0.002448672
0.002324069
0.001881155
0.001246265
0.0009486201
0.0007843814
0.0004696221
-0.0001471705
-0.0009882828
-0.001658157
-0.002134273
-0.002389871
-0.00255492
-0.002562251
-0.002310056
-0.001628123
-0.0005346454
0.0002433208
0.0007348318
0.001140087
0.001668223
0.002384459
0.003011761
0.003590679
0.004260107
0.00487136
0.005220749
0.005339499
0.005227421
0.005083764
0.004782156
0.004198962
0.003544251
0.002902756
0.002395407
0.002024248
0.001724892
0.001233758
0.0006322635
0.0001305021
-0.0003118757
-0.0007223615
-0.001126818
-0.001458675
-0.001719165
-0.001964811
-0.002242503
-0.002562786
-0.002958927
-0.003469396
-0.004064644
-0.004635127
-0.004982939
-0.005215141
-0.005490331
-0.00574246
-0.005945661
-0.006154402
-0.006341963
-0.006443029
-0.006421679
-0.006226699
-0.006037732
-0.005738367
-0.005215236
-0.004523839
-0.003703964
-0.003148966
-0.002770992
-0.00239782
-0.002002307
-0.001544963
-0.001040679
-0.0005400941
-0.0001040327
0.0003312282
0.0007184078
0.0009416732
0.001111169
0.001505782
0.001795471
0.001849326
0.002058082
0.002279727
0.002234026
0.002129858
0.002117756
0.002198548
0.002533051
0.003118469
0.003359706
0.002921601
0.002508794
0.002320755
0.002359224
0.002391785
0.002392693
0.002538212
0.002763246
0.002790024
0.002719518
0.002672353
0.002725369
0.002841239
0.002885443
0.002943633
0.003094064
0.003309738
0.003518845
0.003628959
0.003747648
0.00381828
0.003532703
0.00274781
0.001869946
0.001469912
0.001999465
0.002437534
0.002458511
0.002079985
0.001578747
0.001299043
0.001014963
0.0005534792
-0.0001510014
-0.001036407
-0.001996804
-0.002939206
-0.00383988
-0.00462804
-0.005451598
-0.006403633
-0.007424316
-0.008327364
-0.008881837
-0.009231751
-0.009426582
-0.009513594
-0.00944184
-0.009341753
-0.008915025
-0.008090369
-0.007629008
-0.007236386
-0.00645687
-0.00566738
-0.005185372
-0.004848933
-0.004576632
-0.004160687
-0.003558839
-0.002782224
-0.002120623
-0.001531215
-0.0008339808
-0.0002146185
0.0001833254
0.0007345889
0.001459011
0.002000657
0.002326364
0.002561689
0.002951074
0.003598575
0.004139726
0.004523552
0.00469108
0.004648402
0.004326891
0.00389148
0.003182255
0.002398696
0.001690406
0.001194081
0.0008661227
0.0005583614
-0.0001290046
-0.0009271374
-0.001675288
-0.002434326
-0.003337404
-0.004358185
-0.005179933
-0.005563322
-0.005791464
-0.005944378
-0.006170072
-0.006427396
-0.006524707
-0.006279475
-0.006007578
-0.006090271
-0.006203321
-0.006082469
-0.005753427
-0.005464722
-0.005384886
-0.005125413
-0.004559689
-0.004221557
-0.004191327
-0.004301934
-0.00436221
-0.004197162
-0.003819654
-0.003385163
-0.003308799
-0.00331847
-0.00325103
-0.003137245
-0.002837678
-0.00224788
-0.00182889
-0.001779397
-0.001510501
-0.0005982338
0.0009314764
0.002325901
0.003105013
0.003585675
0.003827311
0.004095242
0.004378226
0.004786983
0.005156765
0.00534311
0.005243086
0.005042831
0.005001735
0.004969209
0.004825638
0.004565466
0.004282804
0.004119552
0.004072695
0.003997435
0.003550425
0.00306143
0.002849966
0.002445811
0.001752491
0.00126943
0.000887734
0.0004790812
0.0002278223
0.0001665749
1.347574e-05
-0.0003788869
-0.001033005
-0.00151084
-0.001787262
-0.002135961
-0.002711467
-0.003520851
-0.004122395
-0.004509648
-0.004936466
-0.005256565
-0.005376692
-0.005517644
-0.005630013
-0.00557297
-0.005407492
-0.005089447
-0.004583273
-0.004030225
-0.003785157
-0.003539735
-0.002989302
-0.002480706
-0.002109851
-0.001814373
-0.001741257
-0.001886352
-0.00179847
-0.00148936
-0.001449875
-0.001501993
-0.001385187
-0.001162755
-0.000862017
-0.0005832023
-0.0002674073
0.0001959612
0.0008631795
0.001615099
0.002005282
0.002512457
0.003554533
0.00441828
0.004703993
0.004972377
0.005096742
0.005088268
0.005192053
0.005519934
0.005752198
0.005771168
0.005482778
0.005027328
0.004478313
0.003947094
0.003215189
0.002288075
0.00161975
0.001400949
0.001057692
0.0006665425
0.0003990473
0.0002889771
0.0003681335
0.0004497608
0.0002563456
-0.0002969449
-0.0003971351
0.0002813775
0.001122311
0.00201955
0.002718596
0.003123125
0.003149852
0.003231689
0.003219066
0.003056119
0.002952063
0.002923262
0.002657755
0.002248321
0.001908265
0.001601771
0.001280021
0.0008952599
0.0004484819
9.290861e-06
-0.0004059588
-0.0008133731
-0.001216068
-0.001662011
-0.002218606
-0.002836602
-0.003186328
-0.003255119
-0.003319739
-0.003244045
-0.002948029
-0.002579892
-0.002295773
-0.00226471
-0.002082113
-0.001462322
-0.001094221
-0.0008775214
-0.0002260192
0.0005154995
0.0009051865
0.001265136
0.00156361
0.001589199
0.00136339
0.001105873
0.0009901108
0.0009632159
0.0007661692
0.0003725622
-0.0002193093
-0.0009655013
-0.001801799
-0.002455086
-0.002985317
-0.003515527
-0.004134967
-0.004904291
-0.005801295
-0.006672389
-0.007376769
-0.007889749
-0.008064574
-0.008045078
-0.008099939
-0.008277889
-0.008247593
-0.008017666
-0.007871437
-0.007977555
-0.008406423
-0.008802139
-0.009114978
-0.009206557
-0.009027501
-0.008793886
-0.00920669
-0.01006063
-0.01082853
-0.01116931
-0.01077115
-0.0101473
-0.009558215
-0.009297904
-0.008862122
-0.007993198
-0.007081203
-0.006060875
-0.00491606
-0.00395153
-0.003274013
-0.002393879
-0.001325433
-0.0002159879
0.0008907483
0.001860245
0.002486417
0.002761048
0.003051946
0.003220273
0.003417917
0.004121538
0.005232356
0.006000035
0.006560978
0.007070187
0.00751648
0.007665572
0.00757449
0.007541404
0.007853848
0.008044274
0.007906861
0.007592346
0.007066963
0.006467174
0.006080323
0.005868595
0.005472824
0.004729011
0.003557886
0.002393828
0.001415445
0.0007729079
0.0002312341
-0.0002816698
-0.000760573
-0.001201217
-0.001665118
-0.002061563
-0.0023596
-0.002715543
-0.003108022
-0.003460272
-0.003756885
-0.003877998
-0.003749051
-0.003584228
-0.00375181
-0.004183974
-0.004846997
-0.005429066
-0.005803706
-0.005775184
-0.005492161
-0.004938514
-0.0046686
-0.004514382
-0.004285861
-0.004118179
-0.004052705
-0.003937828
-0.003833269
-0.003764914
-0.003524764
-0.003064351
-0.002738364
-0.002480169
-0.002170291
-0.001850022
-0.001583663
-0.00141007
-0.00115155
-0.0006386148
-8.248017e-05
0.0004098566
0.000920632
0.001349962
0.001551671
0.001705723
0.001818822
0.001655694
0.001159995
0.0007167878
0.0005319343
0.0005125908
8.968284e-05
-0.0005672565
-0.001053677
-0.001229849
-0.001138969
-0.00137294
-0.001801028
-0.002142933
-0.0021895
-0.001884385
-0.001681427
-0.001480595
-0.001209004
-0.00103931
-0.001087281
-0.001185245
-0.001399058
-0.001688836
-0.002064169
-0.002455737
-0.00255991
-0.002307026
-0.002040225
-0.002252002
-0.002937829
-0.003015372
-0.002725043
-0.002764469
-0.00289121
-0.002968214
-0.003145998
-0.003599783
-0.004214735
-0.004664176
-0.004789091
-0.004991711
-0.005244891
-0.005492225
-0.005706219
-0.005841247
-0.005830549
-0.00573377
-0.005581573
-0.005214708
-0.004545146
-0.003924237
-0.003345188
-0.002878896
-0.002428695
-0.0019876
-0.001634996
-0.001363002
-0.0009428446
-0.0002302187
0.0007203601
0.001306033
0.001602806
0.002093039
0.00240889
0.002280356
0.002249712
0.002427451
0.002638311
0.002696037
0.002516527
0.002461487
0.002480678
0.002278712
0.001967667
0.001754804
0.001616546
0.001436499
0.001087474
0.0006445047
0.0002108417
-0.0002945621
-0.0009086094
-0.001509404
-0.001956345
-0.002213848
-0.002533998
-0.002883257
-0.003042928
-0.002923802
-0.002459025
-0.001996993
-0.001615397
-0.001381411
-0.001203982
-0.001038932
-0.001022077
-0.001142479
-0.001140131
-0.00112425
-0.001093675
-0.0007370334
0.0001352784
0.001303851
0.002686145
0.003756121
0.003976916
0.003070699
0.002422123
0.001914009
0.001438036
0.0009187198
0.0004602026
0.000187064
0.0001889928
0.0004214539
0.0006185405
0.0008716621
0.001236829
0.001525358
0.001583036
0.001771558
0.002061809
0.002081021
0.001878718
0.001628585
0.001393094
0.001188038
0.0009374941
0.0003724149
-0.0005407802
-0.001043511
-0.0007747294
-0.0006788913
-0.0008334592
-0.001209891
-0.00161358
-0.001870534
-0.001885486
-0.00185302
-0.001878188
-0.001565074
-0.0008391503
-0.0004458269
-0.0001521378
0.0003246551
0.0007074819
0.0008760886
0.001126932
0.001359999
0.001438277
0.001534898
0.001734455
0.001932733
0.002203913
0.002588901
0.002871004
0.002939816
0.003007993
0.00299772
0.002759136
0.002391565
0.001947138
0.00150396
0.001123483
0.0008251621
0.0003531751
-0.000428281
-0.001169843
-0.001777444
-0.002229464
-0.002473293
-0.002503921
-0.002677276
-0.002877501
-0.002982739
-0.003043705
-0.003043033
-0.002949321
-0.002903042
-0.003181438
-0.003585147
-0.00396841
-0.004256655
-0.004494792
-0.004721608
-0.004912114
-0.005180364
-0.005791959
-0.006793426
-0.007772663
-0.008551947
-0.008996694
-0.009226949
-0.009025713
-0.008478653
-0.007400281
-0.005760295
-0.004444527
-0.003287231
-0.002086616
-0.0009181685
0.0003592218
0.002070176
0.004485394
0.006864049
0.008768566
0.009659889
0.009978288
0.009892132
0.009746545
0.009232682
0.008651676
0.008128032
0.007642796
0.007104386
0.006589504
0.006269281
0.006257656
0.006544803
0.006563396
0.006382656
0.006183252
0.006010519
0.006122563
0.006881032
0.008102388
0.00871942
0.008659421
0.007659327
0.006066938
0.004318303
0.003527956
0.003089823
0.002582498
0.001899163
0.00121369
0.0007878768
0.0004542189
0.0001515539
-8.2083e-05
-8.164674e-05
0.0002090133
0.0008112978
0.001733037
0.002587059
0.003164865
0.003340797
0.003181742
0.002976032
0.002830566
0.002701994
0.002632258
0.00281428
0.003240294
0.003419101
0.003039261
0.002287866
0.001432467
0.0009767715
0.0009051493
0.001379361
0.002339455
0.003560933
0.004461871
0.005099476
0.00528728
0.005333171
0.006471336
0.009330066
0.01089572
0.009601366
0.00850392
0.007300871
0.006165797
0.005440781
0.005422433
0.005620857
0.006041722
0.006072472
0.005970213
0.006016621
0.006240195
0.006875399
0.007958219
0.00900982
0.009621143
0.009902849
0.009722219
0.009289938
0.008777318
0.008577518
0.008358495
0.008057621
0.007711213
0.007209586
0.00644564
0.005709258
0.005055467
0.004522215
0.004163422
0.003968265
0.003757468
0.003763002
0.00423144
0.004834502
0.004991586
0.004751412
0.004081695
0.003541158
0.002877086
0.00183955
0.0005437291
-0.0008102523
-0.001690001
-0.002104035
-0.002081318
-0.001605253
-0.0005899569
0.0003840995
0.001159839
0.001480647
0.001534846
0.001254407
0.001144663
0.001077306
0.0009666504
0.001000557
0.0009526087
0.0002880517
-0.0003003212
0.0001746674
0.001193233
0.00237465
0.003128778
0.003575032
0.003740755
0.003788983
0.003733559
0.00358652
0.003413715
0.003499009
0.003592824
0.003558948
0.003544185
0.003468555
0.003095833
0.002372955
0.001318826
0.0004827231
6.009794e-05
4.085437e-05
0.0004724126
0.001378988
0.002020233
0.002232389
0.002206404
0.002042501
0.001918555
0.001653906
0.001216364
0.0008507341
0.0005193647
0.0002127039
8.091847e-05
0.0003001435
0.0008165572
0.001408171
0.001746549
0.002084321
0.002452768
0.002772977
0.003214554
0.003916098
0.004506941
0.004853181
0.005363295
0.005899941
0.006129643
0.006083958
0.005708098
0.005134718
0.004375134
0.003944408
0.003921278
0.004251332
0.004373584
0.00428855
0.003985784
0.003662115
0.003521397
0.003604131
0.003862708
0.003936941
0.003761525
0.003145659
0.002206679
0.001238311
0.0008395239
0.0003106867
-0.0007763335
-0.001886506
-0.002698576
-0.002974375
-0.002744183
-0.00232806
-0.002862002
-0.0042177
-0.005061632
-0.005528442
-0.005760424
-0.005906764
-0.006155872
-0.006865409
-0.0075954
-0.008102784
-0.008562505
-0.00891419
-0.009039849
-0.009037007
-0.008996609
-0.009064888
-0.009319513
-0.009669759
-0.009889425
-0.009861172
-0.009819743
-0.009736182
-0.009568844
-0.009442404
-0.009129861
-0.008051243
-0.006494125
-0.005720596
-0.005363587
-0.004971121
-0.00471239
-0.004550448
-0.003795622
-0.00289478
-0.002471923
-0.002120153
-0.001614402
-0.001061552
-0.0005972567
-0.000274658
3.872765e-06
0.0002594408
0.0004405224
0.000619869
0.0009797908
0.001362758
0.001635887
0.001823236
0.001966352
0.002190633
0.002503653
0.002895003
0.003191465
0.00312446
0.002537339
0.001858944
0.001651107
0.001476005
0.001255626
0.001165627
0.001250255
0.001406268
0.001519005
0.001607644
0.001719423
0.001793975
0.001820043
0.001991346
0.002458827
0.003065466
0.003730464
0.004169741
0.004134282
0.003614069
0.00349805
0.00378498
0.004107769
0.004207409
0.004234584
0.004327556
0.004363149
0.004300278
0.004303055
0.004257854
0.004031221
0.003853044
0.003845846
0.003849881
0.003845669
0.00389185
0.004041138
0.004265258
0.004346653
0.004400279
0.004715388
0.005072588
0.005126779
0.004945536
0.004802508
0.005082098
0.005228343
0.004643329
0.003792426
0.002706307
0.001762489
0.0008669144
0.0001091414
-0.0002148425
-0.0003074451
-0.0008826475
-0.001464607
-0.001640153
-0.002024103
-0.002644495
-0.003061254
-0.00338237
-0.003739313
-0.003935174
-0.003857539
-0.003614716
-0.003249828
-0.00294502
-0.002834457
-0.003038324
-0.0033392
-0.003602646
-0.003526968
-0.002988849
-0.002027354
-0.001602816
-0.001453101
-0.001219392
-0.00107981
-0.001108238
-0.001081695
-0.0009122674
-0.000586503
-0.0002670888
-5.592988e-05
0.0001848701
0.0004279043
0.0006033662
0.0006196373
0.0005702916
0.0008104538
0.001165082
0.001202052
0.001217536
0.001349128
0.001390757
0.001244481
0.001021481
0.0007385939
0.0004629287
0.0003726974
0.0005426304
0.0008067391
0.001116281
0.001278533
0.001267152
0.001060078
0.0008177969
0.0006182866
0.000572195
0.0004579069
0.000250169
4.294112e-05
-0.0001596534
-0.0003743506
-0.0005991653
-0.0008647469
-0.001169123
-0.001494263
-0.001771444
-0.001952038
-0.001965372
-0.001947919
-0.001999509
-0.00217075
-0.002164775
-0.001951234
-0.001877492
-0.001881777
-0.00179869
-0.00154177
-0.001011494
-0.0004293122
0.0001080872
0.000430803
0.0006036754
0.0006533753
0.0007345872
0.0007649512
0.0007857449
0.0008532796
0.001022963
0.00127929
0.001671035
0.002151705
0.002846757
0.003532106
0.003403195
0.002655111
0.002511524
0.002659822
0.00275068
0.002610763
0.002229472
0.001718244
0.001052314
0.000231465
-0.0004324885
-0.0007453911
-0.0007731001
-0.0008114599
-0.001001391
-0.001193745
-0.001299151
-0.001273327
-0.001259639
-0.0013459
-0.001497517
-0.001723723
-0.001978795
-0.002162866
-0.002108733
-0.001868031
-0.001633667
-0.001809811
-0.002232411
-0.002607965
-0.002902433
-0.003129209
-0.003253622
-0.003243905
-0.003230224
-0.003415579
-0.003712913
-0.003797511
-0.003789582
-0.003805509
-0.003765104
-0.003714287
-0.003819915
-0.003870875
-0.003746895
-0.003892471
-0.004489659
-0.005045823
-0.005443448
-0.005560245
-0.005512063
-0.005219189
-0.004969613
-0.004784748
-0.004745002
-0.004872753
-0.005205725
-0.005409685
-0.005503586
-0.00557736
-0.005735495
-0.005956691
-0.006089921
-0.006236613
-0.006493998
-0.006764434
-0.006919152
-0.006847156
-0.006668906
-0.006528247
-0.006211786
-0.005678214
-0.005344925
-0.00509618
-0.004728971
-0.00429841
-0.00381082
-0.003285393
-0.002695116
-0.002074398
-0.001477442
-0.0009960514
-0.0006309887
-0.0003293882
0.0001446227
0.0007065864
0.001293869
0.001835453
0.002310385
0.002718768
0.003111489
0.003467999
0.003555602
0.003388685
0.003376111
0.003549308
0.003957465
0.004502721
0.004900341
0.004624486
0.003942413
0.003431154
0.003267826
0.003406644
0.003376219
0.003253708
0.003146949
0.003148654
0.00319902
0.003154707
0.003185337
0.003396483
0.003484294
0.003400333
0.003291722
0.003053017
0.002650317
0.002271295
0.001974832
0.001726527
0.001358469
0.000626995
-0.0003740864
-0.001322568
-0.00160812
-0.001587883
-0.001574376
-0.001882056
-0.002377676
-0.002619078
-0.002746108
-0.00285065
-0.002913911
-0.003011108
-0.003241508
-0.003198404
-0.0025845
-0.001840484
-0.001107128
-0.0005310417
0.0001169929
0.0008663598
0.001387677
0.001621563
0.001854363
0.002174026
0.002617968
0.00293096
0.00306086
0.00314023
0.003125764
0.003004887
0.002804629
0.002460256
0.001979229
0.001429934
0.0008674102
0.0001149766
-0.0008190418
-0.001629213
-0.002366067
-0.003078543
-0.003807038
-0.004523884
-0.005161896
-0.005563662
-0.005684097
-0.005888739
-0.005989757
-0.005830415
-0.005527153
-0.005187881
-0.005007628
-0.004979013
-0.00498124
-0.004872325
-0.004610171
-0.004377415
-0.004112086
-0.003747473
-0.003279312
-0.002708509
-0.002194334
-0.001769954
-0.001433059
-0.001224977
-0.001221215
-0.001245945
-0.001161812
-0.0008321304
-0.0005051589
-0.0003220882
-0.0002009549
-0.0001090924
-3.59417e-05
-9.047497e-05
-0.000304975
-0.0004139115
-0.0003972792
-0.0004632651
-0.0008417718
-0.001414676
-0.001374438
-0.0007227558
-0.0002368715
0.0002444046
0.0008239105
0.00116361
0.0009797571
0.0004831187
0.0003098655
0.0007335435
0.0009921674
0.001037728
0.001094243
0.0009880064
0.0005051836
-7.073701e-05
-0.0006146131
-0.0009493264
-0.00121331
-0.00158318
-0.002227066
-0.002957823
-0.003264024
-0.003060872
-0.00260036
-0.002881671
-0.003632154
-0.003953417
-0.00384434
-0.003361868
-0.002942334
-0.002479695
-0.00219195
-0.002254254
-0.002646113
-0.002665846
-0.002360083
-0.001953142
-0.001500138
-0.0009820525
-0.0004241193
0.0002375041
0.0008680528
0.0011826
0.001033207
0.000915148
0.0007725552
0.0008188428
0.001293107
0.002346598
0.003414498
0.004557457
0.005419747
0.005833689
0.005481616
0.004544198
0.003090718
0.001902097
0.001260803
0.001242689
0.001154139
0.001415961
0.002035129
0.002452851
0.002282509
0.001771799
0.0009402551
0.0003493813
5.561488e-05
5.274253e-05
0.0001408297
0.0003591134
0.000616944
0.000626533
0.0001892028
-0.0004361668
-0.00135372
-0.002541125
-0.00359954
-0.00427377
-0.004778596
-0.005153742
-0.005476457
-0.005894615
-0.006347251
-0.006699361
-0.00691415
-0.006984807
-0.006878037
-0.0065673
-0.006180206
-0.005761881
-0.005443674
-0.005318579
-0.005291935
-0.004944206
-0.004456812
-0.004279637
-0.004597731
-0.005364332
-0.005546337
-0.005323864
-0.005040743
-0.004886645
-0.004778988
-0.004640769
-0.004432314
-0.004150389
-0.003860316
-0.003604229
-0.003407009
-0.003258307
-0.003112779
-0.002965736
-0.00271933
-0.002311912
-0.002058973
-0.002277299
-0.002506687
-0.002838707
-0.003406339
-0.003775543
-0.003364046
-0.002634943
-0.001930111
-0.001852955
-0.002180491
-0.002540477
-0.002785816
-0.002928927
-0.002916738
-0.002790339
-0.002728542
-0.002822324
-0.003008988
-0.003124869
-0.00330758
-0.003608428
-0.003788534
-0.003847578
-0.00395503
-0.004029551
-0.003979244
-0.003861014
-0.003521424
-0.002856209
-0.002057656
-0.001333704
-0.0009057511
-0.0008079747
-0.0007707212
-0.0008497001
-0.001005801
-0.001258337
-0.001540112
-0.00163821
-0.001617392
-0.001571632
-0.001409374
-0.001212983
-0.001202972
-0.0010364
-0.0004744175
-0.0001467577
-0.0001087405
-5.146355e-05
-0.0001560688
-0.0005110898
-0.0007032056
-0.00054158
-6.284023e-05
0.0005289673
0.00113997
0.001636064
0.002006811
0.002302805
0.002414185
0.00232635
0.002218445
0.002123806
0.002119147
0.002176386
0.002339405
0.002758289
0.00345072
0.004036507
0.004373516
0.004353495
0.004290266
0.004150263
0.003830752
0.003139419
0.002217254
0.001755594
0.002061107
0.002902817
0.003917978
0.004332626
0.004131808
0.003491322
0.003005547
0.002407835
0.001745386
0.001494458
0.001666449
0.001777251
0.002008636
0.002506238
0.002866378
0.002890341
0.002641236
0.002408947
0.002276535
0.002055068
0.001607507
0.001022274
0.0006607083
0.0007037637
0.0007181753
0.0006973653
0.0006053462
0.0006928852
0.001153829
0.001691044
0.002051519
0.001794258
0.001245698
0.0006630184
0.0003373099
0.0002636611
0.0003943926
0.0006653742
0.001051093
0.001418252
0.001759795
0.001945762
0.001898415
0.001599248
0.001361984
0.001303026
0.001541945
0.001689168
0.001540256
0.00146951
0.00152451
0.001694218
0.001895672
0.002039251
0.001990204
0.001814413
0.001637274
0.001547951
0.001611083
0.001735421
0.001892695
0.002118214
0.002581634
0.003265446
0.003625682
0.003704657
0.003605944
0.003363478
0.002889861
0.002246655
0.001611294
0.001265059
0.001007065
0.000825909
0.0005718355
0.0001637924
-0.0003517612
-0.0005463871
-0.0003139481
-0.0001987431
-0.0001955326
-0.00023458
-0.0001629235
9.335819e-05
0.0003758816
0.0003798735
-0.0001736615
-0.0008889174
-0.001659685
-0.002263178
-0.002715214
-0.003031728
-0.003330755
-0.003566657
-0.003742362
-0.003922128
-0.004012754
-0.003739615
-0.003036938
-0.002196637
-0.0009932351
0.000642461
0.001916231
0.002617416
0.003012878
0.00312911
0.003201699
0.003327278
0.003492072
0.003687901
0.003740803
0.003513496
0.0033529
0.00337804
0.003515026
0.003555289
0.00330199
0.003012483
0.002624702
0.002076377
0.001668085
0.001722459
0.001794783
0.001915536
0.002197379
0.002376795
0.00217136
0.002026878
0.002151342
0.002552047
0.003012273
0.003177253
0.00307594
0.002864124
0.002808649
0.002469198
0.00156191
0.0006821395
-0.0001083892
-0.0009396491
-0.001809932
-0.002510627
-0.002730045
-0.002360502
-0.001915329
-0.001676778
-0.00168844
-0.001505262
-0.0009551321
-0.000124588
0.0007658443
0.001324458
0.001570034
0.001790685
0.002505524
0.003272022
0.003553255
0.003546005
0.003200893
0.002848679
0.002602501
0.002636328
0.002760182
0.002930106
0.003105028
0.003439901
0.003960341
0.004357019
0.004582681
0.00483325
0.004998797
0.005012052
0.005124864
0.005508705
0.006114379
0.006704477
0.006936437
0.006907399
0.006544427
0.006168802
0.005650479
0.004934108
0.004163509
0.003462353
0.003101614
0.002945402
0.00273327
0.002422931
0.00187713
0.0009854897
1.615611e-05
-0.0005634215
-0.0008190899
-0.0008162202
-0.0007540569
-0.000432024
0.0001246277
0.0005396397
0.0007743829
0.001037693
0.001593255
0.002447833
0.002772135
0.002336897
0.002034961
0.001747511
0.001369588
0.001003584
0.0005266615
-0.0002255502
-0.0007365247
-0.0004501064
7.462154e-05
0.0006700135
0.001041137
0.001118296
0.0009596666
0.001094377
0.001556875
0.001860652
0.002081327
0.002294984
0.002433304
0.002535479
0.002849528
0.003056694
0.002850143
0.00261672
0.002432382
0.002293502
0.002005384
0.0014972
0.001169429
0.001153264
0.00116138
0.001120086
0.0009305127
0.000618546
0.0002219371
2.787719e-05
-5.573075e-05
-0.0001066124
5.297378e-05
0.0005616707
0.001025121
0.001397403
0.001610836
0.001642395
0.001378314
0.001083367
0.0007740398
0.0004933665
0.0002300966
1.416917e-05
-0.0001190712
-0.0001709616
-0.0002481234
-0.0005658215
-0.001090281
-0.001340939
-0.00147394
-0.001757
-0.002153759
-0.002621078
-0.002991401
-0.003425344
-0.004004006
-0.004469384
-0.004740428
-0.004946053
-0.005125483
-0.005362352
-0.005590198
-0.005729888
-0.005696299
-0.005480033
-0.005159506
-0.004896054
-0.004664646
-0.004436468
-0.004300811
-0.00426966
-0.004075167
-0.003646118
-0.003219497
-0.002675523
-0.00195495
-0.001282793
-0.0006357408
9.62917e-05
0.0008015039
0.001233069
0.001271624
0.0009317228
0.0008066485
0.0006936068
0.0003570393
-0.0001567375
-0.0007462097
-0.001136231
-0.001412864
-0.001729883
-0.002230006
-0.003159529
-0.004530051
-0.006118236
-0.007111848
-0.007990578
-0.008876862
-0.009223978
-0.009058953
-0.008421951
-0.006747312
-0.003481075
-0.0005061684
0.00226453
0.004692672
0.006375108
0.006853737
0.006894976
0.006532684
0.006132626
0.005805959
0.005759914
0.005771591
0.005708354
0.005561399
0.005699598
0.006281245
0.00656816
0.006241372
0.005441567
0.004792579
0.005088721
0.00588879
0.006965865
0.007813867
0.008439214
0.008840743
0.009095548
0.009045073
0.008528968
0.007327599
0.005527333
0.003759591
0.002219413
0.001236621
0.0007730755
0.0010108
0.001546598
0.002627292
0.003648582
0.004610331
0.005594479
0.006563832
0.007179152
0.007143356
0.006604255
0.005443849
0.003943624
0.002257419
0.001017721
0.0003196639
0.0001404397
-0.0002904687
-0.0009784676
-0.00191721
-0.002850305
-0.003481147
-0.003723713
-0.003604277
-0.003349594
-0.003234302
-0.003429354
-0.003543639
-0.003438172
-0.003029323
-0.00259838
-0.002236194
-0.002121438
-0.00208161
-0.001829694
-0.001309962
-0.0007207333
-0.0007210911
-0.001149195
-0.00157194
-0.001740934
-0.001507575
-0.001261904
-0.0009982372
-0.0006974534
-0.0002437519
0.0003282416
0.0007016399
0.0008540776
0.0008132828
0.0006178372
0.0002943174
3.532756e-05
6.504508e-05
0.0004119137
0.0003132383
-0.0005563633
-0.001151397
-0.001581762
-0.00209308
-0.002719351
-0.003512283
-0.004388858
-0.005164817
-0.005615989
-0.005898231
-0.006031007
-0.006146333
-0.006241814
-0.006307048
-0.006167678
-0.005903968
-0.00587026
-0.005902736
-0.005670909
-0.005001495
-0.00390266
-0.002951802
-0.002661196
-0.003346204
-0.003926809
-0.004319839
-0.004598413
-0.004600142
-0.004327723
-0.004296485
-0.004339781
-0.00387295
-0.003052555
-0.002303887
-0.002000352
-0.002272072
-0.002599011
-0.003036602
-0.003427939
-0.003319581
-0.002481032
-0.00168103
-0.001172877
-0.0009719462
-0.0002817218
0.0009117699
0.001499005
0.001700993
0.001932819
0.002249406
0.002382019
0.002005747
0.001552274
0.001620639
0.001692944
0.001584352
0.001610575
0.001624428
0.001315284
0.0009022227
0.0003720638
-0.0003911917
-0.001298959
-0.002026325
-0.002538533
-0.002703018
-0.00277352
-0.002758868
-0.002846565
-0.003150319
-0.003695491
-0.004063974
-0.004451659
-0.004904444
-0.005001258
-0.004624033
-0.004184097
-0.003781928
-0.003659006
-0.00370971
-0.003737753
-0.003339196
-0.00264797
-0.00180284
-0.0007346655
0.0004469404
0.001144379
0.001360655
0.001302088
0.001302136
0.001244369
0.001165301
0.001298307
0.00185669
0.002534391
0.003270193
0.003763369
0.004290562
0.005112622
0.005866937
0.006187178
0.005941744
0.005361319
0.004961274
0.004887613
0.005195852
0.005371372
0.005367414
0.005224758
0.005316271
0.005783532
0.006143056
0.00649213
0.006941468
0.007309898
0.00754992
0.0079174
0.00821103
0.008109193
0.007791701
0.007240548
0.006420938
0.005217544
0.003826754
0.002692782
0.002358625
0.002682387
0.003271741
0.003399912
0.00311323
0.00239884
0.001697591
0.0009003109
6.178172e-05
-0.0006659038
-0.001162162
-0.001579107
-0.001790834
-0.00182906
-0.002100195
-0.002702511
-0.00326927
-0.00369346
-0.003880555
-0.003963967
-0.003882447
-0.003778825
-0.003657544
-0.003522125
-0.003281469
-0.002942385
-0.002753191
-0.002661893
-0.002544069
-0.002356507
-0.002241626
-0.002479017
-0.0031504
-0.004071378
-0.00471249
-0.004839011
-0.004599636
-0.00402926
-0.003374543
-0.002813038
-0.002325879
-0.001934214
-0.001870139
-0.002293797
-0.002883566
-0.003365952
-0.003564457
-0.003589171
-0.003452687
-0.002968317
-0.002063257
-0.001300196
-0.0007796633
-0.0005740493
-0.0003991348
-0.0001918076
-0.0001935241
-0.0004690101
-0.0007506611
-0.001023655
-0.001347336
-0.001737829
-0.002144749
-0.002461152
-0.002817897
-0.003246443
-0.003563284
-0.003892053
-0.004295528
-0.004402916
-0.003978342
-0.003497675
-0.002878374
-0.002124839
-0.001457893
-0.001086208
-0.0009271345
-0.00101695
-0.001122352
-0.001469644
-0.002207819
-0.00287778
-0.003413894
-0.003753991
-0.004221662
-0.004859332
-0.005137122
-0.004987881
-0.004571949
-0.004209836
-0.00398835
-0.003608603
-0.003137241
-0.002809471
-0.002477846
-0.002126732
-0.001991893
-0.002112021
-0.002099631
-0.001520065
-0.0001228812
0.001180176
0.001796934
0.001396359
0.0008166216
0.0005837685
0.0007465516
0.001314438
0.001873905
0.001995945
0.001258921
0.0005944474
0.0003843152
0.0007486899
0.001261702
0.001335316
0.001173556
0.0009526696
0.0008516321
0.0006188047
0.0001338806
-0.0003035026
-0.0003601357
0.0002474714
0.001428728
0.002875802
0.003414029
0.002652213
0.00206495
0.001882413
0.002344097
0.002936219
0.003451842
0.003545366
0.003190131
0.002432703
0.001585466
0.0009616957
0.001058595
0.0014455
0.001461595
0.001342847
0.001144932
0.0007865875
0.0003331264
-2.587143e-05
-0.0003973271
-0.0008113588
-0.001098756
-0.0009318121
-0.0002097119
0.0004017396
0.001024527
0.002009448
0.003157644
0.004031901
0.004518087
0.004306839
0.003688069
0.00272367
0.001760124
0.001011375
0.0006430043
0.0006297708
0.001052817
0.001774943
0.002517036
0.003196057
0.003442595
0.003265827
0.00282315
0.002304613
0.002129708
0.002734075
0.003833568
0.004682481
0.004834525
0.004328938
0.004273474
0.0043255
0.00391364
0.002825536
0.001191537
0.0002199746
-5.721815e-05
6.372764e-05
-0.000123039
-0.000532574
-0.0007163006
-0.0007746738
-0.0008212254
-0.000711531
-0.0003195087
1.595171e-05
0.0001508497
-8.499671e-05
-0.0004828181
-0.0008521407
-0.0009063191
-0.000464141
0.0005361106
0.001517862
0.002170286
0.002772028
0.00328173
0.003552475
0.003281321
0.002205799
0.001036319
0.0001370052
-0.000128593
-0.0001902783
-0.0003866303
-0.001035003
-0.002215659
-0.003664845
-0.0050383
-0.006036142
-0.006622324
-0.00670056
-0.006159875
-0.005000757
-0.003170822
-0.00131641
0.0003454719
0.001126077
0.001370715
0.001087731
0.0003804926
-0.0006150774
-0.001160047
-0.001193476
-0.0007149863
-0.0003758567
-0.0006242577
-0.00171308
-0.003150417
-0.004499061
-0.00523286
-0.00518461
-0.004896552
-0.004558971
-0.004140705
-0.003544312
-0.002881867
-0.002427211
-0.002137167
-0.002024847
-0.002054807
-0.002057463
-0.001727595
-0.001357106
-0.001387964
-0.001700424
-0.002321283
-0.003058038
-0.003696945
-0.003838309
-0.003677039
-0.003399261
-0.003475934
-0.00378515
-0.004050091
-0.00392874
-0.003138645
-0.001816066
-0.0005767816
-0.0003062533
-0.0004839758
-0.00117334
-0.001689553
-0.001811471
-0.001207028
-0.0001725688
0.0009906527
0.0009419115
0.0001548583
-0.000571299
-0.001462254
-0.00252338
-0.003356048
-0.003904075
-0.004254562
-0.004539702
-0.004677869
-0.004783462
-0.004886838
-0.005016176
-0.005199196
-0.005141839
-0.00445867
-0.003421303
-0.002650251
-0.00217641
-0.001971375
-0.00154618
-0.00100295
-0.0005583694
-0.0006926007
-0.001270683
-0.0008563987
0.0003895902
0.001298622
0.001685496
0.001261599
0.0002483628
-0.001095056
-0.001671278
-0.001515329
-0.0007370462
-0.0002728359
-0.0001047217
0.0001748815
0.0006083203
0.001242817
0.001997777
0.002616967
0.002620061
0.00220233
0.001805687
0.001618068
0.001657434
0.001759168
0.001657757
0.001175512
0.000900695
0.0009261172
0.0008187165
0.0004970486
-5.166406e-05
-0.0006689566
-0.001184005
-0.001164367
-0.0006974319
-0.0001404749
0.0002265716
0.0005155218
0.001011983
0.001636816
0.002210726
0.002562127
0.002370558
0.001587766
0.0003138812
-0.0009580882
-0.001801189
-0.001870072
-0.001693402
-0.00117805
-0.0005502414
-0.0004135896
-0.001110443
-0.001733893
-0.0021265
-0.00202968
-0.001398268
-0.0003941224
7.196597e-05
0.0001691506
0.0003672831
0.0006939856
0.001201021
0.001752378
0.002249952
0.002417541
0.002477898
0.002555161
0.002739128
0.002958861
0.003059458
0.002938545
0.002726821
0.002939198
0.00360247
0.004049083
0.003881375
0.002915202
0.002174348
0.001906041
0.002103825
0.002772906
0.003658555
0.004297187
0.004596539
0.004626679
0.004564586
0.004764009
0.005192537
0.005948221
0.006766626
0.007370229
0.007341552
0.006838873
0.006086591
0.005704933
0.005574324
0.005309514
0.004353212
0.002696916
0.001774957
0.001796366
0.002578913
0.003138187
0.003573865
0.004218509
0.005033469
0.005684557
0.005764203
0.004848377
0.003607491
0.002076311
0.0007783084
0.0003690334
0.0009076822
0.001550398
0.002224269
0.002673154
0.003181921
0.003916113
0.004784944
0.005328264
0.005114706
0.004678234
0.003975826
0.003404481
0.002977388
0.002788263
0.002813263
0.003199684
0.00355591
0.003817403
0.003860961
0.003668767
0.003060235
0.00238812
0.001971734
0.002139799
0.002535612
0.003255414
0.003956216
0.004398263
0.004345585
0.004093252
0.00359958
0.003191718
0.00284015
0.002523206
0.002333104
0.002183758
0.00173945
0.001140884
0.0007816248
0.0007728211
0.001181759
0.001389606
0.001486235
0.00147487
0.001292568
0.0007405309
0.0001571789
-0.0003154552
-0.0003907307
-0.000132248
0.0004125518
0.0003970089
-0.0001638293
-0.001022324
-0.001716696
-0.002224552
-0.00255187
-0.002678649
-0.002525925
-0.001876874
-0.000481838
0.0007318528
0.001680196
0.002330819
0.002457127
0.002191025
0.001983403
0.001566966
0.0008531989
0.000248904
5.712209e-05
9.878655e-05
0.0003475093
0.0007833258
0.001466514
0.002342366
0.00267643
0.002662383
0.002615987
0.002404255
0.002066982
0.002028249
0.002220971
0.002368512
0.002175601
0.001410717
0.0005968779
7.396424e-05
0.0001861802
0.0003988529
0.0004668213
0.000541257
0.0006934968
0.0008646087
0.001081413
0.001381548
0.001723333
0.002156448
0.002598805
0.00282163
0.002628829
0.002213906
0.001469678
0.000751266
0.0003040741
7.535876e-05
-0.0005004493
-0.001287499
-0.001815471
-0.00202581
-0.001893132
-0.001830349
-0.00182212
-0.002077251
-0.002608643
-0.003398432
-0.004026036
-0.004635582
-0.005277127
-0.005770477
-0.005775992
-0.005294272
-0.004654673
-0.004448937
-0.004541699
-0.004932536
-0.005391746
-0.005839017
-0.005728301
-0.005099559
-0.003921171
-0.002659193
-0.001413939
-0.0008030756
-0.0005089797
-0.0004252015
-0.0005814312
-0.001043577
-0.001547939
-0.002007113
-0.002202945
-0.001872501
-0.001120762
-0.0006706454
-0.0004388412
-0.000307277
-0.0001516418
-1.882825e-05
2.95177e-05
-5.034533e-07
-3.941976e-05
8.616255e-06
6.011849e-05
-4.181415e-05
-0.00022233
-0.0003328416
-0.0003589962
-0.0002057797
0.0002512848
0.001102251
0.002060914
0.002412462
0.001558252
3.507e-05
-0.001577322
-0.002329023
-0.002538204
-0.002365118
-0.002142808
-0.001671661
-0.001028326
-0.0004866001
-0.0002586654
-0.0004327165
-0.0008678539
-0.001212821
-0.001285055
-0.001184935
-0.001347244
-0.001667255
-0.001874591
-0.001833264
-0.001469595
-0.001210558
-0.001093241
-0.001189854
-0.001358052
-0.001482041
-0.001456992
-0.001936419
-0.003351364
-0.004289088
-0.003949866
-0.003654609
-0.003450406
-0.003344033
-0.003383203
-0.003494845
-0.00314875
-0.002454195
-0.001826144
-0.001118439
-0.0003142674
9.009517e-05
-7.936832e-05
-0.0006406623
-0.001828511
-0.003585608
-0.005377572
-0.007189466
-0.008771737
-0.009875704
-0.01038545
-0.01117324
-0.01207312
-0.01300094
-0.01387823
-0.01427947
-0.01359077
-0.0119932
-0.009902503
-0.007239505
-0.003871666
-0.0005429734
0.002384443
0.004542961
0.005999928
0.006811917
0.006549883
0.004674949
0.002338596
0.0001898449
-0.0006095826
-0.0002768391
0.001161244
0.002478807
0.003664439
0.003742006
0.002940486
0.001253668
-0.0006916905
-0.002590227
-0.003684215
-0.003752594
-0.002512774
-0.0009330313
0.001195728
0.002833188
0.003998979
0.004565515
0.004383238
0.003133268
0.002184367
0.001636269
0.001471185
0.001474591
0.001779573
0.002538686
0.00380012
0.005330784
0.006680015
0.007704791
0.008300263
0.008546204
0.009080115
0.009752813
0.01019215
0.009983453
0.008719942
0.006537901
0.003484543
0.0005289137
-0.00136776
-0.001949491
-0.001962414
-0.00176599
-0.001469367
-0.001326651
-0.001042577
-0.0005060774
-0.0004307918
-0.001257037
-0.002167828
-0.003024572
-0.003106938
-0.002054998
0.0001149853
0.001623681
0.002379935
0.002261475
0.00161317
0.0006583667
-9.490253e-05
-0.0005934356
-0.001033703
-0.001182356
-0.0009289253
-0.000702189
-0.0003257402
0.0002898631
0.001105397
0.002094584
0.002837645
0.003275912
0.003516488
0.00348535
0.003201182
0.002881245
0.002475401
0.00203127
0.001494219
0.000996273
0.0008373176
0.00131345
0.002313469
0.00350789
0.004166107
0.00422243
0.00342781
0.002501978
0.001247871
-0.0001459991
-0.001097313
-0.001474756
-0.001600673
-0.001561097
-0.001168037
-0.0004320347
0.0006380897
0.001571141
0.002099363
0.001985821
0.001666345
0.001144964
0.0009927882
0.001380214
0.002158651
0.00246856
0.002058099
0.00144566
0.0006114075
-0.0003284039
-0.001299694
-0.002305042
-0.0032371
-0.004095725
-0.004596858
-0.004330315
-0.00318853
-0.002001898
-0.001070488
-0.0006638203
-0.0007540562
-0.001276841
-0.001619516
-0.001877003
-0.00192901
-0.001564622
-0.0008124689
-0.0001643337
0.0004949109
0.001070584
0.00110198
0.0002214732
-0.0008382988
-0.002095412
-0.003306298
-0.004057139
-0.004275996
-0.004186411
-0.003623526
-0.002789708
-0.002275145
-0.002016064
-0.001729686
-0.001618307
-0.001825267
-0.00204931
-0.002193361
-0.002065964
-0.0017945
-0.001545893
-0.001281057
-0.001003314
-0.0009317994
-0.001172862
-0.001528282
-0.00130542
-0.0004712707
-0.0001372158
-0.00030294
-0.000732475
-0.001055153
-0.001107345
-0.0007484095
-0.0001945917
9.48313e-05
6.76229e-05
-0.0003623034
-0.0007436208
-0.0008648173
-0.0005065538
-0.0001285844
6.698655e-05
-0.000239689
-0.0008919327
-0.001510835
-0.001874537
-0.001960566
-0.001855352
-0.001568375
-0.001288598
-0.001136377
-0.001207307
-0.00141242
-0.001584168
-0.001396485
-0.0008029478
0.0002051261
0.0008267359
0.001093775
0.001129985
0.001116917
0.001230321
0.001540948
0.001990526
0.002446629
0.002813415
0.002986778
0.003105903
0.003194178
0.003257061
0.003112908
0.002638714
0.002065893
0.001379531
0.0007270228
0.0004287516
0.0005856643
0.0005695829
0.0004879906
0.0005142447
0.0006528654
0.0009305178
0.001178129
0.001406081
0.001486785
0.00126043
0.0008874547
0.0006385896
0.0004895198
0.0005943701
0.00104921
0.00135486
0.001431382
0.001379515
0.00107034
0.0005455272
0.0001571456
2.056458e-06
-1.919713e-05
-6.17466e-05
-0.0003855397
-0.0008547777
-0.001311003
-0.001450506
-0.001358108
-0.001064953
-0.0008093388
-0.0006290969
-0.000560271
-0.0005514335
-0.000627595
-0.001000848
-0.001723353
-0.002385266
-0.002769284
-0.00263206
-0.002288191
-0.001883054
-0.001727259
-0.001638405
-0.001477722
-0.001214268
-0.0009214556
-0.0007782987
-0.00078773
-0.0008958788
-0.0009418935
-0.000905937
-0.0007893042
-0.0005774894
-0.000305553
-6.691108e-05
0.0001372855
0.0003006302
0.0003314676
0.0001670568
-8.214514e-05
-0.0005063623
-0.0009881753
-0.001439048
-0.001639845
-0.001487873
-0.001007202
-0.0006003951
-0.0003348531
-0.0003054873
-0.0003407872
-0.0004933365
-0.0006795989
-0.0009331108
-0.001222638
-0.001403645
-0.001351906
-0.001105574
-0.000754294
-0.000446349
-0.0001731712
4.440234e-05
0.0001116842
5.986228e-05
-4.839404e-05
-0.0002116747
-0.0003912882
-0.000411643
-0.0002087784
0.000177315
0.0004417864
0.000535188
0.0005357953
0.0004326008
0.0002436428
4.622669e-05
-8.127488e-05
-0.000107632
-8.165304e-05
-3.091077e-05
0.0001026224
0.0002899499
0.0002950984
0.0001574695
-4.970322e-05
-0.000289856
-0.0004620751
-0.0003996282
-0.0002249501
-0.0001170992
-5.287881e-05
-2.419058e-05
-1.449992e-05
8.399643e-06
5.545298e-05
3.020616e-05
-0.0001494625
-0.0003712316
-0.000566605
-0.0005960862
-0.0004300665
-1.413196e-05
0.0004188453
0.0007631682
0.0008696113
0.0009176296
0.0009902598
0.00104576
0.0009516998
0.000682923
0.0003581955
7.813371e-05
-5.301273e-05
-2.773441e-05
0.0001046048
0.0001728682
6.566837e-05
-8.485728e-05
-0.000251092
-0.0003827918
-0.0004515515
-0.0004376714
-0.0004384551
-0.0004309852
-0.0003822318
-0.0002625084
-0.0001227043
-0.0001308883
-0.0001763297
-8.090754e-05
0.0001406719
0.0004425535
0.0006171179
0.0006664264
0.0005973053
0.000469248
0.0002977688
0.0001247068
-3.607689e-05
-0.0001303388
-0.0001662146
-0.0001230834
-1.80908e-05
0.0001640822
0.0003642648
0.0004700784
0.0004059093
0.0002990772
0.0001389605
-3.866878e-05
-0.0001451453
-0.0001196276
-6.014036e-05
5.867691e-05
0.0002335339
0.0003854091
0.0004349797
0.0003849456
0.0002608419
0.0001241137
1.92547e-05
-1.771434e-05
-1.665725e-05
1.512069e-05
6.144917e-05
0.0001131045
0.0001540734
0.0001661725
0.0001776859
0.0002104081
0.0002251854
0.0002045768
0.0001923681
0.0001666109
0.0001129113
7.051473e-05
3.767668e-05
-4.70582e-05
-0.0001396835
-0.0001797943
-0.0001997069
-0.000190565
-0.0001536632
-9.722819e-05
-4.276272e-05
1.316089e-05
6.651508e-05
8.680638e-05
6.991519e-05
2.239433e-05
-3.986038e-05
-0.0001132194
-0.0001408037
-0.0001365741
-0.0001240183
-0.0001034898
-7.513661e-05
-6.357238e-05
-7.010554e-05
-9.546767e-05
-0.0001367882
-0.0001718058
-0.0001542569
-0.00011217
-8.962296e-05
-8.176018e-05
-7.002337e-05
-3.915947e-05
-1.397753e-05
-1.35204e-05
-1.077227e-05
-7.635471e-07
7.914549e-06
2.34062e-05
4.473322e-05
4.519302e-05
3.059986e-05
3.512068e-05
5.246367e-05
7.587493e-05
0.0001047865
0.0001317027
0.0001378617
0.0001418531
0.0001600322
0.0001691309
0.0001556766
0.0001328643
0.0001073134
9.879158e-05
0.0001237197
0.0001693008
0.0001874673
0.0001888704
0.0001871022
0.0001893708
0.0001940275
0.000201229
0.0002068077
0.0002053245
0.0002010485
0.0001907587
0.0001761093
0.0001599256
0.000150251
0.0001491567
0.0001580326
0.0001621186
0.0001603169
0.0001496322
0.0001301006
9.854089e-05
7.441832e-05
6.113689e-05
5.87594e-05
5.53497e-05
5.441708e-05
6.164401e-05
6.941589e-05
6.852072e-05
6.608171e-05
6.188683e-05
5.426009e-05
4.933616e-05
5.667263e-05
7.387252e-05
9.590294e-05
0.0001073659
0.0001074632
9.736827e-05
8.607018e-05
7.560652e-05
7.198438e-05
7.712826e-05
9.115411e-05
0.0001084473
0.000129429
0.0001481552
0.0001584846
0.0001555144
0.0001483646
0.0001336298
0.0001165248
0.0001012718
9.346431e-05
9.021298e-05
9.263185e-05
0.0001012025
0.0001134834
0.0001226344
0.0001244561
0.0001168111
0.0001070786
9.77159e-05
9.23215e-05
9.004837e-05
9.137738e-05
9.649955e-05
0.000103
0.0001065353
0.0001069998
0.0001060938
0.0001054602
0.0001033984
9.901543e-05
9.54762e-05
9.382774e-05
9.483178e-05
9.673954e-05
9.696412e-05
9.430136e-05
8.921016e-05
8.587822e-05
8.376337e-05
8.181924e-05
7.98403e-05
7.761835e-05
7.544575e-05
7.344919e-05
7.189215e-05
6.986868e-05
6.756975e-05
6.562544e-05
6.44058e-05
6.403305e-05
6.439286e-05
6.477314e-05
6.419253e-05
6.329187e-05
6.318088e-05
6.372117e-05
6.462787e-05
6.490813e-05
6.481536e-05
6.446072e-05
6.439911e-05
6.446941e-05
6.455359e-05
6.464512e-05
6.487748e-05
6.504301e-05
6.516576e-05
6.498031e-05
6.457529e-05
6.399534e-05
6.349746e-05
6.29632e-05
6.249545e-05
6.210115e-05
6.185694e-05
6.155615e-05
6.120838e-05
6.083191e-05
6.056292e-05
6.041849e-05
6.032079e-05
6.024919e-05
6.024592e-05
6.021563e-05
6.013437e-05
6.002499e-05
5.991979e-05
5.978174e-05
5.963582e-05
5.94663e-05
5.933157e-05
5.920556e-05
5.913803e-05
5.909326e-05
5.907713e-05
5.905505e-05
5.905029e-05
5.903399e-05
5.901713e-05
5.898375e-05
5.896467e-05
5.894494e-05
5.89381e-05
5.893195e-05
5.893757e-05
5.894003e-05
5.894393e-05
5.893066e-05
5.891354e-05
5.888871e-05
5.886459e-05
5.883603e-05
5.881331e-05
5.87907e-05
5.877156e-05
5.875178e-05
5.873436e-05
5.871543e-05
5.869865e-05
5.868275e-05
5.866935e-05
5.865717e-05
5.864737e-05
5.863905e-05
5.863283e-05
5.862824e-05
5.862559e-05
5.862468e-05
5.862562e-05
5.862837e-05
