6.419629e-05
6.781174e-05
7.135121e-05
7.483704e-05
7.830565e-05
8.185598e-05
8.553145e-05
8.92379e-05
9.253935e-05
9.463394e-05
9.687029e-05
9.993424e-05
0.0001029005
0.0001053183
0.000107667
0.000110059
0.0001122087
0.0001142032
0.0001158789
0.0001174917
0.0001210691
0.0001597517
0.0002170339
0.0002638851
0.0002947631
0.0003130614
0.0003352517
0.0003142766
0.0001752477
7.187822e-05
0.0001081049
0.0002675381
0.0004025897
0.0003597177
0.0001592477
5.70176e-06
-1.461295e-07
1.956754e-05
5.74885e-05
2.645277e-06
-0.0003236605
-0.0007404333
-0.001108489
-0.0008220373
0.0003279877
0.001517694
0.0008232474
-0.0002973029
-0.0002951771
3.66885e-05
0.0006343315
0.0009874429
0.0007422838
5.232455e-05
-0.0001732968
-1.38596e-05
0.0008243047
0.0005635373
-0.0003593426
-0.001832978
-0.003069111
-0.00225457
-0.0007530446
-0.0004311491
-0.0004735386
-0.0002728207
-0.0005772636
-0.0005663087
-0.00023669
-0.000225401
-0.0003304147
-0.0003625319
-0.0003749679
-0.0008797247
-0.0007955831
-0.0003371978
-0.000176513
0.002079219
0.005062516
0.00413209
0.0001179794
-0.002670347
-0.001545202
-7.254055e-05
-0.001119973
-0.002083255
-0.0009828867
0.002071671
0.003678111
0.003947017
0.004118495
0.00107495
-0.00145156
-0.0008222414
0.002319377
0.004742397
0.001372419
-0.001783131
-0.0008720021
0.004736586
0.01270468
0.01583189
0.008539112
-0.001078758
-0.006587399
-0.01135852
-0.009132956
0.004347705
0.01629797
0.01162505
0.002786415
0.001607484
0.001401746
0.004537009
0.009660862
0.004434878
0.006960825
0.01940763
0.0250288
0.02508057
0.02181196
0.0153279
0.01226629
0.01309634
0.008573072
0.000122724
-0.004278944
-0.004211421
-0.001818132
-0.00197172
-0.009857733
-0.01601616
-0.01540443
-0.01281977
-0.008951006
-0.005034258
-0.004949085
-0.006261415
-0.002514062
0.007113549
0.01589549
0.01737384
0.01383699
0.005789723
-0.002443648
-0.009250222
-0.01499358
-0.01136123
-0.003220128
-0.003301967
-0.004470004
-0.001724836
7.960572e-05
0.002714086
0.005539982
0.001838457
-0.001810943
0.001880435
0.01177845
0.02255241
0.03278747
0.0354263
0.02776911
0.0243436
0.02775686
0.02865084
0.03014196
0.03313771
0.02908245
0.01635754
0.007834583
0.006374543
0.006760056
0.01448182
0.02429071
0.02543486
0.02149898
0.01935526
0.0178077
0.02191864
0.02597196
0.02181139
0.01409543
0.0121422
0.01620876
0.02341515
0.0303327
0.02227884
0.008326024
0.007350925
0.01595264
0.02004221
0.02074238
0.02479827
0.0266363
0.02659356
0.03118079
0.03331868
0.0262548
0.01918326
0.01754533
0.01498949
0.0129715
0.011366
0.002759717
-0.006949498
-0.004682571
0.0005551626
0.0004419769
0.004626119
0.0125154
0.01095302
0.001259853
0.0008805857
0.01157949
0.01953776
0.0248703
0.02956207
0.02858074
0.025131
0.0242119
0.02145359
0.01308328
0.001654093
-0.002769812
-0.00103184
-0.005011632
-0.01335498
-0.01626644
-0.01440531
-0.01965836
-0.027665
-0.03089333
-0.03276033
-0.03598542
-0.03419432
-0.02752781
-0.01922942
-0.008627292
-0.002409368
-0.008867753
-0.01536419
-0.01161457
-0.005925572
-0.007327951
-0.01168811
-0.0148995
-0.01630789
-0.01273299
-0.006652193
-0.001454876
-0.000116541
-0.0009267113
-0.001836285
-0.004547598
-0.005254482
-0.00190208
-0.001460571
-0.007940285
-0.0137629
-0.01612086
-0.02077538
-0.02876177
-0.03763532
-0.04216919
-0.03764168
-0.02548394
-0.01263401
-0.003722236
-0.005279142
-0.0135358
-0.01989939
-0.02325248
-0.03069164
-0.03979137
-0.04250181
-0.03904601
-0.0380189
-0.04643989
-0.06184663
-0.07204437
-0.07109686
-0.06830935
-0.06456329
-0.05404502
-0.04263171
-0.02994325
-0.009854894
0.02152791
0.03581565
0.02680243
0.01251104
0.0007846476
-0.002675475
-0.002128255
-0.001757324
0.003883874
0.02059572
0.0391469
0.04932209
0.05110902
0.04812823
0.04200132
0.03338944
0.02072613
0.003058845
-0.01249737
-0.02681225
-0.03976182
-0.04350132
-0.03890792
-0.03857873
-0.04907985
-0.05595785
-0.04998768
-0.03706937
-0.0245294
-0.01310978
-0.002514474
0.004346142
0.009017463
0.0192093
0.03300127
0.03570571
0.0246395
0.01442676
0.01370512
0.0201595
0.02394722
0.01681615
0.001158508
-0.01260458
-0.01506611
-0.004397013
0.005489077
0.009731116
0.012302
0.01158333
0.003076022
-0.002048597
0.009275264
0.01984247
0.01612605
0.009075332
0.001633302
-0.006704687
-0.0134336
-0.02364444
-0.03423003
-0.03674615
-0.02931465
-0.01628212
-0.004968336
-5.178285e-05
0.007125971
0.01605992
0.02332994
0.02931527
0.03198164
0.02776134
0.02526173
0.02890233
0.02913402
0.02651563
0.02524952
0.02647502
0.03224811
0.04042177
0.04833192
0.05414122
0.05990515
0.06353932
0.06473973
0.06511235
0.06778692
0.0698116
0.06866297
0.062765
0.04827901
0.0243808
0.01156495
0.0210642
0.03777191
0.04776367
0.05125806
0.05133349
0.04938873
0.04387186
0.0401816
0.03736067
0.03476451
0.02903098
0.01617609
0.004653654
-0.002244253
-0.01157375
-0.02538663
-0.03965559
-0.05308114
-0.06222977
-0.06271355
-0.05648707
-0.0496054
-0.04338433
-0.03825377
-0.03925732
-0.04134487
-0.03543633
-0.01631206
0.009904191
0.02657813
0.02461091
0.01169997
0.004809559
0.008717848
0.01415296
0.01252435
0.002005181
-0.01270925
-0.03333122
-0.05316994
-0.06409167
-0.06812073
-0.06919104
-0.07563808
-0.08207601
-0.07827675
-0.06887595
-0.06161653
-0.05466221
-0.05057422
-0.05061519
-0.05226453
-0.05081159
-0.04990546
-0.05204473
-0.0531445
-0.05165475
-0.05123482
-0.05411949
-0.05379855
-0.04362137
-0.02540671
-0.0123757
-0.009391442
-0.01202695
-0.01383403
-0.01400429
-0.01346122
-0.01281401
-0.01546409
-0.02195544
-0.03181654
-0.04063451
-0.04575019
-0.04983762
-0.05643211
-0.06381547
-0.06940147
-0.07054817
-0.07628317
-0.08064071
-0.07897132
-0.07550632
-0.07075984
-0.07239224
-0.07604559
-0.07587078
-0.07456583
-0.06860687
-0.05405946
-0.03114164
-0.004753929
0.01749124
0.03097528
0.03581249
0.03758622
0.03540841
0.02827731
0.02062367
0.01424462
0.01333117
0.01499471
0.01460636
0.01347501
0.01035485
0.002122413
-0.002502302
-0.002519791
-0.00693815
-0.01363644
-0.01908785
-0.02220627
-0.02212822
-0.02128254
-0.02016221
-0.01718408
-0.01224578
-0.007951669
-0.005881801
-0.003529613
-0.0007844871
0.00338427
0.01168763
0.02086482
0.02855727
0.03674877
0.04186538
0.04172514
0.04449205
0.0517597
0.06016564
0.06757151
0.07249849
0.07066762
0.06617077
0.06324893
0.05677927
0.0474508
0.03229576
0.01217847
-0.004697861
-0.01368902
-0.01935432
-0.01695112
-0.009078488
-0.002012659
0.0002103651
-0.00120432
-0.004773256
-0.009096655
-0.0106431
-0.01006322
-0.01297303
-0.0212948
-0.02566976
-0.0175146
-0.002159509
0.01562181
0.03277149
0.03852566
0.02996111
0.01815355
0.008057475
4.005938e-05
-0.002875752
-0.002888307
-0.006277274
-0.01830176
-0.03226937
-0.03967787
-0.04377459
-0.05211796
-0.0633319
-0.07399241
-0.08146262
-0.08514329
-0.08203994
-0.07198865
-0.05605018
-0.04079666
-0.03431215
-0.03132225
-0.01865482
0.007853392
0.04452394
0.06248515
0.04352249
0.01099457
-0.004740594
-0.003220931
-0.0001547011
-0.006372319
-0.02274006
-0.03412186
-0.02505015
-0.003156639
0.02186254
0.03600972
0.02854344
0.004897436
-0.01115811
-0.006353378
0.0108364
0.03539157
0.04838836
0.04671695
0.04704652
0.05558497
0.06591488
0.07273957
0.0738945
0.06728054
0.05114291
0.02739881
0.002984195
-0.01039371
-0.01271976
-0.01149501
-0.0115336
-0.01409405
-0.01477987
-0.01432443
-0.01286056
-0.01116762
-0.008603109
-0.00497192
-0.0006440353
0.01297401
0.03269082
0.04286056
0.03678085
0.0222079
0.01568873
0.01338493
0.01259245
0.01895334
0.02875765
0.03149517
0.02279075
0.01166769
0.005688162
0.001029219
-0.001633723
-0.002889379
-0.004354233
-0.007425202
-0.01802788
-0.03084688
-0.03480141
-0.02466074
-0.0004618537
0.033367
0.0551493
0.05171954
0.04257649
0.04140838
0.04634243
0.04953977
0.04443364
0.03340338
0.02051929
0.01279155
0.01618987
0.02937264
0.04837965
0.06438933
0.0634964
0.04810915
0.03043568
0.01485482
0.001109931
-0.01304928
-0.01675669
-0.00935161
-0.0007963754
0.009940595
0.02348453
0.03286576
0.02968694
0.01666769
0.004419018
-0.0008685837
0.005131266
0.017287
0.02014252
0.004476007
-0.01439255
-0.02640161
-0.03052061
-0.02755137
-0.01636376
-0.00258695
0.004380413
0.001239759
-0.002313989
-0.002433944
-0.001615656
-0.007317232
-0.02607108
-0.04718188
-0.05469639
-0.04914097
-0.04168197
-0.0375896
-0.03450769
-0.02842826
-0.01727889
-0.01241113
-0.01477026
-0.02429687
-0.03653712
-0.04502089
-0.04896637
-0.04467175
-0.03484046
-0.0181725
0.01029139
0.03895322
0.04849192
0.04313895
0.03918303
0.03241713
0.02457067
0.01871219
0.009175296
0.003753788
0.006121031
0.006087725
0.0001937038
-0.007121203
-0.01371462
-0.02338365
-0.02874848
-0.02673199
-0.02581612
-0.02485479
-0.0186185
-0.00561379
0.006923624
0.01635701
0.02151793
0.0245225
0.03124922
0.04022756
0.04571719
0.04706106
0.04257521
0.02861191
0.009440651
0.00188557
0.01059445
0.02009216
0.01834018
0.007579213
-0.006304367
-0.02343143
-0.04151161
-0.05277823
-0.05489048
-0.04926647
-0.03936597
-0.03252639
-0.02833819
-0.02521101
-0.02109471
-0.01211887
-0.001899735
0.006074054
0.006049855
3.078787e-05
-0.002356394
-0.0003529547
0.01021423
0.02400956
0.03210272
0.03231927
0.02170206
0.01110574
0.01064047
0.01339623
0.009427396
-0.00190183
-0.02060655
-0.03409691
-0.03075652
-0.01476141
-0.000750071
0.008739856
0.01376179
0.01364204
0.01673072
0.02623517
0.03763065
0.05015285
0.06373237
0.07041304
0.06398794
0.04926841
0.03136665
0.01530978
0.0116749
0.01435316
0.004518075
-0.01307161
-0.03057729
-0.03988294
-0.03727371
-0.03092348
-0.0270847
-0.02718573
-0.02481013
-0.01326591
0.003719106
0.02041958
0.03127953
0.03283544
0.03134302
0.0311388
0.02823288
0.02121914
0.01751849
0.0239521
0.03812858
0.04398152
0.03339504
0.01265467
-0.007660552
-0.02171745
-0.02514219
-0.02282559
-0.0249413
-0.02820195
-0.0250708
-0.01311793
-0.001531547
0.0005048504
-0.001577059
-0.001702474
-0.0003609161
0.00753513
0.02017248
0.03288612
0.0417047
0.04289816
0.04072458
0.03292494
0.02201622
0.00787563
-0.002348771
-0.001711242
0.01319611
0.03578756
0.04714151
0.04353856
0.03370271
0.02492801
0.02072621
0.0148704
0.002097018
-0.01088537
-0.02082324
-0.02452958
-0.02300156
-0.02157782
-0.02035104
-0.01646509
-0.01147057
-0.01312325
-0.02247547
-0.03414742
-0.04133973
-0.04630038
-0.05070077
-0.05167186
-0.04712701
-0.04202893
-0.03621022
-0.03187314
-0.03061919
-0.0280122
-0.02174506
-0.01279923
-0.002249494
0.01616993
0.03801477
0.0483612
0.05096277
0.05344855
0.05419474
0.04797543
0.03397755
0.01391843
-0.009647634
-0.03103254
-0.04433905
-0.05271925
-0.06058745
-0.06628274
-0.06880104
-0.06746294
-0.06518095
-0.06101573
-0.05427415
-0.04422558
-0.03703804
-0.03179857
-0.02374254
-0.01083005
0.00254181
0.01224395
0.01415785
0.01275975
0.003445341
-0.009175266
-0.0151481
-0.01397808
-0.007766037
-0.002751036
-0.001192088
-0.002772125
-0.01075794
-0.02476718
-0.04016345
-0.04982752
-0.05396118
-0.05561849
-0.05481521
-0.04845766
-0.03711076
-0.02084369
-0.007168226
-0.007460569
-0.01929957
-0.03059927
-0.0352747
-0.03250889
-0.02776592
-0.0266985
-0.0259783
-0.02279551
-0.01499783
-0.003341662
0.009128523
0.01740134
0.02122247
0.02516168
0.03182306
0.03553863
0.0314957
0.01881902
0.001691757
-0.01320448
-0.02486014
-0.03230822
-0.03563804
-0.04064292
-0.04354689
-0.04278025
-0.03875612
-0.03421995
-0.02936412
-0.0267538
-0.0277799
-0.03269363
-0.03850583
-0.03882457
-0.03216147
-0.02152031
-0.005102766
0.01346867
0.02581374
0.02767426
0.02455678
0.02030699
0.01500329
0.006413065
-0.001077869
-0.003232538
-0.001682549
-0.0004437938
0.002248886
0.00460363
0.006745636
0.01250212
0.0191377
0.02576897
0.03708862
0.04388412
0.04374735
0.04556708
0.0488497
0.05191593
0.05404825
0.05654657
0.05670098
0.05305918
0.04677715
0.04067555
0.03594211
0.03211721
0.0300342
0.03018304
0.03744264
0.04258242
0.0454484
0.05136493
0.06061883
0.07085716
0.07584201
0.08096586
0.08610408
0.08889695
0.09405533
0.09748177
0.09626739
0.09543311
0.09220271
0.08592946
0.07820384
0.07176735
0.06807039
0.06274096
0.05515844
0.04684326
0.04047261
0.03492383
0.03120648
0.02774824
0.02392348
0.02049638
0.02029703
0.02516764
0.03133322
0.03889535
0.04208852
0.03706736
0.03049466
0.02437072
0.01851948
0.01464049
0.01324149
0.01310342
0.01635526
0.02447933
0.03149042
0.03341711
0.02828425
0.01926076
0.01371348
0.01160607
0.01202849
0.01518274
0.01793455
0.02055195
0.02394121
0.02641181
0.02662769
0.02508071
0.02294527
0.01913352
0.01592696
0.01604477
0.01434102
0.01196993
0.009448576
0.001912411
-0.003061153
-0.006540295
-0.01412825
-0.02295164
-0.03242587
-0.04150562
-0.04886483
-0.05402586
-0.05553197
-0.05448836
-0.04962868
-0.03960728
-0.02798668
-0.01789655
-0.01084513
-0.006680038
-0.004797006
-0.002253746
-0.0005860047
0.002325207
0.004193626
0.0006976434
-0.00221441
-0.001545693
-0.0006526438
0.002323992
0.00510044
0.00563401
0.004139508
7.380684e-05
-0.003341854
-0.005782958
-0.009083011
-0.01114943
-0.01263264
-0.01167738
-0.00745945
-0.003190035
-0.001235803
-0.001119131
-0.001447237
-0.002703666
-0.007960499
-0.01332447
-0.01476292
-0.01416066
-0.01408255
-0.01415566
-0.01111507
-0.003030949
0.007610867
0.019273
0.03011667
0.03867808
0.04685923
0.05353165
0.05501884
0.05594519
0.05315837
0.04229249
0.02797532
0.01436555
0.001524275
-0.003354915
-0.006088733
-0.01308576
-0.02464264
-0.0372538
-0.04806879
-0.0571813
-0.06425152
-0.06859334
-0.07031749
-0.07059765
-0.07028213
-0.06802754
-0.06401362
-0.05934613
-0.05572871
-0.05245564
-0.04977719
-0.04937583
-0.04988649
-0.05188317
-0.05754593
-0.06466702
-0.07030023
-0.07092737
-0.0692073
-0.06907878
-0.0664676
-0.05794279
-0.04432863
-0.02985657
-0.01657213
-0.00813772
-0.002342336
0.006513677
0.01552159
0.0220254
0.02606204
0.02802238
0.03003262
0.03136616
0.02823269
0.0228049
0.01460819
0.001698135
-0.008628582
-0.01899597
-0.03013889
-0.0372606
-0.03829025
-0.03475437
-0.02918288
-0.02390322
-0.01703984
-0.008005376
-0.001050077
0.007896508
0.01829434
0.02595136
0.03216019
0.0389919
0.04613089
0.05306118
0.05977999
0.0648295
0.06661838
0.06832283
0.0676322
0.06497809
0.06076343
0.05712464
0.05484884
0.0537101
0.05407168
0.05388651
0.05041896
0.04442742
0.04060614
0.03485205
0.0295419
0.02537588
0.01852727
0.007444958
-0.001694036
-0.01078917
-0.02194884
-0.03097063
-0.03743053
-0.04160322
-0.04428849
-0.04836516
-0.05279383
-0.05497898
-0.05507646
-0.05529818
-0.05544748
-0.05705558
-0.05710468
-0.05560625
-0.05552711
-0.05496092
-0.05002697
-0.04279732
-0.0400148
-0.03754175
-0.0336047
-0.02910131
-0.02674282
-0.02561123
-0.0193715
-0.009471843
-0.001673452
0.003148256
0.005678425
0.009301283
0.01259708
0.01319242
0.01603263
0.02193583
0.02654721
0.03038932
0.03208438
0.03095715
0.02851196
0.02517579
0.02040265
0.01413292
0.01194935
0.01170363
0.009884645
0.01152509
0.01354813
0.01582143
0.01905363
0.02121073
0.02245498
0.02048746
0.01397931
0.00525001
-0.002384915
-0.008955434
-0.01794323
-0.02686099
-0.03552361
-0.04145301
-0.04514092
-0.04788465
-0.04938294
-0.04981183
-0.04833073
-0.04528946
-0.04243583
-0.03771279
-0.03134234
-0.02608285
-0.02119459
-0.0171705
-0.01276727
-0.009690169
-0.007106542
-0.003742963
-0.001231418
-0.000959142
-0.001343605
-0.001346207
-0.00135949
-0.004013293
-0.004505593
-0.002738785
-0.001219424
0.002638693
0.009453287
0.0169203
0.02372888
0.03033064
0.03513343
0.0396137
0.04131693
0.03351201
0.02438001
0.02087706
0.0189555
0.01885955
0.02194584
0.02486337
0.02615408
0.025191
0.02192269
0.01826499
0.01644684
0.01401851
0.01256908
0.01142971
0.007175273
0.004750441
0.005622876
0.009587376
0.01383934
0.01405959
0.01704294
0.02518155
0.0339451
0.04032802
0.04015907
0.03966722
0.04108148
0.04137444
0.03919355
0.03556299
0.03194868
0.02771171
0.02556096
0.02399941
0.02147518
0.01940899
0.0145485
0.009966225
0.002286513
-0.002678954
-0.001607877
-0.000656195
-0.001051733
-0.001454967
-0.001225144
-0.001147224
-0.001187882
-0.001263957
-0.0009368567
0.002829917
0.006213671
0.005495039
0.005100369
0.008026486
0.01292447
0.01743311
0.02295993
0.02575192
0.02728281
0.03077192
0.03484967
0.03962434
0.04001545
0.03577512
0.03165617
0.02755876
0.02473208
0.02412368
0.02068042
0.01603014
0.01403833
0.01165877
0.006267931
-0.0002291523
-0.002363027
-0.003486539
-0.006014342
-0.00794289
-0.007270794
-0.005963742
-0.004926493
-0.00224129
-0.000235789
0.005928822
0.0129564
0.01691687
0.01693023
0.0133419
0.01174004
0.01005217
0.006327945
0.0003295661
-0.003726285
-0.008619266
-0.01431869
-0.02144889
-0.02765639
-0.03390738
-0.04137825
-0.04352863
-0.04596192
-0.05128399
-0.05505722
-0.05603954
-0.0582927
-0.05794116
-0.05873643
-0.05926654
-0.05328922
-0.04333205
-0.03228509
-0.02303418
-0.01602271
-0.01188234
-0.009774732
-0.006237314
-0.002763855
-0.002479368
-0.003199549
-0.005571508
-0.009306416
-0.01390395
-0.01567234
-0.02125994
-0.02999874
-0.03562849
-0.03761375
-0.037393
-0.03503129
-0.03100803
-0.0250602
-0.01656811
-0.007704837
-0.001439305
0.001831492
0.004187706
0.004570818
0.004448722
0.00485192
0.005489893
0.005722282
0.00451541
0.003644959
0.003780565
0.002753442
-0.0002586419
-0.001855398
-0.002449834
-0.004219828
-0.007355388
-0.01053606
-0.01220097
-0.01082727
-0.008114484
-0.006441906
-0.005088121
-0.005766951
-0.009158807
-0.01534176
-0.02150998
-0.02649671
-0.03150464
-0.03783495
-0.04263404
-0.04453944
-0.04679027
-0.04941819
-0.05007732
-0.05062881
-0.05019289
-0.04817846
-0.04506069
-0.04192461
-0.037216
-0.03142073
-0.02740014
-0.02675385
-0.02785963
-0.02823602
-0.02733547
-0.02529625
-0.01770494
-0.01296217
-0.01217494
-0.008084634
-0.00316319
-0.0006592007
0.002463718
0.006902217
0.009329312
0.009974036
0.009239101
0.006798252
0.006293993
0.007606606
0.007699274
0.00732733
0.006139399
0.005578857
0.006930268
0.01017197
0.01287437
0.01648074
0.01961014
0.01991761
0.01803735
0.01404248
0.01214058
0.008086972
0.0002313582
-0.004510469
-0.008444294
-0.01363944
-0.01573968
-0.0193875
-0.0249562
-0.02504882
-0.02184175
-0.01607233
-0.01350345
-0.01121921
-0.005378272
-0.0008601026
-0.0002200696
0.004399003
0.01042755
0.01322035
0.0120388
0.01014124
0.006982954
0.0006013628
-0.002344904
-0.002429065
-0.0033496
-0.005794349
-0.009257603
-0.01270248
-0.01487
-0.01463722
-0.01393687
-0.01429052
-0.01836849
-0.02283169
-0.02399659
-0.02421275
-0.0261506
-0.02759666
-0.0271387
-0.02500108
-0.02094271
-0.01582521
-0.01046333
-0.005501996
-0.002608218
-0.001475489
-0.001019785
-0.0008759241
0.00206497
0.001332356
-0.001355053
0.001766048
0.005024273
0.005613032
0.005581402
0.005135414
0.004839576
0.004057202
0.0004696466
-0.003257299
-0.007023494
-0.01315463
-0.01582683
-0.01932903
-0.02254651
-0.02235938
-0.02272743
-0.02222865
-0.01665889
-0.01208377
-0.01038107
-0.00850778
-0.007791166
-0.007959472
-0.00873014
-0.008439572
-0.007833952
-0.006807937
-0.00725619
-0.008121671
-0.007026601
-0.006068419
-0.00860713
-0.01271485
-0.01454396
-0.01443036
-0.01791614
-0.02108304
-0.02160783
-0.02037245
-0.01588344
-0.01352782
-0.01111606
-0.00468112
-0.000202117
0.003079852
0.009278447
0.01677635
0.02050356
0.0231142
0.02286461
0.01990513
0.01904738
0.0190275
0.01806613
0.01429247
0.01236108
0.01116592
0.008247446
0.006866282
0.005707155
0.003983316
0.0004025197
-0.001779202
-0.001194933
-0.0007922183
-0.0009807242
-0.001175148
-0.001063488
-0.0006521501
0.004697112
0.009475411
0.01082681
0.01321498
0.01433218
0.01370051
0.01279138
0.01258804
0.01280022
0.01326302
0.01119268
0.005410054
-0.000485541
-0.002603017
-0.003757273
-0.007142601
-0.01209184
-0.01398701
-0.0119405
-0.009716823
-0.009287043
-0.008771953
-0.009049962
-0.0109897
-0.01189253
-0.01264685
-0.01318422
-0.01204213
-0.009819109
-0.007036259
-0.005827632
-0.007221568
-0.006038443
-0.003555628
-0.003179705
-0.003132302
-0.001631102
-0.0006747806
-0.0009525101
-0.0008753216
0.003721003
0.0103855
0.01355559
0.01761148
0.0227599
0.02512129
0.02489964
0.02220247
0.01834914
0.01388293
0.01203252
0.01287343
0.01537466
0.01730052
0.01687013
0.01833161
0.02122455
0.02206737
0.02308518
0.02484004
0.02633828
0.02692815
0.02782917
0.02966062
0.02983365
0.02896962
0.0270874
0.02267737
0.01750874
0.01202755
0.005404194
-0.0003277655
-0.001789974
-0.0008542897
-0.000717844
-0.001058301
-0.001135661
-0.0006024022
0.004977594
0.01308079
0.01795492
0.02085562
0.02344638
0.02623921
0.02834014
0.0307993
0.02987889
0.02674139
0.02485339
0.02403951
0.02215373
0.01854757
0.01393703
0.01245113
0.01139849
0.008274632
0.007131299
0.009920295
0.01360186
0.01493853
0.01672997
0.01715091
0.01625978
0.01724772
0.01950109
0.02130326
0.02152096
0.01903794
0.01688818
0.01745664
0.01829155
0.01805239
0.01661039
0.0140744
0.01030004
0.007501326
0.007362606
0.008887729
0.009780645
0.01044986
0.01044755
0.007481957
0.008715864
0.01348155
0.01640749
0.01775336
0.01924655
0.02128788
0.02407824
0.02550489
0.0261945
0.0280462
0.03108854
0.03368208
0.0350313
0.03548795
0.03529313
0.03524485
0.03410657
0.03201126
0.02805651
0.02585396
0.02540033
0.02482414
0.02245159
0.01850033
0.01467915
0.008246639
0.00403249
0.002779605
0.0001832996
-0.001449996
-0.001152624
-0.0007658457
-0.0007014728
0.002498545
0.007322752
0.01080577
0.0131857
0.01351843
0.01505042
0.017752
0.01790118
0.0164849
0.01708381
0.01807467
0.01475285
0.01202774
0.01334183
0.01041348
0.005087673
0.004088608
0.004655493
0.004282995
0.0029159
0.003247584
0.004375547
0.00425942
0.002905373
0.002223614
0.004614923
0.005336633
0.004085068
0.003823722
0.00396521
0.0008739067
-0.001728326
-0.001230313
-0.0006658961
-0.0008381516
-0.001150882
-0.002262856
-0.005374462
-0.008952325
-0.009148793
-0.008713156
-0.009595043
-0.009737036
-0.008323341
-0.004553676
-0.001157335
-0.000494564
-0.001686955
-0.001538189
-0.0008244588
-0.0007696473
-0.001029468
-0.0009825187
-0.0009365206
-0.0009909497
-0.002051364
-0.001771167
-0.0007836223
-0.0007541754
-0.001021672
-0.001010877
-0.0009063001
-0.001069123
-0.003405241
-0.007383416
-0.01100732
-0.01408207
-0.01503484
-0.01902113
-0.02273685
-0.02269169
-0.02236102
-0.02240812
-0.02268676
-0.02194
-0.02022289
-0.01575073
-0.01410119
-0.01271246
-0.008777087
-0.005874399
-0.004598261
-0.003124016
-0.001308012
-0.0006813252
-0.00210818
-0.00325152
-0.006298737
-0.009781608
-0.01252804
-0.01511096
-0.01494146
-0.01399651
-0.01784932
-0.02214572
-0.02241123
-0.02201768
-0.02321788
-0.02622366
-0.02994981
-0.03277265
-0.03521393
-0.03835964
-0.04180632
-0.04270107
-0.04557142
-0.04943708
-0.05010324
-0.05110718
-0.05381818
-0.05394109
-0.05157384
-0.05158266
-0.05062897
-0.04616625
-0.04186373
-0.04050053
-0.04139944
-0.0414193
-0.04126463
-0.04170943
-0.04342077
-0.04456736
-0.04427276
-0.04404297
-0.04423802
-0.04520366
-0.0434409
-0.04284625
-0.04523924
-0.04360741
-0.04057256
-0.04082311
-0.04248244
-0.0422509
-0.0414337
-0.04157213
-0.04343684
-0.04445586
-0.0420818
-0.04073049
-0.04213478
-0.04269772
-0.04021572
-0.03734115
-0.03789491
-0.03586377
-0.03097039
-0.02767886
-0.02674626
-0.02480917
-0.02407248
-0.02281604
-0.01899561
-0.01476824
-0.01383926
-0.01492948
-0.01402553
-0.01376271
-0.01252465
-0.01058969
-0.01125714
-0.01074928
-0.008143269
-0.004890712
-0.001598545
-0.0004661068
-0.0007840947
0.001805723
0.005156174
0.006302267
0.008212705
0.0109934
0.01332887
0.01455733
0.01346628
0.01251902
0.01268119
0.01302361
0.01346675
0.01351544
0.008462895
0.003348203
0.0001081775
-0.00137921
-0.002254883
-0.005258534
-0.009091712
-0.01156707
-0.01384096
-0.01518261
-0.01498732
-0.01572326
-0.01518821
-0.01539505
-0.01542887
-0.01231709
-0.008190724
-0.003677457
-0.0005226863
0.005249906
0.01243513
0.01874898
0.02411878
0.02705157
0.03125929
0.03914619
0.04238043
0.04180253
0.0435752
0.04536694
0.0457129
0.04674025
0.04782421
0.05082726
0.05103367
0.04991142
0.04954554
0.0489909
0.04789748
0.04593794
0.04481483
0.04471127
0.04490131
0.04421992
0.04326096
0.04339534
0.04284791
0.0408593
0.03909364
0.03985551
0.03651766
0.03038749
0.02905633
0.02899912
0.02628474
0.02414986
0.02362524
0.02317968
0.02322739
0.02323926
0.02441363
0.02522591
0.02621447
0.02679492
0.02675267
0.02676616
0.02962316
0.03369636
0.03933752
0.04188738
0.04180517
0.04430938
0.04621039
0.04581281
0.04431443
0.04474142
0.04582896
0.04453516
0.04134883
0.04043807
0.04119931
0.03754812
0.03319067
0.03164983
0.02950901
0.02678209
0.02427088
0.02069686
0.0167111
0.01378566
0.01033183
0.006172765
0.0006927412
-0.001941522
-0.00115465
-0.001866821
-0.004082524
-0.005025783
-0.005578079
-0.006368868
-0.007426299
-0.008095659
-0.006802807
-0.005810732
-0.00493003
-0.004206739
-0.002095753
-0.0005450459
-0.0008540898
-0.00117058
-0.001062344
-0.0009232396
-0.000992272
-0.001169503
-0.003358316
-0.005687124
-0.007462214
-0.009407237
-0.01098779
-0.009862931
-0.006697818
-0.005548276
-0.005002854
-0.00327414
-0.001804624
-0.001139467
-0.0009793835
-0.001038101
-0.001030441
-0.001028331
-0.0007828883
0.002295462
0.003531171
8.126733e-05
-0.001871277
-0.001192392
-0.0006732573
-0.001071925
-0.002438172
-0.005420366
-0.007921076
-0.008339556
-0.008475566
-0.009521722
-0.01125889
-0.01461534
-0.01569767
-0.01266476
-0.01164132
-0.01095317
-0.0089935
-0.00796359
-0.007905499
-0.009293617
-0.01066207
-0.01196768
-0.01192766
-0.01120554
-0.00901769
-0.007465248
-0.006699493
-0.006256111
-0.007414123
-0.008850638
-0.008461781
-0.006641469
-0.005871234
-0.006344553
-0.007551078
-0.008265958
-0.008019804
-0.007854271
-0.006821922
-0.006000036
-0.005022163
-0.004304704
-0.00347421
-0.004927665
-0.006838398
-0.008311149
-0.009742779
-0.01053682
-0.01140458
-0.01271739
-0.01350789
-0.01324779
-0.01307545
-0.01203974
-0.01122517
-0.01024487
-0.009544905
-0.008392309
-0.005479547
-0.002749472
-0.00134828
-0.0009834241
-0.0007948131
0.004640048
0.01002453
0.0121794
0.01295743
0.01551933
0.01824904
0.01883993
0.02039442
0.02159933
0.02142792
0.02009962
0.02044374
0.02153338
0.02144974
0.01991632
0.01702336
0.01667435
0.01747506
0.01650653
0.0146282
0.01283972
0.01241244
0.01274348
0.01380777
0.01342592
0.01258324
0.01475035
0.0167562
0.01754145
0.01900553
0.01987297
0.02086242
0.02272165
0.02572086
0.02823865
0.02967223
0.03007676
0.0299993
0.03097234
0.0307115
0.02863443
0.0276938
0.02702606
0.02630756
0.02522628
0.02450911
0.02468278
0.02479531
0.02474946
0.02475272
0.02587988
0.0267115
0.026432
0.02446537
0.0216083
0.01962671
0.01921089
0.01845354
0.01736056
0.01419158
0.01190658
0.01279622
0.0107817
0.006281845
0.004619239
0.003797172
0.0001459735
-0.00198782
-0.001418563
-0.000912733
-0.001187428
-0.001336621
-0.001254822
-0.001188159
-0.001245637
-0.001246066
-0.00125253
-0.001231136
-0.001257402
-0.001241889
-0.001261744
-0.001243767
-0.001266926
-0.001248513
-0.001271872
-0.001252087
-0.001277863
-0.0012521
-0.001350588
-0.002565519
-0.005587715
-0.006985964
-0.005332135
-0.003105439
-0.002705038
-0.003834955
-0.005907232
-0.006861308
-0.006612401
-0.007354528
-0.006103692
-0.003303075
-0.003764994
-0.006235721
-0.006909335
-0.004183874
-0.002856013
-0.002185861
-0.00124424
-0.001186393
-0.0013548
-0.001386925
-0.001303259
-0.0013194
-0.001337589
-0.001344698
-0.001334554
-0.001340646
-0.001345374
-0.001346789
-0.001350357
-0.001350844
-0.00135277
-0.001429476
-0.002555429
-0.003983143
-0.00499812
-0.008554905
-0.01366759
-0.01555396
-0.01851905
-0.02331793
-0.02482044
-0.02511102
-0.0267783
-0.02832302
-0.028549
-0.02977015
-0.02942818
-0.02796754
-0.02744634
-0.02737394
-0.02748696
-0.02756126
-0.02973691
-0.03138434
-0.03115786
-0.03192451
-0.03407405
-0.03593194
-0.03645794
-0.0371872
-0.03802228
-0.03817252
-0.04121585
-0.04357495
-0.04224332
-0.04190495
-0.04283106
-0.0398519
-0.03703434
-0.03630204
-0.03491895
-0.03174522
-0.02788309
-0.02461055
-0.02342828
-0.0217816
-0.02013514
-0.01931224
-0.01992859
-0.02199112
-0.02266485
-0.02233534
-0.02214764
-0.02235001
-0.02242584
-0.02356894
-0.02551116
-0.02731568
-0.02776643
-0.02752041
-0.02736627
-0.02635637
-0.0244272
-0.02372164
-0.02350398
-0.02380584
-0.02416626
-0.02409846
-0.02284072
-0.02070109
-0.01630241
-0.01378143
-0.01445867
-0.0149642
-0.01481513
-0.01606599
-0.01518393
-0.01215997
-0.01023261
-0.008678393
-0.004972149
-0.002547399
-0.003139817
-0.0030427
-0.00189994
-0.001308812
-0.001641429
-0.001712525
-0.001660316
-0.001577496
-0.001667986
-0.001637601
-0.001670902
-0.001628355
-0.00168035
-0.001639427
-0.001705121
-0.001377451
0.002328245
0.005875455
0.006791821
0.008518709
0.008350442
0.01121028
0.01356279
0.01522462
0.01725102
0.01752866
0.01721268
0.01713349
0.017294
0.01727605
0.01723664
0.01722517
0.01721875
0.01649746
0.01337261
0.01138001
0.01235913
0.01148193
0.008794211
0.007580881
0.009119967
0.007040207
-0.0001195645
-0.003217882
-0.00188384
-0.001227194
-0.001797162
-0.001988737
-0.001804706
-0.001727839
-0.001827026
-0.001894861
-0.003130674
-0.006239212
-0.01010134
-0.01341064
-0.01504529
-0.01521984
-0.01887433
-0.02306162
-0.0255739
-0.02646303
-0.02725029
-0.02805315
-0.02776321
-0.02408609
-0.01697763
-0.009690714
-0.004238974
-0.001856431
-0.001796201
-0.001843826
0.001590678
0.006223872
0.006328066
0.005371261
0.005211766
0.003832541
0.00317119
0.004706028
0.007249646
0.0116997
0.01402418
0.01632044
0.01972803
0.02153074
0.02194989
0.02166119
0.02186302
0.02209755
0.02434852
0.02600785
0.0268276
0.02734135
0.02840189
0.02921353
0.02994431
0.02836824
0.02544831
0.023602
0.0211813
0.01978929
0.02001916
0.02024104
0.02012536
0.02107604
0.02296751
0.02456425
0.02485456
0.02377882
0.02152938
0.0182916
0.01576347
0.01332888
0.01208143
0.01271907
0.01180034
0.01186659
0.01303325
0.01305138
0.01308931
0.01269391
0.01076051
0.00944755
0.009614366
0.008606621
0.005562954
0.001917591
-0.000952311
-0.001660744
0.001004976
0.0005037413
-0.001850665
-0.001900958
-0.001297525
-0.001098557
0.0009994901
0.00325303
0.003349991
0.004716065
0.006208841
0.007861615
0.008780216
0.008423738
0.008064626
0.007415595
0.004701965
0.001792879
-0.001134059
-0.002737373
-0.003170859
-0.003622782
-0.003543747
-0.003557553
-0.003899376
-0.004258829
-0.003807797
-0.005862469
-0.00691573
-0.005924803
-0.005530073
-0.006394395
-0.005087085
-0.004415539
-0.005400293
-0.005469576
-0.004266417
-0.002620064
-0.001497933
-0.001877953
-0.002742563
-0.00408262
-0.00495706
-0.003846353
-0.002981635
-0.002358385
-0.002748278
-0.004018839
-0.005033679
-0.003378061
-0.001293115
-0.0004875879
-0.0003399046
-0.000376217
-0.0002949302
-0.0002494459
-0.0002195485
-0.0001996495
-0.0001562838
-0.0001236393
-8.860495e-05
-5.744824e-05
-2.147289e-05
1.171199e-05
4.582005e-05
7.93286e-05
0.000112946
0.0001469075
0.0001794027
0.0002151242
0.0002368021
0.000405051
0.002117187
0.003418997
0.003509898
0.005340355
0.006804679
0.007347099
0.005991029
0.004511322
0.004536153
0.004213696
0.004649977
0.005207827
0.004755819
0.004196491
0.00386465
0.004075125
0.004270276
0.003997876
0.003727744
0.003542149
0.00345339
0.004060713
0.004254587
0.003576965
0.004306842
0.005433036
0.00564434
0.005264534
0.005186939
0.005264062
0.004947254
0.004597867
0.004323619
0.004200438
0.003819989
0.003219693
0.00293029
0.002388565
0.001719579
0.0005737764
-0.0002614436
-0.0005650239
-0.001179813
-0.002115731
-0.002562289
-0.002445543
-0.002361503
-0.002505802
-0.002712548
-0.003010029
-0.003239635
-0.00329144
-0.003066909
-0.002954694
-0.003002883
-0.003076917
-0.003351433
-0.003784245
-0.004003221
-0.003893884
-0.004067528
-0.004571543
-0.004851781
-0.004793604
-0.004923096
-0.005032345
-0.004918606
-0.004778018
-0.004693512
-0.004612441
-0.004501639
-0.004249404
-0.004020049
-0.003967578
-0.00392923
-0.003845585
-0.003803051
-0.003766957
-0.003773013
-0.003737205
-0.003623285
-0.00351489
-0.003440164
-0.003358218
-0.003267187
-0.003200432
-0.003094674
-0.002978001
-0.002872475
-0.002763086
-0.002659871
-0.002559009
-0.002452626
-0.002347816
-0.002238977
-0.002125976
-0.002014721
-0.001905668
-0.001790614
-0.00168038
-0.00157644
-0.001474649
-0.001373024
-0.001272406
-0.001174267
-0.001075304
-0.0009791566
-0.0008861811
-0.0007935339
-0.0007007716
-0.0006085928
-0.000517066
-0.0004260492
-0.00033556
-0.0002459773
-0.0001572627
-6.892014e-05
1.936546e-05
0.0001070776
0.0001940894
0.0002804042
0.000365915
0.000450469
0.0005341218
0.0006169594
0.0006988878
0.0007799502
0.0008600846
0.0009392385
0.001017423
0.001094624
0.00117082
0.001245988
0.001320106
0.001393153
0.001465107
0.001535946
0.001605648
0.001674191
0.001741553
0.001807711
0.001872645
0.001936332
