-0.0007537319
-0.0007537019
-0.000751047
-0.0007509441
-0.0007481449
-0.0007478623
-0.0007448339
-0.0007442841
-0.0007409261
-0.0007400077
-0.0007362501
-0.0007349177
-0.0007306446
-0.0007285932
-0.0007232196
-0.000719771
-0.0007130261
-0.0007081065
-0.0006996396
-0.0006937806
-0.0006867911
-0.0006853363
-0.0006823748
-0.0006819348
-0.0006789158
-0.0006788626
-0.0006761841
-0.0006766688
-0.0006763348
-0.0006833006
-0.000693301
-0.0007080269
-0.0007217876
-0.0007418373
-0.0007615624
-0.0007806609
-0.0007842825
-0.0007743412
-0.0007529359
-0.0007286697
-0.0006997364
-0.0006691618
-0.0006305193
-0.0005955334
-0.0005696281
-0.0005655282
-0.0005644328
-0.0005622627
-0.0005564311
-0.000555309
-0.0005532955
-0.0005546523
-0.0005518934
-0.0005507791
-0.0005499881
-0.0005646523
-0.0005971333
-0.0006457053
-0.0006920883
-0.0007462144
-0.0008034968
-0.0008584754
-0.0008842342
-0.0008757153
-0.0008566172
-0.0008397385
-0.0008209632
-0.0008271619
-0.0008767092
-0.0009574119
-0.0009576807
-0.0008062819
-0.0005420995
-0.0002746837
-5.193763e-05
6.471913e-06
-0.0001154409
-0.0001990539
-0.0002324636
-0.0002510773
-0.0002442039
-0.0002431493
-0.0002453833
-0.0002435345
-0.0002332781
-0.0002550518
-0.0003528242
-0.000543412
-0.0007242195
-0.000913807
-0.001127383
-0.00133788
-0.00145459
-0.001397639
-0.001209574
-0.00100747
-0.0008089041
-0.00072009
-0.0007559357
-0.0007577296
-0.0007232102
-0.0006933384
-0.0006682144
-0.0006561968
-0.0006491393
-0.000653979
-0.0006534357
-0.0006222651
-0.0005033259
-0.000293047
-8.140987e-05
0.0001433399
0.0004026514
0.0006194699
0.0006678199
0.0004519767
0.0001708868
0.0001937932
0.0004550472
0.0006367337
0.0007586061
0.0008869461
0.001068943
0.001297306
0.001498018
0.001497565
0.001154403
0.000579223
1.740944e-05
-0.000484176
-0.0007579191
-0.0007107002
-0.0004040513
0.000192547
0.0007264751
0.001028549
0.001108404
0.0008401689
0.0003726904
-5.874216e-05
-0.000525884
-0.00105018
-0.00141786
-0.001308128
-0.0006281253
1.386513e-05
0.00060655
0.001103254
0.001309785
0.001229793
0.0008684769
0.0002749608
-0.0002979978
-0.0006286823
-0.0003406768
0.0006205071
0.001452443
0.002223152
0.003120374
0.003977751
0.004386023
0.003899604
0.0027613
0.001426146
-0.0001143415
-0.0013399
-0.001792403
-0.001597315
-0.0009299893
-0.0006005239
-0.0007616762
-0.0009884038
-0.001056328
-0.001052803
-0.001050652
-0.001079203
-0.001138297
-0.001246164
-0.001389141
-0.001484876
-0.00130491
-0.0006457877
0.0003948611
0.001744347
0.002858298
0.002802015
0.002119356
0.001698656
0.001410355
0.001064845
0.0007104698
0.0005039307
0.0006542198
0.001021523
0.001230223
0.0009852289
8.918105e-05
-0.001166543
-0.002335792
-0.003588703
-0.004940683
-0.005976018
-0.005944103
-0.00455013
-0.002961145
-0.001552825
-0.0001300638
0.001087215
0.001687552
0.001699747
0.001256708
0.000908907
0.0005758853
0.000109015
-0.0002648952
-0.0001380369
0.0008390263
0.002255662
0.004066407
0.00573809
0.005992857
0.004593314
0.002622862
0.0002831705
-0.001406665
-0.002419988
-0.003696998
-0.005206896
-0.006738455
-0.008252837
-0.009773717
-0.01135949
-0.01290542
-0.01415039
-0.01479592
-0.01488174
-0.01419372
-0.01269936
-0.01033791
-0.00771084
-0.004798928
-0.002148391
-0.0004758492
0.0003468073
0.001235573
0.002212313
0.003224727
0.004264368
0.005263941
0.006023034
0.006149866
0.005469999
0.004627007
0.003952317
0.00326613
0.00246602
0.001614781
0.0008889791
0.0004176549
-1.591099e-05
-0.001105309
-0.003868536
-0.008370177
-0.01226328
-0.01443813
-0.01420727
-0.01225925
-0.009930904
-0.007303303
-0.006071873
-0.006510255
-0.007132129
-0.007994609
-0.008377836
-0.007368907
-0.005282413
-0.00244941
0.0008892215
0.004174188
0.006694056
0.007885718
0.006988128
0.004911151
0.001890523
-0.001179462
-0.003226776
-0.002968774
-0.0001777861
0.00217476
0.004062453
0.005502375
0.005421433
0.003227726
-0.0005816358
-0.00538877
-0.01095615
-0.01561273
-0.0171167
-0.01376854
-0.007896737
-0.001629245
0.005016026
0.009496348
0.01090506
0.01114889
0.01038388
0.009603242
0.009028536
0.008592909
0.00850077
0.008611957
0.008657671
0.008798892
0.008997012
0.008828541
0.007643371
0.005379893
0.00333982
0.001525208
-0.0003469199
-0.002272502
-0.004277744
-0.006323203
-0.008465319
-0.01063311
-0.01262327
-0.01393259
-0.01427433
-0.01407109
-0.01348225
-0.01297526
-0.01251759
-0.01195326
-0.01142398
-0.01097069
-0.01057034
-0.009755188
-0.007868273
-0.004656063
-0.001713151
0.001256702
0.004677395
0.008094116
0.009837719
0.007773741
0.001994301
-0.00360194
-0.008833521
-0.01253304
-0.01138664
-0.004003349
0.004136873
0.009628735
0.009760506
0.008027173
0.004441479
0.0008783762
-0.002186581
-0.005663532
-0.009441393
-0.01314809
-0.0160134
-0.01775952
-0.01783166
-0.01619273
-0.01385751
-0.01131188
-0.009355645
-0.007950706
-0.006255507
-0.004376939
-0.002465017
-0.0006072651
0.001225144
0.003018708
0.004780952
0.006478014
0.008188964
0.01005078
0.01218745
0.01429499
0.01540391
0.01412561
0.009738455
0.004060352
0.0009230706
0.0005730702
0.002287454
0.005229394
0.006457006
0.005428133
0.002899889
0.0003031607
-0.002445676
-0.005110896
-0.007746666
-0.01016951
-0.0109016
-0.008337577
-0.002214445
0.004265712
0.01044399
0.01639273
0.02052315
0.02071701
0.01712531
0.01186847
0.006853399
0.002656514
0.0007663429
0.001476588
0.0038804
0.007936117
0.01294859
0.01826911
0.02322716
0.02564724
0.02344975
0.01804583
0.01169409
0.005615055
0.00233848
0.002713124
0.004195208
0.006333256
0.009090004
0.01170629
0.01449842
0.01784508
0.02161785
0.02486205
0.0253986
0.02104395
0.01127406
-0.002035984
-0.01576685
-0.02236763
-0.01590493
0.0006132628
0.01441005
0.02512964
0.03238491
0.03319453
0.02881872
0.01955513
0.007075001
-0.004480168
-0.01229384
-0.01252144
-0.004548768
0.006804951
0.01691496
0.02582983
0.03171712
0.0313301
0.0259502
0.01877622
0.0110079
0.006367933
0.006615755
0.01055738
0.01578786
0.01997494
0.0240663
0.02873417
0.0338495
0.03878268
0.04275529
0.04538898
0.04702426
0.04712764
0.0462328
0.04439511
0.04150185
0.03761079
0.03329111
0.02888375
0.02430774
0.0199878
0.01698996
0.01613121
0.01635561
0.01593369
0.01507106
0.01420881
0.01346278
0.01323781
0.01436804
0.01734399
0.02103262
0.0247863
0.02908803
0.03509052
0.04227059
0.04940451
0.0565104
0.06314326
0.0680949
0.07052604
0.07173396
0.07185817
0.07042151
0.06811095
0.06527941
0.06243465
0.05791735
0.04954014
0.03721314
0.02532179
0.01354471
0.001408927
-0.008942498
-0.01410722
-0.01300999
-0.01205992
-0.01207989
-0.01291446
-0.01539001
-0.01955211
-0.02472105
-0.03051858
-0.03611339
-0.04130097
-0.0454933
-0.0478855
-0.04821943
-0.04238495
-0.02654403
-0.002297498
0.0234744
0.04698458
0.06186916
0.06468411
0.05789905
0.04163333
0.02156203
0.003960783
-0.009852488
-0.01822752
-0.02264582
-0.02488177
-0.0216645
-0.01457177
-0.004405265
0.005362419
0.01504285
0.02559635
0.03652643
0.04637236
0.05275705
0.05516494
0.05753662
0.05961731
0.06134433
0.06379302
0.06729136
0.07051657
0.06867085
0.05502014
0.02823298
-0.002405234
-0.03210435
-0.06219992
-0.0887402
-0.1018715
-0.09606566
-0.08462107
-0.07411636
-0.06505851
-0.05865058
-0.05738522
-0.06092996
-0.06594441
-0.06937249
-0.06998203
-0.06675741
-0.06136775
-0.05654419
-0.0520673
-0.04914061
-0.04894459
-0.05011831
-0.05050071
-0.04928295
-0.04545554
-0.03769069
-0.02725246
-0.0148377
-0.004096864
0.004493576
0.01052051
0.01465045
0.01616405
0.01710436
0.01862864
0.02098117
0.02489542
0.02877957
0.02755017
0.01572318
-0.005636975
-0.02840881
-0.04803813
-0.05974626
-0.06515358
-0.07326863
-0.08317261
-0.09233597
-0.09844954
-0.09925393
-0.09235231
-0.06830498
-0.02778577
0.009751864
0.04093839
0.06138651
0.06656222
0.06596735
0.06351492
0.05457822
0.03821422
0.01494409
-0.008948602
-0.03226893
-0.05168969
-0.060218
-0.05549924
-0.04524239
-0.03240817
-0.01850967
-0.009645917
-0.0042647
0.003022299
0.01136797
0.0190558
0.02536113
0.03022371
0.03409651
0.03612174
0.03658302
0.03619992
0.03572675
0.0352442
0.03182567
0.02209394
0.004799466
-0.01591028
-0.03153183
-0.04190158
-0.04865924
-0.05374042
-0.05811056
-0.06047092
-0.05995982
-0.05768777
-0.05693081
-0.05987686
-0.0669943
-0.0739821
-0.07913719
-0.08076073
-0.0806538
-0.0815297
-0.08308149
-0.08528301
-0.08916984
-0.09619918
-0.1061401
-0.1155765
-0.1237751
-0.1295435
-0.1315699
-0.1313004
-0.1314194
-0.1265662
-0.102178
-0.0506058
0.007849457
0.05560478
0.08385566
0.08737013
0.08043671
0.0624125
0.03208729
0.008799537
-0.004392809
-0.01521895
-0.03031348
-0.0470226
-0.06057077
-0.06927119
-0.07600701
-0.08088723
-0.08611775
-0.09270747
-0.100006
-0.1074378
-0.1142712
-0.1181929
-0.1159532
-0.1071281
-0.0937643
-0.07728116
-0.05749504
-0.03437166
-0.01157845
0.01134782
0.03526893
0.05965757
0.08250281
0.1007046
0.1132483
0.1254534
0.1384745
0.1514935
0.1647285
0.1783778
0.1902995
0.1946418
0.1830259
0.1451915
0.08173901
0.02905147
-0.0024579
-0.01334651
-0.01870587
-0.02377945
-0.02961812
-0.03413098
-0.03371987
-0.02823786
-0.01833029
-0.00641435
0.00651109
0.01856188
0.03060002
0.04344047
0.05774473
0.07270726
0.08529277
0.08975637
0.08271584
0.06995438
0.05914883
0.05003826
0.04409142
0.04400112
0.04772843
0.04901329
0.04604097
0.03853648
0.02869485
0.01838772
0.01476631
0.0208418
0.03254571
0.04779205
0.06732052
0.08582738
0.1004449
0.108166
0.1091817
0.1093931
0.1072727
0.09954023
0.08232108
0.05783093
0.02932809
0.001815612
-0.02124879
-0.03746448
-0.05117969
-0.06206521
-0.07430772
-0.08512667
-0.08786946
-0.07827644
-0.05867662
-0.03599513
-0.01647775
-0.003986187
-0.00207238
-0.007707776
-0.0145015
-0.01923933
-0.01934489
-0.01071982
0.005898046
0.02039662
0.03380914
0.04719774
0.05777482
0.06206013
0.06044624
0.05447058
0.04550601
0.03358027
0.02120061
0.008937552
-0.003693803
-0.01665637
-0.02972537
-0.04274592
-0.05578918
-0.06915727
-0.08290737
-0.09622539
-0.106751
-0.1117838
-0.111189
-0.1045921
-0.09256145
-0.07902067
-0.0665694
-0.05661058
-0.05138037
-0.0504295
-0.04896943
-0.0477071
-0.0480892
-0.05113921
-0.05611424
-0.06102807
-0.06481198
-0.06549946
-0.06167728
-0.05497572
-0.04522026
-0.03315734
-0.02125867
-0.01010735
-0.001471052
0.002297708
0.002312112
0.001273934
4.841021e-05
-0.001426749
-0.003270364
-0.004572991
-0.003468118
0.000507422
0.004154612
0.006084612
0.004433434
-0.002378261
-0.0133749
-0.02833587
-0.04044553
-0.04265565
-0.02950873
-0.006759958
0.01689081
0.03622035
0.04778383
0.04930087
0.04683134
0.04249204
0.03656335
0.02869315
0.01999325
0.0110965
0.001609327
-0.00850159
-0.01885222
-0.02760225
-0.03186707
-0.03035875
-0.02731588
-0.02208482
-0.01647596
-0.01073082
-0.006264543
-0.006758564
-0.01341792
-0.01998012
-0.02151435
-0.01452401
0.0006097746
0.01594362
0.0277189
0.03109186
0.02084121
0.002951949
-0.01194767
-0.02639482
-0.0423914
-0.05631592
-0.06085152
-0.05074774
-0.02992989
-0.002692574
0.03072504
0.0608757
0.08252418
0.09318815
0.09845517
0.09951039
0.09292712
0.08589403
0.07855406
0.07204926
0.06788293
0.06404694
0.06117062
0.05844546
0.05559851
0.05292986
0.05034779
0.04770547
0.04476393
0.04151269
0.03762347
0.03239045
0.02573265
0.01796843
0.01025164
0.003135604
-0.002248366
-0.004725817
-0.005157912
-0.002858109
0.002362209
0.009797864
0.01979574
0.03098283
0.04109721
0.04808925
0.05114502
0.05372243
0.05625963
0.05718225
0.05579652
0.050339
0.04189393
0.03378437
0.0259427
0.01926969
0.0165028
0.01946384
0.02681102
0.0373238
0.04668624
0.05334425
0.05593502
0.05510095
0.05414285
0.05655147
0.06400615
0.07604179
0.09172376
0.1037638
0.1099901
0.1147106
0.1202764
0.1270375
0.1355047
0.1417212
0.1355459
0.107017
0.06199107
0.02022615
-0.01918718
-0.05539749
-0.07928145
-0.08556243
-0.08628192
-0.08610658
-0.08571591
-0.08595914
-0.08597806
-0.08563893
-0.08676573
-0.09154096
-0.1007839
-0.1154507
-0.1308144
-0.1462474
-0.1576563
-0.155802
-0.1342925
-0.09803251
-0.06469537
-0.03728759
-0.02177648
-0.02567727
-0.0404001
-0.05696624
-0.07206138
-0.08801965
-0.103479
-0.1129018
-0.1125804
-0.1083111
-0.1033314
-0.09390542
-0.07733081
-0.05503588
-0.02905356
-0.00220401
0.0257519
0.05090546
0.06292665
0.05289715
0.02593302
-0.00342938
-0.02969436
-0.05331624
-0.07087328
-0.07997404
-0.08775166
-0.0935618
-0.09774007
-0.1016574
-0.1049696
-0.1082606
-0.1122526
-0.1167603
-0.1190509
-0.1142787
-0.09913326
-0.07656514
-0.05691072
-0.04281104
-0.03568936
-0.03337091
-0.02923365
-0.02255653
-0.01145151
0.004628293
0.02207587
0.03777484
0.04974277
0.05478378
0.05201905
0.03986421
0.01954696
-0.004954726
-0.03037815
-0.05383131
-0.06904736
-0.06934805
-0.05788257
-0.03789678
-0.01487003
0.007425543
0.03081573
0.05426436
0.07296996
0.08236202
0.08499057
0.08508442
0.08443277
0.08459826
0.08531766
0.08450196
0.08148075
0.07807117
0.07635337
0.07771243
0.0818361
0.08640769
0.09118996
0.09385731
0.09071935
0.07933782
0.05858995
0.02906305
-0.005753386
-0.03608415
-0.05380999
-0.05305044
-0.04094398
-0.02134929
-0.001589479
0.01788803
0.0376684
0.05295228
0.058484
0.05531205
0.04729909
0.03628153
0.02253834
0.0120459
0.00435121
-0.0008371274
-0.003218166
-0.006126879
-0.009199138
-0.01198643
-0.01270214
-0.009663553
-0.003868614
-0.0004416395
-0.003287077
-0.01449632
-0.02884006
-0.04119146
-0.05284642
-0.0651112
-0.07793708
-0.09101003
-0.1040781
-0.1174901
-0.1315845
-0.1458067
-0.1572771
-0.1614501
-0.1557207
-0.1417167
-0.1248287
-0.1057898
-0.0859172
-0.06784009
-0.05559804
-0.05171381
-0.0498532
-0.04645826
-0.03917178
-0.02672429
-0.008264006
0.01543007
0.03687459
0.05243066
0.05901384
0.05766098
0.05127544
0.0437406
0.03698217
0.02925462
0.0203818
0.01213294
0.007847138
0.009194715
0.01246244
0.01503135
0.01670031
0.0180277
0.0208442
0.02796803
0.04163081
0.05980203
0.07670967
0.08256896
0.0754109
0.06684627
0.06254855
0.06335868
0.07034889
0.07898818
0.08584848
0.0846589
0.06542735
0.02764773
-0.006498401
-0.03719304
-0.06606447
-0.08830688
-0.1029284
-0.1103324
-0.1093877
-0.1044467
-0.09835222
-0.09058975
-0.08176333
-0.06739034
-0.04329998
-0.0140353
0.0134186
0.0401547
0.06746862
0.09444544
0.1191526
0.1403711
0.1603684
0.1786073
0.1902985
0.1932806
0.1915872
0.18767
0.1841206
0.1805585
0.176075
0.1709724
0.1662873
0.1629238
0.1598638
0.1524317
0.1333071
0.09788196
0.05349319
0.01388695
-0.016741
-0.03488633
-0.04308188
-0.04600347
-0.0419263
-0.03739384
-0.03056598
-0.02036019
-0.006665024
0.008494789
0.02268877
0.03489615
0.04461733
0.05130999
0.05795393
0.06694989
0.07739328
0.0876409
0.09864492
0.1103971
0.1191129
0.1175292
0.100176
0.0700951
0.04061154
0.01348123
-0.01272356
-0.03574381
-0.05352422
-0.06711304
-0.07647644
-0.08372487
-0.08856267
-0.09406367
-0.1008054
-0.1068406
-0.1077494
-0.09685366
-0.07158751
-0.03635464
0.004732438
0.0422795
0.07211877
0.09141228
0.1032618
0.1105897
0.1141847
0.1139796
0.1090255
0.09936785
0.0856899
0.07256717
0.05969891
0.04659147
0.03416435
0.0237991
0.01569591
0.009132745
0.002890355
-0.005683437
-0.01550798
-0.02455792
-0.03302416
-0.04138496
-0.0504101
-0.06101763
-0.07346266
-0.08582707
-0.09706434
-0.1052699
-0.1086519
-0.1086461
-0.1056457
-0.09734251
-0.08156434
-0.05979448
-0.03676391
-0.01521652
-0.001598736
0.001083177
9.854496e-05
-0.0014876
-0.001618494
3.272738e-05
0.002558703
0.00616383
0.009463665
0.01074496
0.007721849
-0.0004622243
-0.01276498
-0.02611076
-0.03893077
-0.05211989
-0.06539139
-0.07634336
-0.08204485
-0.08178157
-0.07312242
-0.05596538
-0.03571375
-0.01326954
0.008926017
0.02757621
0.03735957
0.03608476
0.02933383
0.01749415
0.0002994293
-0.01420212
-0.02317094
-0.02822126
-0.02710675
-0.02382248
-0.02194576
-0.02020628
-0.01782539
-0.01487455
-0.01171824
-0.008586171
-0.005492435
-0.002276853
0.001018031
0.003783735
0.004652048
0.002412143
-0.003475558
-0.01387867
-0.02605894
-0.03664255
-0.04299822
-0.04194607
-0.03308441
-0.02085773
-0.01006144
0.001074641
0.01340077
0.02442118
0.0294664
0.02599016
0.02016184
0.01598492
0.01304842
0.01203928
0.01365872
0.01683973
0.02025685
0.02309128
0.02361265
0.02120114
0.01816012
0.01658441
0.01841525
0.02542403
0.03596649
0.04604009
0.05274612
0.05655675
0.05999877
0.06268956
0.06434589
0.06015191
0.04411328
0.01502788
-0.0153721
-0.03673081
-0.05142002
-0.06018787
-0.06990704
-0.07915909
-0.08724707
-0.09521741
-0.1029444
-0.110413
-0.1167165
-0.1205383
-0.1213964
-0.1212757
-0.1208972
-0.1180123
-0.1092703
-0.09302227
-0.07375812
-0.05928305
-0.05026148
-0.04005715
-0.02846766
-0.01668332
-0.004496563
0.008631853
0.02262956
0.03482206
0.04337165
0.04815773
0.04701143
0.03848372
0.02497194
0.01014017
0.003832636
0.008853503
0.02109186
0.03798612
0.05557659
0.07106426
0.08046721
0.0791037
0.06934456
0.05272886
0.03460914
0.01711834
-0.001845221
-0.02206959
-0.04000956
-0.04991204
-0.04972454
-0.04828655
-0.04785112
-0.04653939
-0.04219855
-0.03399395
-0.0230711
-0.01273786
-0.002836258
0.00750211
0.01803989
0.0280263
0.0361848
0.04255115
0.04955435
0.05732638
0.06474594
0.0701249
0.07140407
0.06882423
0.06428526
0.06011219
0.05616028
0.05186822
0.04737528
0.04325818
0.03969539
0.03555887
0.02833087
0.01643182
0.001271565
-0.01461875
-0.0278387
-0.03429795
-0.03181415
-0.0258399
-0.01671655
-0.005012453
0.009268411
0.02330123
0.03508913
0.04286132
0.04573364
0.0428422
0.03053492
0.005819552
-0.02371126
-0.0450096
-0.0580708
-0.06716189
-0.07568784
-0.08000101
-0.07861035
-0.06538159
-0.04046094
-0.01409938
0.005567321
0.01380998
0.01001949
-0.001558056
-0.01780935
-0.03258028
-0.04751151
-0.06367867
-0.0786234
-0.08896616
-0.09378702
-0.09680778
-0.09685869
-0.09479487
-0.09324479
-0.09156182
-0.08836282
-0.08086067
-0.06758642
-0.0494418
-0.03088524
-0.01473509
0.0005305148
0.01650972
0.03313957
0.05030002
0.06792083
0.0852941
0.1003867
0.1103609
0.1151035
0.1208208
0.1249674
0.1230405
0.1143841
0.09860984
0.07851302
0.05901998
0.04019977
0.02381619
0.0139729
0.01126249
0.009726131
0.006700987
0.003512554
0.0004426338
-0.002676713
-0.005996638
-0.01133874
-0.02064101
-0.03420913
-0.04779671
-0.06042581
-0.07346612
-0.08750448
-0.1019879
-0.1138968
-0.1185402
-0.1130384
-0.09697417
-0.06922846
-0.04016358
-0.01306303
0.01103758
0.02755119
0.03589033
0.04651954
0.05906149
0.07094831
0.08176713
0.09078433
0.09733279
0.1011422
0.1021601
0.1005398
0.09796302
0.09434208
0.09006071
0.08517214
0.07793742
0.06416556
0.04180888
0.01283572
-0.01359414
-0.03539493
-0.05422702
-0.06740206
-0.07367909
-0.0735855
-0.06844281
-0.05973394
-0.0507304
-0.04236059
-0.0349306
-0.03053703
-0.03115656
-0.03673807
-0.04887545
-0.06722203
-0.08131261
-0.09133654
-0.1009506
-0.1088374
-0.1153501
-0.1204179
-0.1244724
-0.1281037
-0.1331695
-0.1381121
-0.1358617
-0.1171711
-0.08006758
-0.0381364
-0.0001766606
0.03125834
0.05051888
0.05726079
0.06436595
0.07432296
0.08408482
0.09287308
0.1007931
0.1071708
0.1093457
0.104361
0.08972196
0.06257986
0.03081874
0.001103865
-0.02524116
-0.04373493
-0.051669
-0.05647563
-0.05653107
-0.04905785
-0.0347839
-0.01406383
0.002175161
0.01274148
0.02177835
0.03076874
0.04087396
0.05162372
0.06240223
0.07116442
0.07402709
0.06756049
0.0498555
0.02199249
0.00088524
-0.01225079
-0.02219884
-0.02980424
-0.03307827
-0.03486856
-0.03375533
-0.02943868
-0.0190325
-0.001220666
0.02129909
0.04270961
0.06076994
0.0768935
0.09194841
0.1046246
0.1157269
0.1261704
0.1345262
0.1403673
0.1411996
0.1329768
0.1136333
0.08919146
0.06581465
0.04376021
0.02640685
0.019606
0.02263568
0.02704712
0.03025187
0.03344862
0.03748672
0.04246641
0.04772965
0.05275057
0.0570575
0.06075328
0.0636917
0.06637801
0.06888185
0.07159163
0.07530915
0.08031212
0.0841481
0.08069813
0.06290583
0.02941771
-0.007496173
-0.03346575
-0.05464482
-0.07722014
-0.1025151
-0.1284942
-0.1516625
-0.1687108
-0.1789785
-0.1851398
-0.1855174
-0.1835984
-0.1784773
-0.1653309
-0.142946
-0.1116687
-0.07883774
-0.05311836
-0.03931
-0.03625553
-0.03716213
-0.03766754
-0.03769546
-0.03883374
-0.04057135
-0.04018273
-0.03508072
-0.02605802
-0.01390299
-0.003647764
0.001052554
-0.0003577486
-0.004494547
-0.009951008
-0.01684566
-0.02399955
-0.02875805
-0.02827855
-0.02291646
-0.01605918
-0.007489844
0.0009524659
0.008070398
0.01200741
0.01111922
0.006696773
-0.001913828
-0.01552683
-0.02974405
-0.04346463
-0.05731649
-0.07027812
-0.08064834
-0.08761434
-0.09191081
-0.08995573
-0.08071643
-0.06372269
-0.04151962
-0.02174288
-0.006892753
0.001675951
0.006784322
0.01273034
0.01789875
0.02258001
0.02974922
0.03913718
0.0480661
0.05689128
0.06539455
0.0716579
0.07352667
0.07194392
0.06985323
0.06751051
0.06652077
0.06881457
0.07433995
0.0819767
0.09048059
0.09711278
0.09996936
0.09847408
0.09277895
0.08232739
0.06760918
0.05390255
0.04045687
0.02582797
0.01030584
-0.004196567
-0.0141605
-0.01751087
-0.01842157
-0.02114522
-0.02642404
-0.03477461
-0.04491659
-0.05476058
-0.06404858
-0.07036474
-0.0695034
-0.05991395
-0.0424152
-0.02362335
-0.005777553
0.01274474
0.03105203
0.04578488
0.05392155
0.05837977
0.06412227
0.07067606
0.07736403
0.08447213
0.09139938
0.09656065
0.0993418
0.1005233
0.09880884
0.09405916
0.08641252
0.07865825
0.07146689
0.06421451
0.05643282
0.04752905
0.03712044
0.02597587
0.01518277
0.004611418
-0.005989479
-0.01668301
-0.02762507
-0.03888305
-0.05020446
-0.06042853
-0.06767801
-0.07086904
-0.07076149
-0.06718531
-0.06249529
-0.05777859
-0.05228356
-0.04661289
-0.04193232
-0.0378252
-0.03345565
-0.02886211
-0.02415321
-0.01944717
-0.01529746
-0.01259766
-0.01181884
-0.01203351
-0.01282149
-0.0128809
-0.01245662
-0.01285914
-0.01531978
-0.02048505
-0.02839896
-0.03641506
-0.04414956
-0.05216693
-0.05987943
-0.06566973
-0.06820699
-0.06886274
-0.06906588
-0.06792839
-0.06454867
-0.05636643
-0.04127275
-0.01911715
0.0002806009
0.01283155
0.0170864
0.01729654
0.01944912
0.02163963
0.02283723
0.02482552
0.02819027
0.0313991
0.03417429
0.03573373
0.03600299
0.03541424
0.03455275
0.03364466
0.03310386
0.03276277
0.03223483
0.03167975
0.03128674
0.03091388
0.02995925
0.02753377
0.023297
0.01739523
0.01106336
0.004992828
-0.001210724
-0.007622119
-0.01366603
-0.01840418
-0.02141283
-0.02339101
-0.02487512
-0.02660968
-0.0284742
-0.03021968
-0.03161063
-0.03219347
-0.03173316
-0.03074957
-0.02887103
-0.02596819
-0.02224917
-0.01792737
-0.01309943
-0.00799666
-0.003980677
-0.001459894
0.0004801353
0.001978855
0.002680204
0.001200832
-0.0035728
-0.011063
-0.02057121
-0.02936359
-0.03543976
-0.0363727
-0.03195875
-0.02515085
-0.01678088
-0.007220356
0.001654344
0.009383854
0.01603697
0.02115488
0.02583604
0.03085676
0.03588336
0.04068337
0.04525489
0.04973633
0.05439614
0.05946446
0.06475876
0.0691944
0.07081994
0.06849439
0.06479035
0.06188691
0.05912683
0.05606859
0.05307928
0.05092784
0.04994411
0.04903427
0.04795087
0.04692723
0.04595014
0.04480793
0.04322429
0.04127413
0.03939189
0.03759682
0.03587132
0.03421117
0.03235863
0.0297357
0.02567148
0.01996341
0.01399975
0.008052874
0.002237864
-0.002139783
-0.003319832
-0.001170335
0.002668011
0.00665295
0.01041899
0.01332944
0.01384037
0.0119228
0.009093385
0.0054109
0.001856892
-0.001767386
-0.005717129
-0.009579144
-0.01269004
-0.01448765
-0.01549571
-0.01589366
-0.01552966
-0.01420511
-0.01143031
-0.006700818
-0.0001306998
0.005793235
0.01056113
0.01326013
0.01283631
0.01038935
0.007425373
0.00518002
0.003660617
0.003065503
0.002970494
0.001589385
-0.001801058
-0.006588265
-0.01236046
-0.01745962
-0.02109425
-0.02303494
-0.02286375
-0.02123715
-0.01959167
-0.01817288
-0.0166456
-0.01492671
-0.01312925
-0.0112663
-0.009188692
-0.006667454
-0.00381595
-0.001024333
0.0002389259
-0.002218243
-0.008976075
-0.01780997
-0.0279109
-0.03705836
-0.04523865
-0.05204579
-0.05637485
-0.05983985
-0.06186027
-0.06279691
-0.06292002
-0.06261925
-0.06242559
-0.06236617
-0.0624336
-0.06211951
-0.06029138
-0.05582536
-0.04931155
-0.04131232
-0.03374781
-0.02682212
-0.02107634
-0.01634577
-0.01324533
-0.01124714
-0.01078694
-0.01127686
-0.01211193
-0.01339781
-0.0151647
-0.01721719
-0.01840155
-0.01829545
-0.01716184
-0.01497355
-0.01308714
-0.01204718
-0.01151017
-0.01149284
-0.0118963
-0.01261512
-0.01361947
-0.01473254
-0.01585307
-0.01666273
-0.01693214
-0.01686605
-0.01597781
-0.01399638
-0.01096633
-0.007389357
-0.003378224
0.001019788
0.005972194
0.01144357
0.01687065
0.02225208
0.02764785
0.03299346
0.03823903
0.04343905
0.04881991
0.05394767
0.05832461
0.06224688
0.06482286
0.06592142
0.06507419
0.06211456
0.05703407
0.04896607
0.03979185
0.02972573
0.01964176
0.009289654
-0.001481374
-0.01167496
-0.01955843
-0.0238826
-0.02641454
-0.02783143
-0.02662717
-0.0234246
-0.01952025
-0.01485722
-0.01010797
-0.004991848
0.0008157263
0.007338202
0.01413221
0.02096009
0.02737115
0.0325053
0.03638467
0.03942849
0.04049808
0.03959071
0.03742483
0.03394903
0.0300591
0.02529122
0.01997786
0.01540844
0.01183556
0.008687865
0.006264504
0.004576549
0.004144133
0.004458412
0.005610678
0.006786036
0.00755268
0.007829751
0.007603734
0.007594067
0.008465112
0.01025486
0.01248804
0.0150716
0.01795188
0.02144047
0.02524128
0.02930931
0.03301831
0.03543247
0.03612084
0.03484506
0.0312721
0.0264584
0.02052533
0.01477131
0.009519189
0.005074967
0.001724397
-0.001608789
-0.004910834
-0.008656701
-0.01349388
-0.01877838
-0.02402439
-0.02906297
-0.03294523
-0.03431655
-0.03315004
-0.03085594
-0.02708453
-0.02346778
-0.01995121
-0.01635455
-0.01332148
-0.01138488
-0.01041325
-0.0103706
-0.01054901
-0.01089058
-0.0111994
-0.01135711
-0.01152015
-0.01208275
-0.01391545
-0.01746122
-0.02159258
-0.02528499
-0.02880329
-0.03241131
-0.03638343
-0.04098283
-0.04622973
-0.05132962
-0.05590129
-0.05990397
-0.06362387
-0.06690482
-0.06957986
-0.07108906
-0.07088697
-0.06829272
-0.06343621
-0.05648079
-0.04944329
-0.04241458
-0.03606757
-0.03124366
-0.02729147
-0.02264883
-0.01575515
-0.005838702
0.006726156
0.01789582
0.02584926
0.03173215
0.03514462
0.03816177
0.04090568
0.04348236
0.04635206
0.04941131
0.05264428
0.05589485
0.05832926
0.05935318
0.05936127
0.05744741
0.05360584
0.0482381
0.0421763
0.03611556
0.03138647
0.02874223
0.02790615
0.0277182
0.02872062
0.03019623
0.03211042
0.03420944
0.03630337
0.03850476
0.04080308
0.04321722
0.04555048
0.04750034
0.04900666
0.04980539
0.04997291
0.04944583
0.04860696
0.04761168
0.04633794
0.0444166
0.04160351
0.0377207
0.03253475
0.02655904
0.01990187
0.0133493
0.006681796
-0.0002822804
-0.007093066
-0.01271362
-0.01614775
-0.01795728
-0.01942809
-0.02069323
-0.02198209
-0.02317197
-0.02423065
-0.0253027
-0.02644147
-0.02742735
-0.02766461
-0.02656306
-0.02414042
-0.02063234
-0.01651191
-0.01257732
-0.008641783
-0.004555752
-0.0005165855
0.003171256
0.006400372
0.009667403
0.01304638
0.01651642
0.02002882
0.02326819
0.02553936
0.02622334
0.02558239
0.02289781
0.01824581
0.01193662
0.005529754
-0.0006297686
-0.006911122
-0.01329693
-0.01969431
-0.02602622
-0.0324051
-0.0381178
-0.04332372
-0.04817359
-0.05188111
-0.05417646
-0.05388708
-0.051028
-0.04597139
-0.04020274
-0.03480458
-0.0294438
-0.02419347
-0.01933963
-0.01489174
-0.01062797
-0.007195195
-0.004723757
-0.003516983
-0.003748152
-0.00568967
-0.008485578
-0.01200019
-0.01541016
-0.0188626
-0.02256828
-0.02626558
-0.0293654
-0.03120828
-0.03188824
-0.0318198
-0.03086188
-0.0291897
-0.02688271
-0.024574
-0.0226529
-0.02176628
-0.02231712
-0.02395411
-0.02650669
-0.02935702
-0.03210733
-0.03497277
-0.03793456
-0.04065148
-0.04263818
-0.04381655
-0.0445117
-0.04447434
-0.04407215
-0.04294204
-0.04076785
-0.03729789
-0.0321363
-0.026201
-0.0198829
-0.01364424
-0.007258073
-0.000646914
0.005753991
0.01107157
0.01466401
0.01717333
0.01863294
0.01876203
0.01796339
0.01583805
0.01300477
0.008997851
0.003590922
-0.002760332
-0.008213114
-0.01234045
-0.01588283
-0.0183039
-0.0193109
-0.01966569
-0.01924423
-0.01857604
-0.01760277
-0.01650826
-0.01502533
-0.01301908
-0.01042171
-0.007238887
-0.003261552
0.001198849
0.00540383
0.008709666
0.011129
0.01226606
0.01265277
0.01218726
0.01102259
0.00949894
0.007847691
0.006442374
0.005408402
0.004283924
0.003087343
0.001929312
0.0006842486
-0.0008768486
-0.002901999
-0.00500559
-0.006780679
-0.008042144
-0.008827272
-0.008779939
-0.007966142
-0.006525543
-0.004752801
-0.002777142
-0.001481322
-0.001337183
-0.001598918
-0.002019788
-0.001957461
-0.0003314007
0.002929033
0.007038507
0.01176352
0.0162948
0.02038004
0.02366846
0.0262667
0.02824757
0.02977072
0.03113711
0.03251377
0.03385396
0.03518153
0.03656941
0.03792468
0.03885369
0.03874217
0.03720561
0.03485568
0.03216508
0.02902915
0.02614458
0.0238557
0.02203834
0.0212401
0.02098744
0.02133941
0.02161345
0.02186744
0.02227952
0.02265358
0.02261772
0.0217891
0.0204048
0.01890058
0.01714104
0.01509431
0.01272867
0.01038561
0.008077326
0.005738661
0.003389185
0.001022609
-0.001354735
-0.003758245
-0.006163893
-0.008487704
-0.01058085
-0.01233225
-0.01365391
-0.01480941
-0.01581016
-0.01632384
-0.01597877
-0.01477353
-0.01315391
-0.0111864
-0.009297677
-0.007396488
-0.005347137
-0.003245286
-0.001375689
-0.0001494547
0.0003195761
0.0003790604
0.000239472
0.0001758394
0.000119983
1.551485e-05
-8.822247e-05
-0.0001658038
-0.0002902353
-0.0006343914
-0.001147089
-0.001598969
-0.001590776
-0.0008859799
0.0001832862
0.001587913
0.003302931
0.005537198
0.008003853
0.01068811
0.01320728
0.01507204
0.01625225
0.01674837
0.0163331
0.01528446
0.0136288
0.0118901
0.009839079
0.007257913
0.003939237
0.0005272066
-0.002711153
-0.00588531
-0.009092765
-0.01258906
-0.0166959
-0.02145114
-0.02621681
-0.03088736
-0.03504323
-0.03795985
-0.04009373
-0.04078823
-0.04008089
-0.03768463
-0.03407108
-0.02925313
-0.02394821
-0.01874226
-0.0133524
-0.007823438
-0.002617257
0.00148404
0.004308106
0.007085963
0.009569816
0.0119921
0.01436785
0.01622875
0.01738422
0.0181502
0.01896655
0.01967059
0.02017185
0.02014769
0.0194748
0.01790845
0.01587996
0.01379841
0.01200362
0.01104368
0.01051365
0.0096928
0.008577802
0.007197641
0.005590154
0.004090676
0.00261723
0.001040743
-0.0005223635
-0.001736044
-0.002144973
-0.001713449
-0.0005202556
0.00132277
0.003031004
0.004631866
0.006256236
0.007850773
0.009538099
0.01167464
0.01475485
0.01852343
0.02268691
0.02681518
0.03090371
0.03462619
0.03747734
0.03931943
0.04003329
0.03970775
0.03845719
0.03595932
0.03226099
0.0275377
0.02295753
0.01841423
0.01371319
0.009148962
0.005240897
0.00230283
-0.0002771918
-0.002511691
-0.004333414
-0.005515077
-0.006090082
-0.006298557
-0.006006036
-0.005663051
-0.005387198
-0.005071953
-0.004692078
-0.004304296
-0.004078023
-0.004242431
-0.005074206
-0.006981927
-0.009592635
-0.01272839
-0.01593254
-0.01851348
-0.02043416
-0.02134541
-0.0211316
-0.02031931
-0.0188189
-0.01747459
-0.01668194
-0.01644605
-0.01688062
-0.0172873
-0.01759337
-0.01801768
-0.01851912
-0.01873627
-0.01810522
-0.01646548
-0.01448894
-0.01215878
-0.009721345
-0.007296299
-0.005300339
-0.004144776
-0.003210722
-0.002103351
-0.0009616015
0.0001272136
0.00124154
0.002497881
0.003885248
0.005085563
0.006099617
0.006777416
0.006786888
0.0060571
0.004919343
0.003437539
0.002036042
0.0006568815
-0.0008192739
-0.002355645
-0.003840783
-0.00508435
-0.005968763
-0.006461235
-0.006743442
-0.007105538
-0.007505963
-0.007889345
-0.00825551
-0.00856978
-0.008743862
-0.008668656
-0.008323339
-0.007966146
-0.007621661
-0.007216004
-0.006821309
-0.006680199
-0.007089075
-0.007980847
-0.008778409
-0.009514879
-0.01035857
-0.01126347
-0.01193914
-0.01188549
-0.01086539
-0.009131774
-0.0068041
-0.00469853
-0.002819689
-0.001319454
-0.0006147406
-0.000403522
-0.0009567392
-0.002312627
-0.004335209
-0.006582651
-0.00877451
-0.01103409
-0.01335423
-0.01552729
-0.01728844
-0.0187049
-0.02048768
-0.02268978
-0.02530193
-0.02822109
-0.03120491
-0.03417787
-0.03712752
-0.0393283
-0.04036962
-0.04105917
-0.04098984
-0.04006961
-0.03804807
-0.03504092
-0.03103438
-0.02667095
-0.02243721
-0.01814515
-0.01378204
-0.009541036
-0.005699748
-0.002190546
0.001631927
0.005521486
0.009345062
0.01313875
0.01685232
0.02044159
0.02386254
0.02719967
0.0301293
0.0323518
0.03379396
0.03444944
0.03436772
0.0334945
0.03175541
0.02950187
0.02735754
0.02523577
0.02302409
0.02081169
0.01870044
0.01669537
0.01448846
0.01176767
0.008410648
0.004583207
0.0003727926
-0.004257594
-0.00909418
-0.0129388
-0.01528556
-0.01727397
-0.01873339
-0.01994045
-0.02100198
-0.0217054
-0.02197789
-0.02174484
-0.02111319
-0.02005078
-0.01859232
-0.01678272
-0.01507931
-0.01344346
-0.01173024
-0.009775431
-0.007459914
-0.004987854
-0.003075055
-0.001551349
-0.0003277548
0.0007577711
0.001680283
0.002514657
0.003134358
0.00350483
0.003635416
0.003740732
0.003818357
0.00378268
0.003743271
0.004093443
0.005368023
0.007562931
0.009539842
0.01133436
0.01318912
0.01512142
0.01708056
0.0189427
0.02062912
0.02202888
0.0230676
0.0239666
0.02442491
0.02463992
0.02438512
0.02358246
0.02225003
0.02088655
0.01965739
0.01844757
0.01716229
0.0155928
0.01353623
0.01107548
0.008732457
0.006452699
0.004122523
0.001787294
-0.0003728394
-0.002119695
-0.003368704
-0.003852617
-0.003454945
-0.00230679
-0.0006836948
0.0008426481
0.00213662
0.002948003
0.003230912
0.00368645
0.004283879
0.00487594
0.005412596
0.005802037
0.005930223
0.005804679
0.005767266
0.005823522
0.005869397
0.005796506
0.005477119
0.004972961
0.004740342
0.005247623
0.006467468
0.008355223
0.01072559
0.01281426
0.01435262
0.01499127
0.01457434
0.01387918
0.0129372
0.01216832
0.01166511
0.01138342
0.0114917
0.01196752
0.01299761
0.01483582
0.01715834
0.01989296
0.02261685
0.02539549
0.02819909
0.03057341
0.03199585
0.03254914
0.03244872
0.03255953
0.03282848
0.0330129
0.03300257
0.0326112
0.0317769
0.03074601
0.02955327
0.02761243
0.02432123
0.01993909
0.01632989
0.01397475
0.01264209
0.01234215
0.0121768
0.01238511
0.01284452
0.01346602
0.01406452
0.01408991
0.01332897
0.0118353
0.00975098
0.007821484
0.005950308
0.003956254
0.001953644
0.0002021296
-0.001026981
-0.001853975
-0.002407063
-0.002805241
-0.003208044
-0.003435861
-0.003271145
-0.002547486
-0.001416786
0.0001676217
0.001957989
0.00417765
0.006728159
0.008835585
0.009518538
0.009824753
0.01011217
0.01019279
0.009958209
0.009474618
0.008604201
0.007235815
0.005371506
0.002927298
0.0007894003
-0.000807585
-0.002103609
-0.003078125
-0.00348216
-0.003698461
-0.004009632
-0.004311225
-0.004539747
-0.004744733
-0.005042614
-0.005554939
-0.006256143
-0.007081015
-0.007860466
-0.008611105
-0.009370074
-0.01015747
-0.01099418
-0.01187401
-0.01269591
-0.01322133
-0.0131922
-0.01263493
-0.01157465
-0.01024923
-0.008484876
-0.006368083
-0.004909524
-0.004299645
-0.004312787
-0.004762282
-0.00524774
-0.006211328
-0.007839751
-0.00942056
-0.01093727
-0.01249501
-0.01407454
-0.01563085
-0.01709639
-0.01849683
-0.01999863
-0.02139478
-0.02226269
-0.02271358
-0.02327648
-0.0239366
-0.02457816
-0.02515378
-0.02559432
-0.0258624
-0.02599402
-0.02590389
-0.02536908
-0.0243889
-0.0230633
-0.0220133
-0.02148979
-0.02143238
-0.02185679
-0.02226134
-0.02255424
-0.0228691
-0.02324851
-0.02369093
-0.02414609
-0.02452552
-0.02470536
-0.02449014
-0.02385787
-0.02282953
-0.02180841
-0.02086542
-0.01985911
-0.0187367
-0.01755713
-0.01659157
-0.01618156
-0.01621827
-0.01669956
-0.01708528
-0.01740686
-0.01780653
-0.01820788
-0.01846596
-0.01841695
-0.01818653
-0.01802809
-0.01794088
-0.01784347
-0.01764623
-0.01718622
-0.01641133
-0.01557576
-0.01485282
-0.01414809
-0.01343033
-0.01270345
-0.01196647
-0.01116332
-0.01023084
-0.009198953
-0.008413297
-0.00799295
-0.007610222
-0.007307391
-0.007346789
-0.007815849
-0.008423583
-0.008985469
-0.009606158
-0.01027899
-0.01079801
-0.01079068
-0.01012598
-0.009393024
-0.008834284
-0.008569243
-0.008700791
-0.008901661
-0.008979958
-0.008997907
-0.009040529
-0.009189504
-0.00958627
-0.01028306
-0.01105828
-0.01175245
-0.01243318
-0.01315227
-0.01393734
-0.01475518
-0.01551432
-0.01609646
-0.01658487
-0.01712555
-0.01775907
-0.01844481
-0.01900673
-0.01904095
-0.01820858
-0.01674255
-0.01482849
-0.01278527
-0.01084132
-0.008874379
-0.006816692
-0.004629105
-0.002324973
-1.551025e-05
0.002050694
0.004160509
0.006370677
0.008562681
0.010479
0.01180351
0.01252838
0.01302245
0.01310403
0.01281338
0.01210009
0.01143232
0.01082053
0.0101582
0.009437576
0.008644475
0.007823151
0.007052098
0.006276063
0.005447414
0.00458667
0.003810862
0.003352169
0.003365847
0.003610863
0.003891618
0.004139795
0.004416065
0.004809966
0.005295659
0.005626946
0.005317375
0.004016598
0.002020621
-0.0004352924
-0.002070911
-0.003179324
-0.004109718
-0.004445117
-0.004392082
-0.00397304
-0.003413948
-0.002892634
-0.002356703
-0.001764604
-0.00112694
-0.0004766504
9.001323e-05
0.0004391486
0.0004446848
8.673339e-05
-0.0005811428
-0.001423075
-0.002297256
-0.00296827
-0.002918257
-0.001842585
-0.0004194567
0.001250043
0.002781324
0.004096368
0.005202735
0.006062353
0.006945673
0.007868899
0.008764595
0.009634817
0.01054036
0.01152253
0.01250278
0.01310261
0.0132184
0.01342389
0.01375333
0.01410661
0.0144367
0.01461523
0.0144833
0.01402002
0.01364615
0.01334808
0.01302195
0.01262294
0.01214935
0.01169646
0.0114679
0.01153769
0.01162306
0.01165614
0.01169819
0.01174318
0.01173474
0.01160548
0.01140191
0.01126341
0.01120959
0.01118105
0.0109979
0.01035121
0.009117703
0.007862981
0.007393993
0.007628584
0.008062031
0.008555322
0.008987314
0.009467734
0.01005116
0.01058127
0.01076886
0.01038336
0.009658643
0.008748008
0.007780912
0.006818574
0.005801607
0.004748
0.003800495
0.003146075
0.002792627
0.002335285
0.001848364
0.00139447
0.0009022646
0.0002836657
-0.000447798
-0.0009694868
-0.0007711285
9.851881e-05
0.001246717
0.002619404
0.003772095
0.004524237
0.004889442
0.004756148
0.004621905
0.004600167
0.004585081
0.004541774
0.004430056
0.004156475
0.003652826
0.003201235
0.002818974
0.002432695
0.001992136
0.001430525
0.0007640382
0.0001759808
-0.0001138408
-0.0001731489
2.682026e-05
0.0005521286
0.00134354
0.002373837
0.003344964
0.004133988
0.00462753
0.00472194
0.004743782
0.004800894
0.00504395
0.005797163
0.00718902
0.008904454
0.01077762
0.01260076
0.01447716
0.01644922
0.01833732
0.01978628
0.02054081
0.02087336
0.02080355
0.02040522
0.01973681
0.01846478
0.01679432
0.01482699
0.01291917
0.01104042
0.009108997
0.007154491
0.005258999
0.003518459
0.001987899
0.0008940723
0.00016203
-5.819602e-05
0.000655109
0.00246424
0.005966793
0.01023395
0.01330518
0.01423232
0.01536287
0.01671656
0.01769297
0.01827667
0.01880678
0.0193576
0.01987214
0.02039479
0.02087459
0.021265
0.02147577
0.02157382
0.02146895
0.0211473
0.02055685
0.019672
0.01852521
0.01742228
0.01631555
0.015161
0.01404457
0.01313444
0.01251909
0.01194137
0.01090809
0.009480411
0.008176883
0.006980063
0.005740579
0.004394649
0.002964293
0.001676137
0.0009100431
0.0007958001
0.0007007118
0.0004784078
0.0002551362
6.249557e-05
-0.000140633
-0.0004098972
-0.0007225557
-0.001024399
-0.001338138
-0.001679015
-0.002019207
-0.002277151
-0.002367718
-0.002321905
-0.002330975
-0.00265348
-0.003340476
-0.004188091
-0.004939695
-0.005657884
-0.006435754
-0.007266688
-0.008049551
-0.008582716
-0.008678396
-0.008202265
-0.007696586
-0.00729003
-0.006862213
-0.006413959
-0.006032372
-0.005821691
-0.00571593
-0.00550103
-0.005138143
-0.004644673
-0.004008677
-0.003377116
-0.002775725
-0.002168993
-0.001550144
-0.0009220645
-0.0002793371
0.000396621
0.001081115
0.001801917
0.002558714
0.003238984
0.003606805
0.003468515
0.003032054
0.002623721
0.002149877
0.001424995
0.0004136196
-0.0005871943
-0.001581103
-0.002610721
-0.00357789
-0.004288758
-0.00458341
-0.004630899
-0.004505962
-0.004173203
-0.003499733
-0.002696988
-0.001943565
-0.001197826
-0.0004268812
0.000382747
0.001237448
0.002123262
0.002986376
0.003852818
0.004733755
0.005598549
0.006383163
0.007018744
0.007537555
0.008039559
0.008354764
0.00830599
0.007967663
0.00769263
0.007462788
0.007207045
0.006954037
0.006752728
0.006640755
0.006538023
0.006429692
0.006349193
0.006306909
0.006220957
0.005913552
0.005214704
0.004203548
0.002920433
0.001697308
0.0004616156
-0.0008746641
-0.002175682
-0.003116789
-0.003360884
-0.00309662
-0.003000748
-0.003021932
-0.002985308
-0.002819359
-0.002482774
-0.002071478
-0.001843508
-0.001792798
-0.001526629
-0.0008016159
0.0003148697
0.00167237
0.00308194
0.004477233
0.005959376
0.007499212
0.00883778
0.009565108
0.009557652
0.009524241
0.009637651
0.009739539
0.009787645
0.009813493
0.009894651
0.01003777
0.01014915
0.0101017
0.009709647
0.009037098
0.008438486
0.007880357
0.007298575
0.006725192
0.006213492
0.005753519
0.005145879
0.004111
0.002534806
0.0004963858
-0.001781404
-0.003965563
-0.006153263
-0.008428623
-0.0107076
-0.01279223
-0.01449188
-0.01592479
-0.01744585
-0.0190365
-0.02061584
-0.02212147
-0.02344274
-0.02450241
-0.02534746
-0.02580566
-0.02600719
-0.02573854
-0.0250262
-0.02381497
-0.02255532
-0.02138819
-0.02019117
-0.0189376
-0.01760287
-0.01622555
-0.0148613
-0.01350524
-0.01211782
-0.01071309
-0.009349657
-0.008167721
-0.007251569
-0.006460092
-0.005565253
-0.004635457
-0.003904984
-0.003622246
-0.003883843
-0.004555577
-0.005076822
-0.005487028
-0.005950821
-0.006585602
-0.007493227
-0.008567209
-0.009334425
-0.009586285
-0.009708797
-0.009947593
-0.0102285
-0.01048696
-0.01072222
-0.01096672
-0.01124614
-0.01153861
-0.01184794
-0.0121785
-0.0124843
-0.01266595
-0.01263781
-0.01249878
-0.01252782
-0.01269075
-0.01283408
-0.01298403
-0.01314143
-0.01318855
-0.01290622
-0.01220113
-0.01142655
-0.01073549
-0.01003684
-0.009296844
-0.008567412
-0.007970977
-0.007583516
-0.007309967
-0.007160692
-0.006999823
-0.006853462
-0.006755238
-0.006605731
-0.006215754
-0.005422512
-0.004410642
-0.003482014
-0.002565316
-0.001573221
-0.0005790518
0.0001908656
0.0004533612
0.0001850961
-0.0005242292
-0.001227893
-0.001861803
-0.002545808
-0.003285936
-0.004004442
-0.004585693
-0.005044857
-0.005733647
-0.006840124
-0.008298013
-0.01008811
-0.01183188
-0.0135316
-0.01514116
-0.01641164
-0.01722066
-0.01783776
-0.01830165
-0.01880477
-0.01932753
-0.01979965
-0.02023026
-0.02062187
-0.02102231
-0.02147795
-0.02199586
-0.02241225
-0.02241332
-0.02197313
-0.02122349
-0.0201613
-0.0190288
-0.01769247
-0.01614963
-0.01443523
-0.01272797
-0.011016
-0.009266187
-0.007541564
-0.005966535
-0.004649337
-0.003472975
-0.00222354
-0.0008997276
0.0004375696
0.001662628
0.002551856
0.002968387
0.003213416
0.00368997
0.00424983
0.004746542
0.005193151
0.005627627
0.006096247
0.00662515
0.007189428
0.007693513
0.008216114
0.008776255
0.009310766
0.009694501
0.009805084
0.009736991
0.00980705
0.009980699
0.01012307
0.0102441
0.01036562
0.0104745
0.01050366
0.01037788
0.01013207
0.009910637
0.00968482
0.00943494
0.009234009
0.009214488
0.009432978
0.009667354
0.009748607
0.009509012
0.008845322
0.008183017
0.007626289
0.007065441
0.006438935
0.005711143
0.00492224
0.004187594
0.003457528
0.002690676
0.001907516
0.001178839
0.0006386704
0.000346759
9.767893e-05
-0.0003611311
-0.0008856971
-0.001371612
-0.001857036
-0.002359864
-0.002805292
-0.003017116
-0.002862473
-0.002478528
-0.001824481
-0.001150074
-0.0005204792
0.000131668
0.000804943
0.001478205
0.002121063
0.002754642
0.003395865
0.004042325
0.004718359
0.00543976
0.006121246
0.006547261
0.006458241
0.005794787
0.004842573
0.004035377
0.003292217
0.002477087
0.001522504
0.0004123733
-0.0006865022
-0.001412848
-0.001839118
-0.001862295
-0.001562525
-0.001103822
-0.0006989699
-0.0003095224
0.0001197152
0.000561353
0.0009977685
0.001431424
0.001917975
0.002387233
0.002833799
0.00328639
0.003788454
0.004362343
0.004933491
0.005264054
0.005176879
0.004738162
0.003945918
0.003140463
0.00239017
0.001605465
0.0008083143
7.824602e-05
-0.0005005156
-0.0009973132
-0.001519375
-0.002063525
-0.002611565
-0.0031565
-0.003645327
-0.003996801
-0.004151077
-0.004127225
-0.004057372
-0.004034049
-0.004029811
-0.004018
-0.003950883
-0.003754895
-0.00338718
-0.002970074
-0.002613513
-0.002294849
-0.001942357
-0.001454548
-0.0007340989
0.0001175399
0.0006804177
0.001009549
0.001418921
0.001924515
0.002469507
0.002928076
0.00308914
0.002791871
0.002254437
0.001813572
0.001418139
0.0009976304
0.0005723203
0.0001737337
-0.0002020372
-0.0006629374
-0.001231623
-0.001798597
-0.00234295
-0.00290296
-0.003477663
-0.004008472
-0.004363054
-0.004435153
-0.004124116
-0.003392994
-0.002735483
-0.002142461
-0.001518658
-0.0009181548
-0.0003923432
7.098764e-05
0.0006977685
0.001613106
0.002754991
0.003824074
0.004852958
0.005902572
0.006965495
0.007982885
0.008896029
0.009710567
0.01044569
0.01103512
0.01146904
0.01159652
0.01137954
0.01069665
0.009849472
0.008803505
0.007720514
0.00664297
0.005504883
0.004333947
0.00323408
0.002390498
0.001868554
0.00133407
0.0009431591
0.0009511795
0.001411353
0.001899561
0.002277182
0.002630053
0.003033587
0.003630836
0.004552769
0.005733649
0.00682642
0.007852713
0.008897196
0.01000818
0.01121901
0.01249288
0.01366187
0.01456675
0.01533794
0.01618555
0.01709907
0.01801167
0.01881312
0.01934257
0.01955894
0.0197583
0.02002527
0.02030798
0.02059492
0.02085892
0.02101759
0.02093431
0.02054547
0.01986161
0.01925346
0.01871837
0.01817907
0.01760031
0.01689958
0.01598852
0.0148952
0.01384985
0.01283426
0.01180312
0.01077929
0.009814462
0.008938961
0.008071487
0.00716063
0.006237693
0.005319587
0.004391067
0.00345816
0.002567454
0.001804185
0.001195694
0.0005982168
-6.89141e-05
-0.0007915091
-0.001487755
-0.001935678
-0.001852046
-0.001220761
-0.000416206
0.0005345757
0.00145073
0.002377593
0.00337424
0.004387427
0.005318811
0.006059089
0.006649669
0.007287939
0.007990733
0.008713156
0.009364807
0.009751971
0.009717774
0.009392514
0.008911128
0.008438153
0.007989052
0.007521537
0.007050439
0.006589551
0.006108345
0.005510755
0.004856991
0.004225982
0.003592186
0.002937813
0.002307849
0.001808576
0.00154562
0.001519875
0.001619514
0.001685582
0.001767512
0.001881608
0.001913823
0.001672866
0.001083485
0.0004550691
-0.000122446
-0.000738615
-0.001394243
-0.001957512
-0.002192103
-0.002003045
-0.001735875
-0.001480599
-0.00123265
-0.0009540876
-0.0006289399
-0.0003212265
-0.0001291081
-0.0001305915
-0.0002267401
-0.0002872663
-0.0003386005
-0.0004139876
-0.0004851831
-0.0004930899
-0.0003867303
-0.0002450206
-0.000202126
-0.0003270457
-0.0008284679
-0.001663658
-0.002440738
-0.003142641
-0.00371964
-0.004025089
-0.004112958
-0.004431573
-0.004794784
-0.005108282
-0.005400956
-0.005666401
-0.005902576
-0.006091614
-0.006264193
-0.006422447
-0.006588627
-0.006761757
-0.006922431
-0.007033033
-0.007063132
-0.007054169
-0.00715326
-0.007253364
-0.0073161
-0.007362041
-0.007431226
-0.007606462
-0.00794485
-0.008372042
-0.008766773
-0.009147533
-0.00953785
-0.009941896
-0.01035281
-0.01075879
-0.01114616
-0.01150625
-0.01183814
-0.01210457
-0.01219391
-0.01203286
-0.0117423
-0.01151902
-0.01133859
-0.01113444
-0.01083538
-0.0103772
-0.009820875
-0.009454093
-0.009391318
-0.00960089
-0.009752937
-0.009864773
-0.009989306
-0.01004377
-0.009910583
-0.00958394
-0.009374942
-0.009350216
-0.009312489
-0.009202064
-0.009070124
-0.009004743
-0.009105724
-0.009367601
-0.009531644
-0.009295948
-0.008743793
-0.008281407
-0.007877244
-0.007438702
-0.006990651
-0.006629581
-0.006479712
-0.006500061
-0.006468597
-0.006395667
-0.00634668
-0.006351771
-0.006423638
-0.006488404
-0.006368876
-0.005940356
-0.005425427
-0.004959688
-0.004480353
-0.00397269
-0.003539941
-0.003362668
-0.003509493
-0.003684295
-0.003777855
-0.003844577
-0.003936848
-0.00413639
-0.00454079
-0.005137375
-0.005653851
-0.00609094
-0.006538856
-0.007002724
-0.007485767
-0.008002687
-0.008569636
-0.009136319
-0.009546261
-0.009727512
-0.009639623
-0.009199782
-0.008470074
-0.007824681
-0.007236148
-0.006600786
-0.005876366
-0.005028917
-0.004131911
-0.003368264
-0.002615802
-0.001815117
-0.0009851255
-0.0001719616
0.0004845174
0.0008476208
0.0009193538
0.0007290057
0.0004373135
0.0001084255
-0.0003825156
-0.001071639
-0.001924186
-0.002758704
-0.003609052
-0.004502573
-0.005347901
-0.005938544
-0.006104345
-0.006026186
-0.006047281
-0.006119036
-0.00615906
-0.006140843
-0.006057769
-0.00593585
-0.005843907
-0.005737793
-0.005416438
-0.004800219
-0.004101695
-0.003438253
-0.002745077
-0.002022518
-0.00141781
-0.001172443
-0.001362334
-0.001562929
-0.001673901
-0.001786824
-0.001933856
-0.002113308
-0.002298315
-0.0024672
-0.002610572
-0.002730998
-0.00285202
-0.002998948
-0.003191612
-0.003404329
-0.003510709
-0.003284812
-0.002639071
-0.00206019
-0.001541183
-0.0009914119
-0.0004839045
-0.0001558045
-9.964769e-05
-0.0001078144
-5.082426e-05
1.785659e-05
4.743976e-05
3.803962e-05
2.494271e-05
0.0001033529
0.0003763688
0.0008356168
0.001271424
0.00168471
0.00212312
0.002569912
0.002936442
0.003111539
0.003100233
0.003072267
0.003043044
0.003031941
0.003049699
0.003075569
0.003008962
0.002660682
0.001914308
0.00102595
0.0002326474
-0.0005365301
-0.001364682
-0.002257361
-0.003137664
-0.003828501
-0.004141798
-0.004070384
-0.004093676
-0.00420295
-0.004284876
-0.004293951
-0.004194091
-0.004030402
-0.003941496
-0.003868543
-0.003785503
-0.00370474
-0.003619264
-0.003507452
-0.003325724
-0.003054881
-0.002699885
-0.002303583
-0.001931226
-0.001566874
-0.001178985
-0.000744568
-0.0002602814
0.0002052386
0.0005261503
0.0008577181
0.001225281
0.001591912
0.001932825
0.002218197
0.002463832
0.002751885
0.00308685
0.003415047
0.003737479
0.004057392
0.004361918
0.00462822
0.004852783
0.00508608
0.005326929
0.005555071
0.00576267
0.005968939
0.006228624
0.00660089
0.007061339
0.007440704
0.007439215
0.007105387
0.00662421
0.006213832
0.005833935
0.005440373
0.00506029
0.004702959
0.004311551
0.003740791
0.002983304
0.002422912
0.002459066
0.002803495
0.003000995
0.003094822
0.003199742
0.003417699
0.003879465
0.004620525
0.005405776
0.006151805
0.006910762
0.007655741
0.00828204
0.008692038
0.009014427
0.009717597
0.01069015
0.01125547
0.01130304
0.01133007
0.01147023
0.01163946
0.01179424
0.01191128
0.01197108
0.01193271
0.01172998
0.01127394
0.01066152
0.009784988
0.008755309
0.007759919
0.006743187
0.005692841
0.004707408
0.003966061
0.003539251
0.003162685
0.002752729
0.002308287
0.001835376
0.001394576
0.001108798
0.001147242
0.001483862
0.0015954
0.001134094
0.001122032
0.001392348
0.00159485
0.001754646
0.001888024
0.00202966
0.00218766
0.002390462
0.002641954
0.002889704
0.003135941
0.003394966
0.00363038
0.003770996
0.003754625
0.00364108
0.003450734
0.003282283
0.003133691
0.002988383
0.002838283
0.002641322
0.002330612
0.001888751
0.001492844
0.001170535
0.0008734641
0.000471268
-0.0002769171
-0.001520603
-0.002972966
-0.004360853
-0.00555765
-0.006600846
-0.007302456
-0.007726375
-0.007840729
-0.007535603
-0.006871108
-0.00626759
-0.00569536
-0.005060759
-0.004415774
-0.003861747
-0.003517919
-0.00331481
-0.003032999
-0.002670342
-0.002346762
-0.002240741
-0.002546855
-0.003124968
-0.003231609
-0.002670758
-0.002097518
-0.001673525
-0.001290464
-0.0008943392
-0.0004851945
-5.919719e-05
0.0004186844
0.0008921589
0.001342209
0.001779499
0.002215603
0.002691047
0.00324517
0.003874891
0.004500923
0.004992885
0.005180021
0.005079814
0.00505175
0.005081509
0.005084063
0.00506826
0.00507045
0.00515831
0.00533547
0.005575565
0.005830369
0.006100959
0.006414674
0.006745739
0.006942321
0.006782056
0.006207528
0.005649366
0.00516085
0.004651692
0.004124508
0.00364845
0.003303524
0.003033318
0.002556069
0.001910015
0.001302397
0.000706275
8.841668e-05
-0.0004842277
-0.0008601065
-0.000918431
-0.0008218486
-0.0007907952
-0.0007793578
-0.0007338451
-0.000683054
-0.0007028149
-0.0008731427
-0.001166023
-0.001578678
-0.001988678
-0.002369824
-0.002755878
-0.003182771
-0.003683164
-0.004246088
-0.004759393
-0.00517883
-0.005410925
-0.005401708
-0.005101851
-0.004701372
-0.004148404
-0.003561143
-0.002965497
-0.002318894
-0.001678908
-0.001190308
-0.001019568
-0.001103141
-0.001115758
-0.00105319
-0.0009760698
-0.0009347577
-0.001052457
-0.001461544
-0.002116275
-0.00268406
-0.002969832
-0.002927914
-0.00265106
-0.002460502
-0.002295434
-0.002074387
-0.001872142
-0.001872026
-0.00225117
-0.002873587
-0.003432727
-0.00397892
-0.004559345
-0.00507088
-0.005333226
-0.005271185
-0.005178349
-0.005125529
-0.005078878
-0.005031517
-0.004984133
-0.004913461
-0.004728042
-0.004316084
-0.003708083
-0.00315752
-0.002647444
-0.002117832
-0.001556821
-0.0009755455
-0.0004177841
5.879864e-05
0.0004310373
0.0007844922
0.00120362
0.001694405
0.002168261
0.002387009
0.002032679
0.001129717
0.0004530702
-0.0001172127
-0.0007540405
-0.001441705
-0.002125741
-0.002676451
-0.0030325
-0.003218099
-0.003276754
-0.003371534
-0.003505307
-0.003635293
-0.003737325
-0.003736357
-0.003568092
-0.003270577
-0.003027044
-0.002825029
-0.002613126
-0.002328392
-0.001904656
-0.001352677
-0.0008683218
-0.0004904812
-0.0001027568
0.0003231182
0.0007865785
0.001276327
0.001721213
0.001981417
0.001965335
0.001997504
0.002091574
0.002181058
0.002244206
0.002254281
0.002206694
0.002132424
0.002052035
0.001966206
0.001871622
0.001764333
0.001668462
0.001638867
0.001723265
0.001875691
0.001987708
0.002084851
0.002190403
0.00230737
0.002441724
0.002596504
0.002762086
0.002915541
0.003066261
0.003224988
0.0033813
0.003515466
0.003618026
0.003723072
0.003943911
0.004391583
0.004819409
0.005226026
0.005654376
0.00603546
0.006229108
0.006127781
0.005869691
0.005496836
0.005150506
0.004772946
0.004310205
0.003860959
0.003664058
0.003990262
0.004717183
0.005068694
0.004931175
0.004886807
0.004958218
0.005047582
0.005125706
0.005207379
0.005333496
0.005509604
0.005714094
0.005932602
0.006144323
0.006364436
0.006610784
0.006880335
0.007124908
0.007240912
0.007160643
0.007121751
0.007146956
0.007178374
0.007141038
0.006904626
0.006407026
0.005802937
0.005118275
0.004442717
0.003755574
0.003051055
0.002419616
0.001970281
0.001689275
0.001294771
0.0008589285
0.0004157949
-3.42319e-05
-0.0004031987
-0.0005230209
-0.0002758081
0.0001529731
0.000708337
0.001206311
0.001545372
0.001747689
0.001842348
0.00188386
0.001963393
0.002070136
0.002166643
0.002195924
0.002053515
0.001695436
0.001286159
0.0009258902
0.0005722442
0.0002011925
-0.0001845714
-0.0005629087
-0.0009184683
-0.001258802
-0.001610537
-0.001981754
-0.002362888
-0.002700967
-0.002902783
-0.002911052
-0.002849155
-0.002822502
-0.002793383
-0.002741392
-0.002711451
-0.002787239
-0.003003767
-0.003221647
-0.003332484
-0.003159328
-0.002622518
-0.002074056
-0.001604738
-0.001153641
-0.0007178169
-0.0002954808
0.0001759976
0.0008238083
0.001455549
0.002049861
0.002641812
0.003235216
0.00383639
0.004452594
0.005099133
0.005816834
0.006620155
0.007164663
0.007272631
0.007073217
0.006641344
0.006289179
0.005990411
0.005670551
0.005314798
0.004877285
0.004304521
0.003605483
0.002972412
0.002403122
0.001807748
0.001050005
-3.859256e-06
-0.001249532
-0.002139242
-0.002538747
-0.00293922
-0.003468726
-0.004023308
-0.004508305
-0.004842144
-0.005024664
-0.005205903
-0.005443665
-0.005570243
-0.005331862
-0.004628567
-0.003841611
-0.00315374
-0.002466432
-0.001712535
-0.000913442
-0.000203069
0.0002140973
0.0002191833
-0.0001007922
-0.0003429409
-0.0005424602
-0.0007718854
-0.0009721391
-0.001067792
-0.001069556
-0.001254135
-0.001958004
-0.002944537
-0.003826161
-0.004673302
-0.005544491
-0.006364086
-0.006980704
-0.007354492
-0.007755458
-0.00821647
-0.008691583
-0.009156749
-0.009531336
-0.009697682
-0.009611213
-0.009491612
-0.009350677
-0.009231261
-0.009147761
-0.009080533
-0.008937343
-0.008510383
-0.007621669
-0.006459815
-0.00539561
-0.004375495
-0.003325507
-0.00228333
-0.001326686
-0.0005058679
0.0002710422
0.0009435086
0.001261336
0.001144005
0.0009043966
0.0007371681
0.0005767606
0.0003959459
0.0002531653
0.0002236186
0.0002757581
0.0001929098
0.0001196055
8.44667e-05
1.578904e-05
-0.0001527517
-0.0004254106
-0.0006164997
-0.0004194323
0.0001031974
0.0003340622
6.903871e-05
-0.0005767047
-0.001534933
-0.002388821
-0.003208867
-0.004098026
-0.004966096
-0.005616139
-0.005884885
-0.005963827
-0.006128145
-0.006358178
-0.006591563
-0.006752357
-0.00668538
-0.006269481
-0.005633926
-0.004963782
-0.004502171
-0.004330717
-0.004213434
-0.004011591
-0.003769114
-0.003530206
-0.003325698
-0.003212243
-0.003249634
-0.003404917
-0.003525948
-0.0036287
-0.003741081
-0.003840249
-0.003882751
-0.003847019
-0.003763868
-0.00364253
-0.003534004
-0.003433929
-0.003323718
-0.003188826
-0.003013937
-0.002815236
-0.002654253
-0.002500715
-0.0023389
-0.002168399
-0.001985692
-0.001803843
-0.00165456
-0.001584898
-0.001595607
-0.001583866
-0.00153668
-0.001474724
-0.001440681
-0.001531432
-0.00183787
-0.002298219
-0.002705561
-0.003083279
-0.003483865
-0.003911279
-0.00433395
-0.004682888
-0.004893376
-0.004936895
-0.004934507
-0.004973536
-0.005036573
-0.005097319
-0.005110129
-0.004996758
-0.004711746
-0.004365654
-0.004072252
-0.003813675
-0.003540341
-0.003170457
-0.002605978
-0.001859994
-0.001103249
-0.0004263
-9.811636e-05
-5.00785e-05
8.165721e-05
0.0002576213
0.000414372
0.0005963694
0.0009026768
0.001369428
0.00181826
0.002184199
0.002360247
0.002243798
0.001975527
0.001769663
0.001590577
0.001399137
0.001219784
0.001075926
0.0009302871
0.0006639385
0.0003918194
0.00011657
-0.0001708836
-0.0003896543
-0.0003981622
-0.0001371361
0.0001550182
0.0003663299
0.0002652972
-0.0002187457
-0.0006362504
-0.0009050472
-0.0009442508
-0.0006461242
-0.0002013087
0.0002167573
0.0004434028
0.0001552427
-0.0005346025
-0.001094545
-0.001597046
-0.002161265
-0.002722811
-0.003092763
-0.003076301
-0.002794329
-0.002585775
-0.002412875
-0.002211579
-0.002025962
-0.001938228
-0.001989417
-0.002047439
-0.00208645
-0.002133072
-0.002194529
-0.002252446
-0.002273592
-0.002236694
-0.002198947
-0.002294575
-0.002387546
-0.002460683
-0.002547626
-0.002631034
-0.002655006
-0.002530487
-0.002235765
-0.00178974
-0.00135066
-0.0009395128
-0.0005052719
-2.382625e-05
0.0004855402
0.0009337335
0.001199987
0.001396708
0.001625664
0.001852809
0.002060847
0.002289646
0.002619374
0.003096116
0.003634247
0.00396177
0.003895964
0.00354622
0.003293655
0.003102454
0.002872918
0.002610778
0.002384654
0.002321927
0.002506874
0.00305068
0.003705579
0.004310264
0.004932651
0.005575177
0.006115042
0.006374891
0.006357093
0.006462135
0.006595919
0.006682154
0.006787591
0.007021439
0.007468731
0.007964142
0.008163525
0.008176867
0.008162048
0.007962468
0.007487766
0.00672772
0.005996769
0.005283339
0.004556816
0.003921141
0.003508713
0.003298998
0.002935319
0.002536824
0.002165619
0.001799562
0.001448883
0.001153479
0.0009864115
0.0009716882
0.001118758
0.001258421
0.001334274
0.001384703
0.001489036
0.001791856
0.00240811
0.003163326
0.003477276
0.003436624
0.003480485
0.003581174
0.003681804
0.003852193
0.004227343
0.004823278
0.005319254
0.005621692
0.005654326
0.005372494
0.004852283
0.004422714
0.004039926
0.003585209
0.0030282
0.002416783
0.001977146
0.002022407
0.002478303
0.003013383
0.003466351
0.003913785
0.004403612
0.004888169
0.005289198
0.005570143
0.00584325
0.006125101
0.006395266
0.006669662
0.007006963
0.007463924
0.007993125
0.008441272
0.008823623
0.009031302
0.008966326
0.008620515
0.007956448
0.007350184
0.006794167
0.006214846
0.00563905
0.005089614
0.004555667
0.0039386
0.003325165
0.002733174
0.002155531
0.001582979
0.000992132
0.0003467351
-0.0003604124
-0.001044802
-0.001484475
-0.001617667
-0.001576934
-0.001272469
-0.0008664597
-0.0005009431
-0.0001251226
0.0002587238
0.0006129725
0.0009077802
0.001230432
0.001807459
0.002713726
0.003614107
0.004480691
0.005408645
0.006369069
0.007149942
0.007414318
0.007078607
0.006750074
0.006443291
0.006133198
0.005797429
0.005412527
0.005006939
0.004596445
0.004201922
0.003823361
0.003422646
0.002974099
0.002516751
0.002185136
0.002192201
0.002592119
0.002993821
0.003304362
0.003619495
0.003972743
0.004364412
0.004756617
0.005097222
0.005331323
0.005476668
0.005630392
0.005690515
0.005504426
0.005056416
0.004647667
0.004272688
0.003875158
0.003503812
0.003244737
0.003158123
0.003116724
0.003061992
0.003029281
0.003006945
0.002889811
0.002537144
0.001950823
0.001483622
0.001201902
0.0008809975
0.0004900873
7.56469e-05
-0.0002842369
-0.0004725762
-0.0004419213
-0.0003576581
-0.0003318414
-0.0003252874
-0.0002930874
-0.0001957719
-2.41545e-05
0.000150111
0.0001291439
-0.0001579693
-0.0004462768
-0.0006467971
-0.0008149087
-0.001034174
-0.001447173
-0.002155162
-0.003013828
-0.003652527
-0.003993754
-0.004190601
-0.004455036
-0.004753063
-0.005057224
-0.005425998
-0.005926155
-0.006495947
-0.006942058
-0.007282678
-0.007441139
-0.007351897
-0.006997665
-0.00630014
-0.005673528
-0.005118872
-0.004530036
-0.003858912
-0.00306477
-0.002217717
-0.001560699
-0.001336387
-0.001336863
-0.001246937
-0.001116951
-0.001012589
-0.0009027199
-0.0007084825
-0.000375191
9.54139e-07
0.0003782725
0.0007863166
0.001189659
0.001454346
0.001420533
0.001151368
0.001154057
0.001434311
0.001658079
0.001849758
0.002069114
0.002256859
0.00222282
0.001763505
0.000993007
0.0003258909
-0.0002748408
-0.0009156128
-0.00162611
-0.00239899
-0.003141879
-0.003690352
-0.003983356
-0.004262941
-0.004587735
-0.004917341
-0.005259021
-0.005651659
-0.00610977
-0.006556154
-0.006995929
-0.007456395
-0.007933258
-0.008384023
-0.00872635
-0.008909464
-0.009034846
-0.00924187
-0.009479797
-0.009713537
-0.009963692
-0.01021778
-0.01038428
-0.01030447
-0.009922409
-0.00951234
-0.009168692
-0.008831661
-0.008471824
-0.008075419
-0.007638971
-0.00716751
-0.006684033
-0.006187322
-0.005689961
-0.005184964
-0.004677501
-0.00419643
-0.003782387
-0.003432903
-0.003055225
-0.002662516
-0.002267815
-0.001868345
-0.00148678
-0.001172561
-0.0009787624
-0.0008854645
-0.0008806578
-0.0008523635
-0.0008112731
-0.0007843197
-0.0007660431
-0.0007405344
-0.000686837
-0.0006083296
-0.000535608
-0.0004647298
-0.0003858783
-0.0003034184
-0.0002416255
-0.0002419584
-0.0003346287
-0.0005355638
-0.0007785316
-0.00102286
-0.001277037
-0.0014934
-0.001578916
-0.001500326
-0.001460137
-0.001818416
-0.002597512
-0.003332862
-0.003760123
-0.004037168
-0.004091994
-0.003791782
-0.003558018
-0.003373752
-0.003158259
-0.002963967
-0.00287652
-0.002933845
-0.002966362
-0.002882829
-0.002795883
-0.002744472
-0.002692521
-0.002603116
-0.002454296
-0.00230411
-0.002278518
-0.00225779
-0.002218198
-0.002173843
-0.002099448
-0.001982467
-0.001852263
-0.001845922
-0.002084328
-0.002454527
-0.002774912
-0.003078854
-0.003391429
-0.003679596
-0.003883414
-0.004008798
-0.004191759
-0.004400602
-0.004620552
-0.004846464
-0.004998377
-0.004944512
-0.004616214
-0.00420929
-0.003749117
-0.003322446
-0.002924534
-0.002511467
-0.0020166
-0.00134414
-0.0004984291
0.0002480578
0.0005704238
0.0005037722
0.0005451424
0.0006969226
0.0008489664
0.0009392039
0.0008736902
0.0006051609
0.0002363725
-7.866409e-05
-0.0004863405
-0.0007874803
-0.001119001
-0.001466023
-0.001784636
-0.002005675
-0.002100531
-0.002165143
-0.002253755
-0.002353687
-0.002466459
-0.002583389
-0.002654198
-0.00257043
-0.002231439
-0.001691807
-0.001211477
-0.0007673987
-0.0003025913
0.0001790625
0.0006511163
0.001079952
0.001473829
0.001867604
0.002266841
0.002681451
0.00312142
0.003556102
0.003886622
0.00397071
0.00379685
0.003675788
0.003599547
0.003508888
0.003426783
0.003395842
0.003435919
0.003462588
0.003484216
0.003517675
0.003553306
0.003562446
0.003519926
0.003453628
0.003493456
0.003740941
0.004050295
0.004324731
0.004600888
0.004879507
0.005098433
0.005167154
0.005103508
0.005135345
0.005199782
0.00525533
0.0052998
0.005285758
0.005153902
0.004896148
0.004665653
0.004455406
0.004239637
0.004021619
0.003811349
0.003605338
0.003363072
0.003006467
0.002506334
0.002033721
0.001578914
0.001100537
0.000631456
0.0002653167
0.0001148211
0.0001763057
0.0004550767
0.0007356392
0.0009673482
0.001201224
0.001464488
0.001787331
0.002189511
0.002641268
0.003066242
0.003481849
0.003916846
0.00436688
0.004774792
0.005031849
0.0050492
0.004799732
0.004412325
0.004089698
0.003801447
0.003493142
0.003131587
0.002670955
0.002104376
0.001528482
0.0009669763
0.0003837835
-0.0002068716
-0.0007158398
-0.001000171
-0.001032694
-0.001077999
-0.001141647
-0.001200138
-0.001248074
-0.001276532
-0.00129679
-0.001305194
-0.001303917
-0.001295872
-0.001286917
-0.001274314
-0.001272376
-0.001295067
-0.001340994
-0.001348119
-0.001197116
-0.0008463135
-0.0004931781
-0.0001812227
0.0001298785
0.0004487208
0.0007534615
0.00101142
0.001221631
0.001423801
0.001596468
0.001745679
0.001958236
0.002378924
0.003071777
0.003756403
0.003927813
0.003820544
0.003835125
0.003929581
0.004015547
0.00404032
0.003969447
0.003823411
0.003710002
0.003612644
0.00351243
0.003417057
0.003328585
0.003233902
0.003085056
0.002825445
0.002453014
0.002116881
0.001844957
0.001620862
0.001370635
0.0009144271
5.246161e-05
-0.001094438
-0.001748551
-0.001864102
-0.001838248
-0.001689658
-0.001608927
-0.001545309
-0.001437571
-0.001309275
-0.001205586
-0.00116489
-0.001157517
-0.001138206
-0.001108954
-0.001082171
-0.001072661
-0.001099285
-0.001161473
-0.001207148
-0.001186893
-0.001147807
-0.001124177
-0.001103882
-0.001076856
-0.001045735
-0.001032412
-0.001069713
-0.00116553
-0.00126186
-0.001368178
-0.001474994
-0.001508289
-0.001360114
-0.001023829
-0.0007353113
-0.0004860841
-0.0002184639
7.391934e-05
0.0003710183
0.0006075687
0.0007180203
0.0007257052
0.0008235977
0.0009453838
0.001069987
0.001200439
0.001277456
0.001184182
0.0008338975
0.0003499732
-0.0001678662
-0.0006680728
-0.001157256
-0.001659315
-0.00217579
-0.002704577
-0.003233427
-0.003745106
-0.004255928
-0.004790468
-0.005335325
-0.005815295
-0.006090302
-0.006086352
-0.006004651
-0.006126046
-0.006380252
-0.006603675
-0.006665049
-0.006373424
-0.005736569
-0.005203216
-0.004746301
-0.004248754
-0.003696419
-0.003145783
-0.002757265
-0.002647412
-0.002511861
-0.002328313
-0.002145199
-0.001944668
-0.001729877
-0.001547136
-0.001535996
-0.001762669
-0.002051547
-0.002291945
-0.00253541
-0.002789514
-0.002990703
-0.003028986
-0.002888356
-0.002772734
-0.002689177
-0.002601431
-0.002522605
-0.002454492
-0.002367297
-0.002158758
-0.00172249
-0.001109902
-0.000558834
-4.651398e-05
0.0004698586
0.0009727042
0.001422211
0.001805329
0.002189464
0.002570956
0.002942618
0.003319179
0.003702927
0.004060007
0.004298463
0.004314989
0.004094744
0.003879736
0.003720883
0.003556796
0.003350533
0.003084783
0.002792729
0.002560434
0.002340805
0.002111002
0.001872213
0.001630691
0.001424044
0.001310381
0.00132696
0.001441032
0.001601029
0.001740734
0.001885038
0.002046413
0.002183159
0.002217979
0.002101699
0.001927242
0.001797208
0.001693837
0.001576541
0.001399481
0.001119677
0.0007748951
0.0005476101
0.0004664975
0.0003614737
0.0002201705
6.786681e-05
-7.395425e-05
-0.0001645318
-0.0001569474
-5.793586e-05
1.140956e-05
4.680682e-05
7.75616e-05
0.0001376478
0.0002848995
0.0005472609
0.0008373994
0.00104698
0.001201642
0.001195643
0.001099592
0.001044823
0.001002555
0.0009459238
0.0008859948
0.0008618814
0.0009127888
0.001019152
0.001120112
0.001231418
0.001344519
0.001379748
0.001222037
0.0008594993
0.000545041
0.0003291884
0.000108055
-0.0001399504
-0.0004030436
-0.0006469334
-0.0008167581
-0.0008676968
-0.0008415128
-0.0008401213
-0.0008554477
-0.0008662724
-0.0008678228
-0.0008513488
-0.0008075516
-0.0007340322
-0.0006399129
-0.0005434451
-0.0004563548
-0.0003749969
-0.000296551
-0.0002147979
-0.0001179079
6.393941e-07
0.0001218011
0.0002262855
0.0002557358
0.0001727259
6.244436e-05
-2.04704e-05
-9.359353e-05
-0.0001666955
-0.0002364296
-0.0002992313
-0.000367613
-0.0004653705
-0.00055464
-0.0006333535
-0.0007115254
-0.0007875283
-0.000851539
-0.0008844595
-0.0008764079
-0.0008369604
-0.0008049374
-0.000773769
-0.0007373238
-0.0007087553
-0.00071091
-0.0007543641
-0.0007969704
-0.000762931
-0.0006680197
-0.0005945648
-0.0005386651
-0.0004833924
-0.0004251713
-0.0003656298
-0.0003116279
-0.000268791
-0.0002386622
-0.0002127831
-0.000185308
-0.000156515
-0.0001285518
-0.0001066153
-9.974616e-05
-0.0001127746
-0.0001328278
-0.0001468213
-0.0001591377
-0.0001739599
-0.0001893543
-0.0001964567
-0.0001828463
-0.0001425694
-7.658849e-05
-2.103821e-05
2.644444e-05
7.541882e-05
0.0001258074
0.000172709
0.0002035252
0.0002112205
0.000221142
0.0002354486
0.0002481824
0.0002556863
0.000251534
0.0002348666
0.0002158514
0.0002013348
0.0001884608
0.0001773357
0.0001688383
0.0001602425
0.0001408179
9.708781e-05
3.166769e-05
-1.727537e-05
-4.388284e-05
-5.046146e-05
-3.897244e-05
-2.488426e-05
-1.542059e-05
-5.740627e-06
5.353466e-06
1.342492e-05
1.203064e-05
4.25004e-07
-9.334732e-06
-1.638001e-05
-2.322886e-05
-3.009238e-05
-3.644509e-05
-4.096854e-05
-4.329583e-05
-4.396892e-05
-4.361377e-05
-4.353534e-05
-4.373242e-05
-4.32656e-05
-4.089161e-05
-3.522723e-05
-2.762348e-05
-2.310334e-05
-1.926917e-05
-1.497473e-05
-1.058393e-05
-6.123525e-06
-2.227093e-06
5.190314e-07
1.386075e-06
5.012362e-07
-1.931988e-07
-4.950785e-07
-1.075923e-06
-1.322508e-06
4.610158e-07
6.465395e-06
1.591472e-05
2.355277e-05
2.958608e-05
3.5355e-05
4.124391e-05
4.761302e-05
5.386149e-05
5.843856e-05
6.020532e-05
6.11625e-05
6.251427e-05
6.405501e-05
6.529291e-05
6.568263e-05
6.447485e-05
6.182214e-05
5.952144e-05
5.788907e-05
5.645243e-05
5.517287e-05
5.415544e-05
5.374565e-05
5.399726e-05
5.458839e-05
5.545209e-05
5.633678e-05
5.720796e-05
5.814271e-05
5.904624e-05
5.994788e-05
6.093839e-05
6.227059e-05
6.356537e-05
6.482159e-05
6.609682e-05
6.747345e-05
6.897544e-05
7.057699e-05
7.206735e-05
7.339887e-05
7.473131e-05
7.616776e-05
7.765071e-05
7.919881e-05
8.085663e-05
8.271313e-05
8.470848e-05
8.661915e-05
8.841895e-05
9.010374e-05
9.166866e-05
9.333148e-05
9.516893e-05
9.713765e-05
9.919128e-05
0.0001013251
0.0001035102
0.0001057485
0.0001080719
0.0001104884
0.0001129708
0.0001155374
0.0001182126
0.0001210155
0.0001238665
0.0001266562
0.0001294128
0.000132179
0.0001349477
0.0001377187
0.000140483
0.0001432438
0.0001460001
0.000148764
0.0001515377
0.0001543225
0.0001571142
0.0001599144
0.0001627207
0.000165536
0.00016836
0.0001711938
0.0001740348
0.0001768835
0.0001797384
0.0001825999
0.0001854669
0.0001883395
0.0001912169
0.0001940994
0.0001969865
0.0001998785
0.0002027749
0.0002056758
0.0002085807
0.0002114897
