0.0003800804
0.0003790284
0.0003791088
0.00037794
0.0003776769
0.0003758475
0.0003746575
0.0003718734
0.0003699944
0.0003664561
0.0003632268
0.0003578489
0.0003529448
0.0003470231
0.000343692
0.0003410676
0.0003396883
0.0003370059
0.0003356688
0.0003333989
0.0003327215
0.0003313243
0.0003316433
0.000331196
0.000332134
0.0003317396
0.0003324463
0.0003327258
0.0003369789
0.0003448987
0.0003584938
0.0003688592
0.0003706041
0.0003634351
0.0003562066
0.0003475947
0.0003428638
0.0003449541
0.0003594238
0.0003754632
0.0003691965
0.0003217056
0.000260077
0.0002139854
0.0002053459
0.0002409777
0.0003081351
0.0003497684
0.0003355846
0.0002617234
0.0002005602
0.0001666212
0.0001527701
0.0001545917
0.0001526394
0.0001445867
0.0001370215
0.0001296255
0.0001250807
0.0001206083
0.0001177982
0.00011405
0.0001113313
0.0001069564
0.0001027169
9.648371e-05
9.211217e-05
9.031828e-05
9.548866e-05
0.0001021657
9.992306e-05
6.626769e-05
-1.013562e-05
-0.0001058731
-0.0001330921
-8.390224e-05
-3.154084e-05
1.447951e-05
6.02654e-05
9.053985e-05
8.794645e-05
4.27798e-05
-1.64671e-06
8.413632e-06
6.843932e-05
0.0001294501
0.000192613
0.0002555564
0.000300363
0.0002902828
0.0002080004
9.393863e-05
-6.663326e-06
-8.050913e-05
-0.0001116968
-0.0001125374
-0.0001194021
-0.0001352803
-0.0001499983
-0.0001636347
-0.0001723742
-0.0001799466
-0.0001855273
-0.0001946014
-0.0002069464
-0.0002248426
-0.0002395026
-0.0002423846
-0.0002237066
-0.0002017619
-0.0002295963
-0.0003988846
-0.0007547594
-0.00119682
-0.001628029
-0.001904565
-0.001853289
-0.001588628
-0.00131731
-0.001052045
-0.0008317555
-0.0007979743
-0.001086522
-0.001605624
-0.001835919
-0.001731367
-0.001520631
-0.001327653
-0.001131135
-0.000937646
-0.0008526862
-0.001041952
-0.001558523
-0.002131501
-0.002582795
-0.002658605
-0.002312417
-0.001826276
-0.001430618
-0.001207139
-0.001211975
-0.00138891
-0.001523104
-0.001619439
-0.001720197
-0.001842951
-0.001987284
-0.002140562
-0.002281573
-0.002400459
-0.002509341
-0.002664792
-0.002946764
-0.00340649
-0.003926901
-0.004148599
-0.003997684
-0.003862921
-0.003787876
-0.003723794
-0.003652749
-0.003562961
-0.003458479
-0.003346115
-0.003232128
-0.003119301
-0.003006416
-0.00289126
-0.002770178
-0.00264289
-0.002511876
-0.002385596
-0.002270854
-0.002165906
-0.002047747
-0.001879642
-0.00164189
-0.001398303
-0.001345447
-0.001780324
-0.002833847
-0.004114259
-0.005298304
-0.006006344
-0.006100781
-0.006011154
-0.006048318
-0.006180385
-0.006300274
-0.006266169
-0.005890115
-0.005088364
-0.00408961
-0.003038478
-0.001892525
-0.0007758683
-8.197758e-05
-0.0003568072
-0.001700691
-0.003134576
-0.004313093
-0.004850734
-0.00468585
-0.004592206
-0.004595343
-0.004606562
-0.004716305
-0.005153104
-0.006116465
-0.00743338
-0.008786804
-0.01019063
-0.01155451
-0.0125316
-0.01264434
-0.01180111
-0.01081969
-0.009537772
-0.007722164
-0.005755383
-0.003734762
-0.001658562
0.0003737891
0.002132818
0.003421305
0.00435239
0.005396352
0.006576529
0.007739861
0.008633221
0.008942573
0.008599306
0.008180315
0.008124026
0.008303394
0.008510542
0.008740185
0.00891318
0.008754478
0.007868813
0.006154926
0.004304777
0.002611647
0.001139866
2.637754e-05
-0.0007901061
-0.00173085
-0.002820151
-0.003863577
-0.004580529
-0.004595919
-0.003848505
-0.002951616
-0.001977187
-0.0006340222
0.001056433
0.002483561
0.002799064
0.001923214
4.537579e-05
-0.002436192
-0.004961598
-0.007583199
-0.01018698
-0.01212377
-0.01252088
-0.01114046
-0.009506589
-0.008108964
-0.006732066
-0.005269178
-0.003761478
-0.002408774
-0.001438025
-0.0009109013
-0.000929671
-0.001315576
-0.002001508
-0.002648252
-0.003255721
-0.003933231
-0.004722202
-0.005588373
-0.006323344
-0.006558711
-0.005955267
-0.004697595
-0.003528588
-0.00248181
-0.001421254
-0.0002878362
0.0009463524
0.002196815
0.003240899
0.003709116
0.003319897
0.002142405
-8.66244e-05
-0.003654713
-0.008480369
-0.01341143
-0.01756673
-0.0196075
-0.01831189
-0.01472245
-0.01106871
-0.008488864
-0.008471784
-0.01150233
-0.01556719
-0.01968975
-0.02141675
-0.01956969
-0.01577608
-0.01211137
-0.008791391
-0.006355404
-0.005737935
-0.006888008
-0.008851573
-0.01084139
-0.01190999
-0.01191688
-0.01137159
-0.01044917
-0.009696629
-0.009066489
-0.008381977
-0.00746793
-0.00612703
-0.004300432
-0.00233448
-0.0004992628
0.001204894
0.002899939
0.004815225
0.007241914
0.01020321
0.01301706
0.01442648
0.01351094
0.0103358
0.005704682
0.001586339
-0.0002328439
-3.390631e-05
0.0006107527
0.000989011
0.001062443
0.0007066239
0.0004689513
0.001521738
0.003891753
0.006747292
0.01003559
0.01311279
0.01501161
0.01509322
0.01318739
0.009946231
0.006720597
0.004250593
0.003876147
0.006999596
0.01292122
0.01945419
0.02563875
0.02970364
0.03067363
0.02935006
0.02655613
0.02347031
0.0210063
0.01912083
0.01704252
0.01470892
0.01228411
0.009852586
0.007476961
0.005153677
0.002874282
0.000594998
-0.001730856
-0.004162255
-0.006666169
-0.009037008
-0.01080757
-0.01146725
-0.01095597
-0.009562633
-0.007357072
-0.004492847
-0.0009473539
0.002825389
0.006620062
0.009862142
0.01147803
0.01080375
0.008861237
0.006705709
0.004974224
0.003907382
0.002676824
-0.0003466758
-0.00612498
-0.01399688
-0.02243312
-0.02854266
-0.0310518
-0.02950634
-0.02447141
-0.01916715
-0.01407317
-0.01022188
-0.008788522
-0.009079426
-0.01081891
-0.01384576
-0.01753505
-0.02166422
-0.02581331
-0.02905556
-0.03001576
-0.02804435
-0.0249036
-0.02109447
-0.01692592
-0.01265541
-0.00812768
-0.003559561
0.0003761034
0.002748734
0.003342882
0.003663066
0.004256032
0.004938856
0.005625515
0.006203755
0.006599802
0.006736455
0.006788729
0.007335812
0.009449666
0.01392046
0.02004582
0.0269779
0.03373738
0.03864323
0.04003124
0.03800707
0.03659482
0.03645712
0.0372279
0.03866927
0.03976558
0.04066492
0.04175535
0.04315831
0.04448126
0.04462698
0.04216632
0.0364162
0.02798526
0.01821254
0.008876048
-0.0002191688
-0.00971331
-0.0199611
-0.0307975
-0.04086581
-0.04746737
-0.04775288
-0.04194624
-0.03281551
-0.0216592
-0.009657319
0.002530325
0.01539023
0.02878748
0.04135374
0.05086213
0.05717645
0.06109678
0.06308625
0.06437169
0.06509574
0.06578438
0.06649836
0.06711347
0.06755003
0.0674781
0.06656893
0.06478055
0.06224166
0.05925358
0.05643913
0.0539769
0.05183451
0.04939566
0.04516265
0.03732348
0.02542841
0.01003782
-0.004256369
-0.01379613
-0.0150076
-0.007670512
0.002227108
0.01173172
0.02149565
0.03050094
0.03512767
0.0314486
0.02015408
0.007072506
0.001520783
0.005428367
0.01523698
0.02798798
0.0421165
0.05492299
0.06219479
0.06392753
0.06485135
0.0658349
0.06684092
0.06760143
0.06568711
0.05805272
0.04286122
0.0234988
0.004810847
-0.01080716
-0.01993135
-0.02024634
-0.01610756
-0.01167181
-0.008952434
-0.009115843
-0.01291593
-0.0186987
-0.02513223
-0.03126364
-0.03542851
-0.03613424
-0.03358364
-0.0302797
-0.02752072
-0.02612873
-0.02774876
-0.03350204
-0.04317711
-0.05593171
-0.06759163
-0.07443012
-0.07235159
-0.05940083
-0.03248366
0.005474716
0.0421206
0.07211544
0.08886019
0.08724952
0.06980867
0.03971947
0.007427688
-0.02459987
-0.05694037
-0.0857
-0.1041087
-0.1082763
-0.1059361
-0.09967279
-0.09044058
-0.07921739
-0.06687743
-0.05426065
-0.04124651
-0.02770037
-0.0137001
0.0001887046
0.01263525
0.02178105
0.02690573
0.03050172
0.03147262
0.02901698
0.02234955
0.009258653
-0.008910392
-0.03075888
-0.05207406
-0.07019681
-0.08213686
-0.08660139
-0.08856606
-0.08778919
-0.08565435
-0.08129879
-0.07262374
-0.05969783
-0.04531705
-0.035296
-0.02992323
-0.02435215
-0.01771495
-0.01006733
-0.001373886
0.007127807
0.01237351
0.01062263
0.0009289255
-0.01290356
-0.02420735
-0.02823167
-0.02262096
-0.01086098
0.003967322
0.02229369
0.04553033
0.06956657
0.09010084
0.1029442
0.10509
0.09517933
0.07060432
0.03558104
0.001512498
-0.02711268
-0.04467638
-0.04677143
-0.04061862
-0.03338987
-0.02724058
-0.02155437
-0.01711492
-0.01483689
-0.01667676
-0.02479633
-0.03747274
-0.05047964
-0.05772947
-0.05085437
-0.02534243
0.01490947
0.05447209
0.08972457
0.1162308
0.12636
0.1196409
0.1025276
0.07730794
0.04408233
0.009688351
-0.02223347
-0.04484142
-0.04986768
-0.03848915
-0.02213153
-0.00760327
0.004453607
0.01147809
0.01048813
0.003480443
-0.005060725
-0.01346809
-0.02172117
-0.02833146
-0.03260916
-0.0370873
-0.04155729
-0.0453333
-0.04856131
-0.05203565
-0.05503025
-0.05401229
-0.04480585
-0.02659811
-0.001682368
0.01705936
0.02065104
0.008995013
-0.01201171
-0.03384326
-0.05415554
-0.06613505
-0.0627364
-0.04650812
-0.02117055
0.002845273
0.01865759
0.02239214
0.0149059
0.001066374
-0.01362844
-0.02714116
-0.04074482
-0.05518593
-0.07073636
-0.08706586
-0.1031735
-0.1166857
-0.1243763
-0.1242509
-0.1164263
-0.09807096
-0.06852931
-0.03812663
-0.01722955
-0.008986197
-0.01127355
-0.01613769
-0.0193566
-0.01934138
-0.01435583
-0.004705065
0.004606279
0.01107615
0.01304985
0.009989964
0.006373226
0.007770459
0.01486632
0.02429761
0.03286182
0.03996149
0.04432911
0.04233496
0.03154246
0.01439122
-0.003334246
-0.0167462
-0.02212777
-0.01815492
-0.007495619
0.00703807
0.01993132
0.02811412
0.02877483
0.02215619
0.01398237
0.007623099
0.003512741
0.001917146
0.002005173
0.003088732
0.00675846
0.01359772
0.02418516
0.0372166
0.04907218
0.05902817
0.06748542
0.07358003
0.07698897
0.07812738
0.07643398
0.07369323
0.07083881
0.06789884
0.06415887
0.05831577
0.04993676
0.04101062
0.03578101
0.03467854
0.03371634
0.03071029
0.02299
0.008268774
-0.01074083
-0.02894907
-0.0428176
-0.0474515
-0.03960529
-0.02308517
-0.003674989
0.0148551
0.03212063
0.04667063
0.05657496
0.06315432
0.07184959
0.0836166
0.0960036
0.1055717
0.1102066
0.1102706
0.1087872
0.107012
0.105601
0.1043078
0.1027088
0.1005704
0.09761879
0.09394298
0.09026878
0.0869059
0.08370366
0.08023968
0.07570436
0.06929192
0.06106438
0.0516476
0.04156565
0.03154842
0.02161166
0.01178283
0.002296558
-0.006814791
-0.01610996
-0.02698896
-0.03947005
-0.0515487
-0.06347511
-0.07666197
-0.09245896
-0.1108261
-0.128411
-0.1436269
-0.156045
-0.1633954
-0.1669999
-0.1686708
-0.1673032
-0.1628395
-0.1531144
-0.1381775
-0.1177933
-0.09707757
-0.07883967
-0.06478756
-0.05528828
-0.05063078
-0.04696695
-0.04366267
-0.04123058
-0.03898306
-0.03827359
-0.04094668
-0.04786903
-0.05785075
-0.07048386
-0.0820122
-0.09024157
-0.095422
-0.09731926
-0.09721671
-0.09519812
-0.09310644
-0.09088754
-0.08747565
-0.08255476
-0.0761804
-0.07003177
-0.06483718
-0.06106016
-0.05907106
-0.05764577
-0.05405919
-0.04616716
-0.03329951
-0.01613327
0.0004296011
0.0164568
0.03334867
0.05121044
0.06869939
0.08219244
0.08763553
0.08439281
0.07589927
0.06660534
0.06099827
0.05963016
0.05819134
0.05346329
0.04326705
0.02744254
0.01115047
-0.004355879
-0.01895963
-0.03129208
-0.03985835
-0.04540076
-0.05117741
-0.05667695
-0.06146408
-0.06505468
-0.0670664
-0.06692175
-0.06426416
-0.05754764
-0.04646255
-0.03109269
-0.01208822
0.006730725
0.02495785
0.04223086
0.05680513
0.06718388
0.073683
0.07549267
0.07606988
0.0801586
0.08930477
0.1004381
0.1110323
0.120665
0.1281589
0.1319265
0.1322416
0.132831
0.1345684
0.1368763
0.1388055
0.1391082
0.1381686
0.1371037
0.1369723
0.138984
0.1420685
0.1447099
0.1445543
0.1405342
0.1340755
0.1263103
0.1181609
0.1101467
0.1021705
0.09420717
0.08633843
0.07830916
0.06941222
0.05867363
0.04603102
0.03370979
0.02418107
0.01732935
0.01178792
0.005919149
-0.00354396
-0.01897707
-0.03961898
-0.06214779
-0.08413869
-0.1051334
-0.1237009
-0.1380416
-0.1483969
-0.1557224
-0.1603734
-0.1647072
-0.1682491
-0.1699651
-0.1691243
-0.1607961
-0.1375723
-0.09609648
-0.04464589
0.002195702
0.03702596
0.05403981
0.05606427
0.0538815
0.04956109
0.04557002
0.04791093
0.06220667
0.08844627
0.1177917
0.1421136
0.160831
0.1739063
0.1805537
0.1817989
0.178641
0.1697783
0.1528305
0.1245117
0.08550241
0.04356248
0.008839133
-0.009061132
-0.01564134
-0.01197709
-0.005360334
-0.0005882081
0.003094428
0.005117373
0.004900835
0.00282037
-0.001306443
-0.009739101
-0.02317956
-0.04046852
-0.05727958
-0.07373927
-0.09102436
-0.1093773
-0.1274652
-0.141474
-0.1464064
-0.1401528
-0.1234753
-0.09952339
-0.07604559
-0.06182086
-0.05744704
-0.05770076
-0.05849581
-0.05755895
-0.05405836
-0.0477948
-0.0398172
-0.02992941
-0.02040553
-0.01345946
-0.01197635
-0.0174586
-0.02634237
-0.03653584
-0.04700008
-0.0552137
-0.05750446
-0.05145635
-0.04022085
-0.02430051
-0.007645376
0.007832992
0.0216525
0.03136603
0.03415353
0.03100398
0.02491057
0.01929055
0.01416048
0.00926746
0.005461482
0.003402721
0.003817877
0.007257991
0.0127881
0.02052792
0.02906694
0.03576387
0.03677139
0.02837629
0.0124774
-0.00751566
-0.0285256
-0.04504179
-0.05374403
-0.05322875
-0.04314341
-0.03155062
-0.02237782
-0.01692068
-0.01676203
-0.02096986
-0.0292284
-0.03990533
-0.04943434
-0.05223412
-0.04087779
-0.01255826
0.02982119
0.070431
0.1004188
0.1165238
0.1218936
0.1222644
0.115644
0.09800767
0.07091187
0.03891567
0.006825742
-0.02573694
-0.05907598
-0.09079476
-0.1166079
-0.1329775
-0.1422966
-0.1464761
-0.1498313
-0.1525001
-0.1536019
-0.1530179
-0.1497996
-0.1427882
-0.1313431
-0.11689
-0.09955491
-0.08240503
-0.06561407
-0.0485471
-0.03124351
-0.01378776
0.003503079
0.02060227
0.03774987
0.05560511
0.07444458
0.09313814
0.107819
0.112735
0.1044331
0.08254685
0.04861567
0.01933476
0.002912772
0.0009656376
0.0108459
0.02834013
0.04763261
0.06641904
0.08121847
0.08806931
0.08859576
0.08296697
0.06929934
0.048326
0.02613954
0.008845105
-0.0005870899
0.000323979
0.007805603
0.01524285
0.02045636
0.02148582
0.01607705
0.003902882
-0.0139281
-0.03606313
-0.05806001
-0.07983545
-0.1008975
-0.118682
-0.1298957
-0.1336079
-0.1278851
-0.1030485
-0.05810957
-0.009464303
0.03727206
0.07886375
0.1070418
0.115422
0.1101759
0.09618261
0.07957874
0.06075563
0.03570014
0.005621225
-0.01977674
-0.03339961
-0.03390268
-0.02800804
-0.02034202
-0.013779
-0.009034398
-0.006756759
-0.006867596
-0.007928028
-0.00951156
-0.01478662
-0.02736761
-0.04623168
-0.06466489
-0.07800309
-0.08149378
-0.07378214
-0.05591231
-0.03158109
-0.007623247
0.01547026
0.03600899
0.04982796
0.05460758
0.05459362
0.05313572
0.05117911
0.04981345
0.0496801
0.05112899
0.05385076
0.05624701
0.05828912
0.0601142
0.06151953
0.06221127
0.06108723
0.05621311
0.04620569
0.03115001
0.01298503
-0.006083059
-0.02326672
-0.03599858
-0.0438951
-0.04476674
-0.0375539
-0.02171113
0.002383306
0.0252519
0.04300101
0.05297213
0.05497706
0.05411424
0.05177331
0.04938269
0.04706878
0.04510413
0.04433461
0.04495717
0.04728448
0.05103642
0.05484883
0.05712835
0.05556484
0.04978537
0.04068098
0.03180132
0.02418457
0.01890033
0.01728165
0.01828088
0.01952024
0.01903939
0.01693918
0.01437797
0.01150886
0.008444919
0.004911502
9.776459e-05
-0.006498713
-0.01417934
-0.02223594
-0.02920793
-0.03399099
-0.03832631
-0.04283462
-0.04729901
-0.05198465
-0.05766108
-0.06525402
-0.07441837
-0.08319688
-0.08938345
-0.09050358
-0.08267244
-0.06461762
-0.0367604
-0.009369281
0.01421568
0.03106777
0.03773718
0.03654954
0.03065193
0.02206011
0.01375044
0.006463769
0.0009027088
-0.003592551
-0.008837182
-0.01470973
-0.02077621
-0.02609823
-0.02941176
-0.02976275
-0.02855926
-0.02903361
-0.03412009
-0.04566512
-0.06347426
-0.08160397
-0.09739197
-0.1102842
-0.1192304
-0.1245098
-0.1268849
-0.1269126
-0.1254085
-0.1220743
-0.1164691
-0.1081881
-0.09855263
-0.08800189
-0.07783274
-0.06713511
-0.05370493
-0.03584558
-0.01504671
0.00177878
0.0143243
0.02565107
0.03523809
0.04377093
0.05529334
0.07180272
0.09042553
0.1049586
0.1144543
0.1212033
0.1268054
0.1281094
0.1206766
0.1039256
0.07996879
0.06105215
0.05234923
0.05251565
0.05937102
0.06761023
0.07435179
0.0789123
0.07976597
0.07590398
0.06659642
0.05243442
0.03513029
0.01728004
-0.001607967
-0.0211688
-0.03830721
-0.05051573
-0.05884105
-0.06454486
-0.06967178
-0.07390982
-0.07611915
-0.07620232
-0.07489249
-0.07323369
-0.07240525
-0.07431123
-0.07870899
-0.08217659
-0.07976359
-0.06542948
-0.03795352
-0.006844424
0.0225702
0.05016433
0.07440024
0.09138871
0.0989274
0.1031109
0.1070132
0.1114191
0.1152755
0.1157365
0.1088979
0.09055019
0.06084337
0.0257408
-0.007365783
-0.03204132
-0.04278457
-0.04070651
-0.0338022
-0.0259666
-0.01865034
-0.01139775
-0.004423498
0.000937714
0.004241463
0.00715345
0.008986818
0.007264773
0.0002702247
-0.01290414
-0.0299952
-0.04386304
-0.04799436
-0.04317173
-0.03605565
-0.03123547
-0.02893056
-0.02865248
-0.02921178
-0.02981288
-0.03042886
-0.03090897
-0.03133407
-0.031976
-0.03330598
-0.03611085
-0.04059034
-0.04545334
-0.05028545
-0.05407678
-0.05450393
-0.04963073
-0.04037381
-0.02962812
-0.01833069
-0.009750846
-0.005202336
-0.001913746
0.001971765
0.006075281
0.01009737
0.01434315
0.01953645
0.02599798
0.03250708
0.03676797
0.0368077
0.03177907
0.02219465
0.008345614
-0.007266419
-0.02257965
-0.03720939
-0.05020216
-0.06044439
-0.0686245
-0.07700223
-0.08445863
-0.08843803
-0.085476
-0.07363432
-0.05196607
-0.02249895
0.006260703
0.03454825
0.06397491
0.09366575
0.1206209
0.1402504
0.1507372
0.1566486
0.1603767
0.1626733
0.1636678
0.1624381
0.1591884
0.1534595
0.1459175
0.1366916
0.1275795
0.1186829
0.1096114
0.1003419
0.09096521
0.08178416
0.07297639
0.06428436
0.05458297
0.04217018
0.02593303
0.006586803
-0.01136584
-0.0243689
-0.02949763
-0.0270023
-0.01788566
-0.005428329
0.006228967
0.01706276
0.02690781
0.03528481
0.04268708
0.048842
0.05277465
0.05543669
0.05598703
0.05382607
0.04685222
0.03406524
0.01728751
0.002218958
-0.008752767
-0.0167511
-0.01947657
-0.01713355
-0.0133009
-0.00947488
-0.005647171
-0.003217383
-0.005062709
-0.01316864
-0.02569393
-0.03799986
-0.04696005
-0.05418676
-0.06071053
-0.06533051
-0.06821187
-0.06892595
-0.06828611
-0.06646091
-0.06454968
-0.06329
-0.06352427
-0.06658359
-0.07263088
-0.08121052
-0.09045557
-0.09866356
-0.1053639
-0.1105554
-0.1152745
-0.1190033
-0.1190844
-0.1135197
-0.1024816
-0.08648226
-0.07131389
-0.06305518
-0.0595459
-0.05685095
-0.05471515
-0.05153976
-0.04667557
-0.0411989
-0.03588227
-0.03119263
-0.02833249
-0.02883858
-0.03274381
-0.03784331
-0.04272217
-0.04727459
-0.05076675
-0.05196417
-0.05102408
-0.04712213
-0.04118014
-0.03324269
-0.02485835
-0.01657307
-0.008082502
0.0004718471
0.00864299
0.01573339
0.02158686
0.02725724
0.03303366
0.03847176
0.0430667
0.04661557
0.04903251
0.04893587
0.04547361
0.03868319
0.02859162
0.01838877
0.008839861
0.0008372443
-0.003693095
-0.004122971
-0.002048586
0.00291321
0.009364588
0.01561953
0.02104186
0.02422382
0.02402479
0.02104055
0.01685887
0.01163808
0.006916947
0.004039552
0.002900226
0.002859868
0.002824617
0.002772257
0.003147016
0.003845902
0.003859723
0.001287263
-0.005337443
-0.01515868
-0.02616134
-0.03361747
-0.03554636
-0.03440062
-0.03214202
-0.029726
-0.02726596
-0.02479056
-0.02094761
-0.01310306
0.001342212
0.0222465
0.04228369
0.05936448
0.07274002
0.08231284
0.09148627
0.09857696
0.1057046
0.1132952
0.1209188
0.128402
0.1348985
0.1392265
0.140495
0.1399494
0.1391978
0.1370137
0.1307449
0.1173237
0.09608412
0.07182977
0.0479252
0.02544345
0.007103087
-0.003822687
-0.007889081
-0.008875855
-0.01085364
-0.01651078
-0.02788895
-0.04562806
-0.06554753
-0.08462541
-0.09880754
-0.1059175
-0.1095953
-0.1082766
-0.1027739
-0.09435994
-0.08345643
-0.07258403
-0.06414278
-0.05667919
-0.04870096
-0.0400159
-0.03044774
-0.02015981
-0.01036105
-0.003011537
0.002006488
0.006385464
0.01011164
0.01358218
0.01687129
0.01968783
0.02094835
0.01876851
0.01178484
-0.0009317576
-0.01848682
-0.03584476
-0.051139
-0.06318228
-0.07320851
-0.0815524
-0.08782813
-0.09309494
-0.0969387
-0.0984129
-0.09485506
-0.08429896
-0.0662555
-0.04363391
-0.02147241
-0.0007058339
0.01740582
0.03106294
0.04127498
0.05215654
0.06381857
0.07545152
0.08659269
0.0964514
0.1041745
0.1092591
0.1109128
0.1067739
0.09587948
0.07785134
0.05416743
0.03052684
0.00821123
-0.01112275
-0.02456518
-0.03210274
-0.03783631
-0.04145781
-0.04303979
-0.04294139
-0.04081514
-0.03674112
-0.03125127
-0.02601621
-0.02213015
-0.02063688
-0.02179231
-0.02356948
-0.0244196
-0.02273463
-0.01729618
-0.01000887
-0.002059602
0.006649006
0.01473643
0.02056295
0.02419441
0.02809592
0.03249226
0.03697949
0.04146075
0.04570829
0.04950053
0.05249565
0.05475204
0.05700649
0.05909093
0.05991632
0.05933311
0.05565518
0.04706234
0.0328448
0.01526849
-0.001903818
-0.01832598
-0.03361591
-0.04665956
-0.0571975
-0.06576168
-0.0720164
-0.07577594
-0.07634669
-0.07529416
-0.07367256
-0.0710839
-0.06659721
-0.0592359
-0.04898217
-0.03765792
-0.02641884
-0.01792995
-0.01442262
-0.01501599
-0.01804574
-0.02232399
-0.02727294
-0.03242535
-0.03802833
-0.04433192
-0.05079756
-0.05548896
-0.05539115
-0.04838924
-0.03402751
-0.01258846
0.009205732
0.02620094
0.03462264
0.03343313
0.02818413
0.02055927
0.01300661
0.005928455
0.0005642262
-0.0002005507
0.004873338
0.0143533
0.02743684
0.04071834
0.04890083
0.05248048
0.05284969
0.04934031
0.04474252
0.03964989
0.03419665
0.02848367
0.02237416
0.01632627
0.01104906
0.00738967
0.005270179
0.004028634
0.002995194
0.001755864
4.515368e-05
-0.002388316
-0.005755744
-0.009788686
-0.01496779
-0.02155639
-0.02963549
-0.03774821
-0.04584472
-0.05404279
-0.06191801
-0.068629
-0.07344854
-0.07668781
-0.07848557
-0.07937397
-0.07890205
-0.07686024
-0.07255868
-0.06523971
-0.0551769
-0.04326514
-0.03365333
-0.02826684
-0.02639788
-0.02532214
-0.02444541
-0.02248012
-0.01839742
-0.01218365
-0.004021548
0.004482581
0.01273549
0.0204021
0.0267442
0.03176088
0.03698915
0.04259007
0.04832775
0.0539981
0.05905571
0.06271027
0.06442078
0.06480769
0.06349886
0.06043745
0.05569789
0.05028456
0.04512772
0.04032195
0.03576035
0.03081404
0.0240554
0.01380889
0.0002726484
-0.01480333
-0.02984476
-0.04362446
-0.05506219
-0.06494049
-0.07265892
-0.0773162
-0.07962226
-0.0785887
-0.07452615
-0.06707228
-0.05466238
-0.03933323
-0.02230751
-0.006292029
0.0050503
0.01243723
0.01954884
0.02635454
0.0328615
0.03941455
0.04585262
0.0521315
0.05805473
0.06329383
0.06752015
0.07092472
0.07315438
0.07363896
0.07258573
0.0689812
0.0627457
0.05390001
0.04457621
0.03558087
0.02810168
0.02298271
0.01911635
0.01637123
0.01413666
0.01185788
0.009260741
0.005971856
0.00205751
-0.001952007
-0.005457441
-0.007095677
-0.005422687
-0.000601608
0.006095619
0.01346545
0.01853533
0.02068887
0.02168334
0.02184006
0.0209521
0.01908934
0.01617412
0.01286287
0.009282104
0.005656201
0.00200481
-0.001690239
-0.005382972
-0.009019121
-0.01259901
-0.01622502
-0.0200997
-0.02431421
-0.02850337
-0.03147698
-0.03140596
-0.02721468
-0.01994035
-0.009879615
0.001202356
0.01202663
0.02305764
0.03457514
0.04622411
0.05685499
0.06486131
0.06959555
0.07295506
0.07479911
0.07574645
0.07537062
0.07314782
0.06922989
0.06463811
0.06021726
0.05584516
0.05142541
0.0468875
0.04227385
0.03760951
0.03299266
0.02846005
0.02401905
0.01945386
0.01435606
0.00823384
0.0009974627
-0.007417813
-0.01592717
-0.02455809
-0.0332793
-0.04127386
-0.04712685
-0.04986762
-0.05072185
-0.05085586
-0.05089056
-0.05124212
-0.05165916
-0.05147047
-0.04964216
-0.04489954
-0.03561361
-0.02260136
-0.006426414
0.008599357
0.0179128
0.02386123
0.02986678
0.03557983
0.04044198
0.04304228
0.04203385
0.03752019
0.02957297
0.01999033
0.009941399
0.0002172411
-0.009054475
-0.01783191
-0.02571527
-0.03259736
-0.03884115
-0.04361651
-0.04642406
-0.04622284
-0.0436159
-0.04009766
-0.03579501
-0.030924
-0.02555963
-0.02013212
-0.01457105
-0.008724469
-0.002666144
0.003109545
0.00759544
0.009710742
0.009610972
0.008866101
0.007663293
0.006364592
0.005115802
0.004163859
0.003533305
0.002372117
0.0004295074
-0.001747555
-0.003732725
-0.005610933
-0.007577405
-0.009876345
-0.01254938
-0.01515364
-0.01643639
-0.01537636
-0.01238786
-0.008449521
-0.00389979
-0.0002311762
0.001984327
0.003443326
0.004298986
0.004947299
0.005683482
0.006395573
0.007071329
0.007796881
0.00867911
0.009618145
0.01021093
0.01021842
0.009616064
0.008245301
0.006435132
0.004610563
0.003267663
0.003326961
0.005612714
0.009390793
0.0132266
0.01693707
0.02002629
0.02171604
0.02206877
0.02115562
0.01886558
0.01585123
0.01222842
0.009037682
0.007331395
0.007338051
0.008720194
0.009836233
0.0096494
0.008014398
0.005354393
0.002336851
0.000250386
0.0002065522
0.002727423
0.006394299
0.01002879
0.01345759
0.01622644
0.01829055
0.019658
0.01994476
0.01957592
0.01881967
0.01864401
0.01942244
0.02050081
0.02117155
0.02070514
0.01781764
0.01148576
0.002519584
-0.008118979
-0.01790285
-0.02660245
-0.03480153
-0.04193567
-0.0477122
-0.05263532
-0.05676911
-0.06046194
-0.06357269
-0.06611326
-0.06782556
-0.06892233
-0.06936907
-0.06903722
-0.06778325
-0.06533289
-0.06225249
-0.05842667
-0.05368366
-0.04762819
-0.04055501
-0.03132021
-0.02003466
-0.006745257
0.006088597
0.01651487
0.0240883
0.0296381
0.03296539
0.03558647
0.03742606
0.03887416
0.04009728
0.04032363
0.03879012
0.03507936
0.0301595
0.02441876
0.01881689
0.0132841
0.007535074
0.001576664
-0.004330282
-0.009548901
-0.01343406
-0.01609372
-0.0178371
-0.01919592
-0.02058374
-0.02305328
-0.02694342
-0.03138202
-0.03638104
-0.04117386
-0.04510625
-0.04810426
-0.0494647
-0.04837128
-0.0460723
-0.04272106
-0.03944242
-0.03633002
-0.03312404
-0.02980543
-0.02629116
-0.02258582
-0.01877732
-0.01531731
-0.01251648
-0.01050559
-0.009255074
-0.008097791
-0.00727755
-0.0072351
-0.008319499
-0.01062079
-0.01384169
-0.01765534
-0.02111583
-0.02298454
-0.02181691
-0.01742151
-0.01107237
-0.00297407
0.004532178
0.01105712
0.01695405
0.0215198
0.0252811
0.0287726
0.03197333
0.03460478
0.03658715
0.03800043
0.03888462
0.03952239
0.03977082
0.03939668
0.03789521
0.034928
0.03057906
0.02570371
0.02106508
0.01683682
0.01324079
0.01020331
0.007253777
0.004187153
0.0005777649
-0.003828202
-0.00860493
-0.01370812
-0.01851339
-0.02204127
-0.02393003
-0.02357787
-0.02084853
-0.01723257
-0.01315305
-0.01014308
-0.009543648
-0.01119828
-0.01343259
-0.01609889
-0.01895009
-0.02191922
-0.02448656
-0.02521538
-0.02273037
-0.01691522
-0.008339625
0.002399598
0.01191805
0.01921715
0.02456072
0.02754148
0.0295028
0.03075486
0.03116084
0.03149106
0.03163981
0.03132833
0.03032769
0.02872189
0.02627278
0.02283186
0.01846949
0.01363835
0.009470596
0.006241378
0.004069506
0.002718779
0.001155511
-0.000869945
-0.003481464
-0.006700023
-0.009966013
-0.01319469
-0.01652704
-0.0198858
-0.02286252
-0.02478318
-0.02530653
-0.02517722
-0.02439672
-0.02342213
-0.02230578
-0.02116418
-0.02008209
-0.01875877
-0.01668911
-0.01341486
-0.0095631
-0.005482196
-0.001436493
0.002334572
0.005329787
0.00707488
0.008194298
0.00868305
0.008295141
0.006767032
0.003725953
-0.0006085721
-0.006048046
-0.0115669
-0.01685175
-0.02133325
-0.02399458
-0.02439805
-0.02329214
-0.02002796
-0.01454007
-0.006732369
0.002009452
0.01049602
0.01733928
0.02200317
0.02508656
0.02765868
0.02954107
0.03097506
0.03197378
0.03200749
0.03034468
0.02644546
0.01979115
0.01055221
4.646945e-05
-0.01051904
-0.02058939
-0.02972922
-0.03736608
-0.04301923
-0.04647295
-0.04886074
-0.04941897
-0.04763573
-0.04354059
-0.03761012
-0.03062238
-0.02367674
-0.01672839
-0.009713289
-0.002985143
0.002910707
0.007731242
0.01213315
0.01589348
0.01865883
0.02069008
0.02145086
0.02092382
0.01865785
0.01520544
0.01060887
0.005803089
0.001685987
-0.0005531936
-0.0004312414
0.001481858
0.003821983
0.006186117
0.008266932
0.009793645
0.01066685
0.01075907
0.01014514
0.008729492
0.006794278
0.004762529
0.00316785
0.002383389
0.002742928
0.003752335
0.005353013
0.006908788
0.008375596
0.009886974
0.01142676
0.01303776
0.01478575
0.01686109
0.01960486
0.02303834
0.02666944
0.03035524
0.03360253
0.03567699
0.03646003
0.03676694
0.03659968
0.0360846
0.0350194
0.03331702
0.03078891
0.0271964
0.02249843
0.01709994
0.01154285
0.006566982
0.003324576
0.001899148
0.001564756
0.002379033
0.003751373
0.005806249
0.008449292
0.01164175
0.01509208
0.01851222
0.02196938
0.02551347
0.02913655
0.0326482
0.03568829
0.03787122
0.03920232
0.03979271
0.03978241
0.03952494
0.03923928
0.0388733
0.03853466
0.03857805
0.03945115
0.0411647
0.04279553
0.04432353
0.04589812
0.0474613
0.04885297
0.04981784
0.05030157
0.05046875
0.05023107
0.04965942
0.04878851
0.04783907
0.04663834
0.04492571
0.04269155
0.03984854
0.03635971
0.0324119
0.02818551
0.02354544
0.01810376
0.01200331
0.006442984
0.001933247
-0.001974792
-0.005363935
-0.008739514
-0.01225681
-0.01575793
-0.01909505
-0.02212392
-0.02486634
-0.0276673
-0.03099419
-0.03482145
-0.03870696
-0.04256309
-0.04620428
-0.04920397
-0.05119521
-0.05215868
-0.05161989
-0.0495461
-0.04584516
-0.04147695
-0.03668723
-0.0318897
-0.02709179
-0.02214391
-0.01710171
-0.01204107
-0.007184115
-0.002651457
0.00192984
0.006695187
0.01152208
0.01610603
0.01982124
0.02214516
0.02330373
0.02390781
0.02405424
0.02384715
0.02341408
0.02320359
0.02341374
0.02408954
0.02522028
0.02632515
0.02739823
0.02852911
0.02961426
0.03044061
0.03073413
0.03052286
0.03013172
0.02956573
0.02879588
0.02757579
0.02566208
0.02292709
0.01948763
0.01563144
0.01160248
0.007525499
0.003316654
-0.000905647
-0.00474501
-0.007602168
-0.009285791
-0.01066103
-0.01219513
-0.01419394
-0.01685924
-0.01974449
-0.02260586
-0.02551269
-0.02840709
-0.03087591
-0.0323236
-0.03251326
-0.03236962
-0.03227303
-0.03236338
-0.03300617
-0.03432442
-0.03606837
-0.0381464
-0.04001937
-0.04145019
-0.04244198
-0.04274391
-0.04232269
-0.04100821
-0.03880338
-0.03624283
-0.03349533
-0.0307198
-0.02787056
-0.02495804
-0.02218747
-0.01991558
-0.01838936
-0.01739236
-0.01696762
-0.01676188
-0.01644689
-0.01607932
-0.01575769
-0.01566081
-0.01598358
-0.01677677
-0.01765325
-0.0184996
-0.01936502
-0.02022886
-0.02092715
-0.02121713
-0.02098303
-0.02052393
-0.01975983
-0.01863341
-0.0168936
-0.01452672
-0.01182388
-0.009085244
-0.006330291
-0.003494571
-0.0006385935
0.001978646
0.003958142
0.00508937
0.005781456
0.005927069
0.005563828
0.004854156
0.004151136
0.003817156
0.003859733
0.003851333
0.003758911
0.003661165
0.0035666
0.003443281
0.003202105
0.002759751
0.001977975
0.0007856262
-0.0007994101
-0.002600945
-0.004364465
-0.006132051
-0.007976054
-0.009872142
-0.01166886
-0.01309265
-0.01391907
-0.01429418
-0.0146354
-0.01505855
-0.01550625
-0.01592866
-0.01626298
-0.01645162
-0.01648889
-0.01650473
-0.01662351
-0.01701842
-0.01783595
-0.01895196
-0.02001271
-0.02102572
-0.02206878
-0.02315773
-0.0242307
-0.02512546
-0.02562286
-0.02548801
-0.02479183
-0.02368355
-0.02254835
-0.02151808
-0.02052291
-0.01946214
-0.01813671
-0.01632977
-0.01403556
-0.01175569
-0.00953767
-0.0073018
-0.005055887
-0.002885867
-0.0009368464
0.0007204012
0.002163696
0.003451127
0.004771964
0.006157323
0.007572827
0.008926036
0.01000829
0.01057724
0.01059236
0.01020983
0.009616149
0.009057811
0.008515346
0.007946554
0.007385825
0.006878548
0.006439274
0.005953513
0.005288355
0.0043273
0.0030194
0.001450354
-0.0005183984
-0.002842478
-0.005135573
-0.007392937
-0.009668021
-0.01197576
-0.01430902
-0.01664988
-0.01897468
-0.02132728
-0.02374905
-0.02622482
-0.0285742
-0.03041665
-0.03134333
-0.03130926
-0.0301836
-0.02846919
-0.02635889
-0.02418134
-0.02204378
-0.01987118
-0.01764981
-0.01536291
-0.01301296
-0.01063496
-0.008526293
-0.006844506
-0.00524185
-0.003575683
-0.001875483
-0.000150242
0.001588815
0.003318079
0.004981325
0.006682393
0.008474816
0.01030851
0.01197838
0.01311502
0.01341841
0.01311147
0.01265025
0.01212916
0.01162784
0.0111247
0.01058772
0.0100087
0.009361247
0.008629943
0.007846651
0.007054939
0.00646874
0.006328126
0.006562724
0.006982177
0.00754415
0.008108192
0.008712012
0.009384133
0.009999096
0.01027853
0.009908419
0.008860651
0.00722298
0.005267677
0.003403641
0.001611149
-0.0002297776
-0.00223469
-0.004521507
-0.007048262
-0.009457575
-0.0114606
-0.01293244
-0.01378982
-0.01404863
-0.01372709
-0.01290907
-0.01206608
-0.01118509
-0.01024849
-0.009522131
-0.009431554
-0.01027811
-0.01163284
-0.0129045
-0.01411125
-0.01533118
-0.01648401
-0.01740514
-0.01793696
-0.01813556
-0.01769401
-0.01630828
-0.01397809
-0.01138965
-0.008803536
-0.006373389
-0.004545084
-0.003595467
-0.003053174
-0.002857199
-0.002614318
-0.002299946
-0.002028043
-0.001833491
-0.001792913
-0.00192997
-0.002180739
-0.002431174
-0.002718151
-0.003032565
-0.003234882
-0.003023612
-0.002120019
-0.0005798926
0.001595036
0.004331395
0.007394132
0.0105954
0.01384987
0.01720857
0.02058299
0.02365247
0.0259316
0.0272009
0.02799477
0.02825386
0.02805751
0.02733591
0.02588161
0.02384175
0.02145859
0.01908577
0.01669873
0.01428783
0.01198749
0.01003805
0.008579436
0.007396782
0.006438093
0.005646037
0.005008242
0.004602832
0.004396274
0.004497349
0.004616296
0.004716054
0.004820878
0.004878924
0.00481027
0.004567164
0.004263424
0.004056041
0.003910779
0.003763883
0.003624449
0.003498001
0.003338797
0.003048102
0.002531495
0.001846446
0.001181452
0.0008396735
0.001112646
0.001906634
0.003041111
0.004219301
0.004995708
0.005459816
0.005972256
0.006563367
0.007204591
0.007927188
0.008772421
0.009731176
0.01066322
0.01180625
0.01360102
0.01601133
0.0183554
0.02034376
0.02179597
0.02284157
0.02372818
0.02447745
0.02522458
0.02595254
0.0266595
0.02743533
0.02835855
0.02935911
0.0300415
0.02981916
0.02818212
0.0252741
0.02134385
0.01736148
0.01340048
0.009618305
0.006761587
0.00558524
0.005783413
0.006407721
0.006936633
0.007478461
0.008052881
0.008349744
0.007949154
0.006761066
0.005593274
0.004730803
0.004314974
0.004409472
0.004941921
0.005731629
0.006597713
0.007435213
0.008265015
0.009103704
0.009973401
0.01094615
0.01214277
0.01364113
0.01544349
0.0174098
0.01935815
0.02131405
0.0233071
0.02525075
0.02694926
0.02816779
0.02882553
0.02873175
0.02798521
0.02632049
0.02371618
0.02030581
0.01659153
0.01292019
0.009182863
0.005337861
0.001551971
-0.00178199
-0.004254701
-0.005865168
-0.006859665
-0.007797907
-0.008825044
-0.009847189
-0.01083097
-0.01177716
-0.01271204
-0.01364376
-0.01459519
-0.01558316
-0.01659012
-0.01753566
-0.01827109
-0.01866357
-0.01876271
-0.01867255
-0.01832043
-0.01761623
-0.01652563
-0.01508149
-0.01291288
-0.009934772
-0.006264102
-0.002588757
0.0009701999
0.004318007
0.007151153
0.009295262
0.01071239
0.0115729
0.01222739
0.01246627
0.01213055
0.01106954
0.009500609
0.00760417
0.005662983
0.003758556
0.001800773
-0.000235552
-0.002325124
-0.004290222
-0.005904456
-0.007271585
-0.008138361
-0.008293151
-0.007949097
-0.007662441
-0.007475775
-0.007291155
-0.007081156
-0.006764046
-0.006263288
-0.005538772
-0.004863339
-0.004261861
-0.00365878
-0.002917889
-0.001882783
-0.0005117097
0.0008868259
0.001982689
0.002946978
0.00397709
0.005079272
0.00620451
0.007201228
0.007841232
0.007947612
0.007628794
0.006675092
0.005178613
0.003349569
0.00137634
-0.000526745
-0.00216352
-0.003312679
-0.004084738
-0.004952027
-0.005959959
-0.007008092
-0.007910849
-0.008324598
-0.007933802
-0.006809486
-0.005123197
-0.003135776
-0.001233711
0.0006282398
0.002566749
0.004642027
0.006836172
0.008966047
0.0106277
0.01134766
0.01137479
0.01114321
0.01060789
0.009746478
0.008399829
0.006576041
0.00416904
0.001422327
-0.001738361
-0.004894751
-0.008014474
-0.01123311
-0.01455061
-0.01788263
-0.02091005
-0.02330255
-0.0253828
-0.02703736
-0.0282191
-0.02901249
-0.02940123
-0.02936914
-0.02894346
-0.02818193
-0.02711754
-0.02575589
-0.02404557
-0.02211163
-0.01986755
-0.01752999
-0.01521039
-0.01286832
-0.01047586
-0.008083356
-0.005826598
-0.003916711
-0.002497616
-0.001506278
-0.0007689855
-0.0004126024
-0.0003576606
-0.0007223197
-0.001571723
-0.002990404
-0.004779584
-0.006946554
-0.00934456
-0.01144677
-0.01314802
-0.01454506
-0.01565865
-0.01651039
-0.01681531
-0.01654333
-0.01548962
-0.01383013
-0.01175266
-0.009138354
-0.005665892
-0.001643432
0.002338601
0.006335434
0.01043479
0.01453466
0.01829348
0.02121689
0.02307833
0.02425817
0.02461373
0.02417352
0.02268721
0.02054275
0.0178178
0.01446137
0.01063145
0.007137037
0.0048933
0.003430045
0.002162226
0.001038724
9.49686e-05
-0.0006469049
-0.001318079
-0.00194993
-0.00258189
-0.003353299
-0.004379853
-0.00560508
-0.006609327
-0.007244084
-0.007288595
-0.006638797
-0.005466976
-0.004430344
-0.003680807
-0.003244006
-0.003134269
-0.003059078
-0.002955771
-0.002863659
-0.0027133
-0.00234269
-0.001610903
-0.0006772122
-2.58727e-05
0.0001947851
2.459283e-05
-0.0005194304
-0.001020272
-0.001469024
-0.001937697
-0.002403093
-0.002793763
-0.003022421
-0.003114473
-0.003215836
-0.003332854
-0.003445232
-0.003557235
-0.003670106
-0.003769137
-0.003794544
-0.003635552
-0.003155777
-0.002228797
-0.0008328761
0.0005763791
0.001976053
0.003389312
0.004635976
0.00543683
0.005618231
0.005526305
0.005513616
0.005564718
0.005608862
0.00559815
0.005459507
0.005138893
0.004645168
0.003979141
0.003160084
0.002247113
0.001112519
-0.0005464736
-0.00280633
-0.005540234
-0.008461781
-0.01060556
-0.01175598
-0.01221041
-0.01180533
-0.01095921
-0.009874851
-0.00891625
-0.008441656
-0.008437577
-0.008809262
-0.009328184
-0.009511083
-0.009219498
-0.008630035
-0.007816309
-0.007058513
-0.006327473
-0.005555985
-0.004758213
-0.004031616
-0.003535387
-0.003369299
-0.003392389
-0.003725178
-0.004443715
-0.005564764
-0.006707325
-0.007844205
-0.008990263
-0.009998965
-0.01066229
-0.01088982
-0.01101247
-0.01128937
-0.01181444
-0.01259693
-0.01349844
-0.01428779
-0.01471632
-0.01451076
-0.01370512
-0.01295699
-0.01233033
-0.01173996
-0.01116385
-0.01050971
-0.009610449
-0.008245936
-0.006340925
-0.003937608
-0.001567697
0.0007485058
0.003084462
0.005372798
0.00747272
0.009238333
0.01072593
0.01198906
0.01287542
0.01322831
0.01300467
0.0127905
0.01263857
0.01245607
0.01227772
0.01217321
0.01225884
0.01251962
0.01276742
0.01299394
0.01325502
0.0135534
0.01386211
0.01407238
0.01405183
0.01379885
0.0136133
0.01354026
0.01333703
0.01262017
0.01126786
0.009616694
0.007786111
0.005993536
0.004237295
0.002444331
0.0006086679
-0.001267899
-0.003125791
-0.004873216
-0.006304461
-0.007524477
-0.008794641
-0.01014482
-0.01150708
-0.01276325
-0.01370288
-0.01418814
-0.01433264
-0.01420192
-0.01402816
-0.01388992
-0.01374158
-0.01360673
-0.01351715
-0.01350353
-0.01348619
-0.01344572
-0.01326967
-0.01278671
-0.01178768
-0.01030128
-0.008356101
-0.006339188
-0.004332774
-0.002255149
-0.0001395412
0.001803965
0.003219805
0.003906108
0.004378396
0.004603825
0.00458943
0.004217369
0.003621717
0.002954221
0.002464594
0.002478735
0.00294709
0.003595191
0.004326573
0.005064926
0.005848809
0.006673015
0.007388619
0.007752683
0.007599558
0.007159769
0.006797949
0.006517825
0.006231791
0.005823733
0.005133348
0.004080104
0.002825687
0.001440409
6.616553e-05
-0.00133279
-0.002801646
-0.00424985
-0.005433223
-0.00602825
-0.005904785
-0.005080844
-0.0038823
-0.002800956
-0.001811975
-0.0007589741
0.0005222082
0.002183825
0.004143735
0.005897593
0.007164673
0.007885093
0.008259209
0.008561079
0.008931992
0.0093337
0.009703398
0.009994526
0.01015534
0.01018472
0.01018886
0.01022831
0.01028153
0.01030759
0.01025188
0.01008
0.009843119
0.009669058
0.009553461
0.009431528
0.00928857
0.009125234
0.008966233
0.008873571
0.008933266
0.009211448
0.009823239
0.01057438
0.01131817
0.01209355
0.01287979
0.01352306
0.01375716
0.01342341
0.01275524
0.01176151
0.01070279
0.009675448
0.008636696
0.007611052
0.006631695
0.005710731
0.004734329
0.003495419
0.001954054
0.0003477802
-0.001276191
-0.002908868
-0.004403905
-0.005480861
-0.005924214
-0.005955725
-0.005971935
-0.005998652
-0.006022183
-0.006019707
-0.005980964
-0.005925736
-0.005882072
-0.005880499
-0.005925302
-0.005953236
-0.005966862
-0.006018023
-0.006180346
-0.00650607
-0.006916683
-0.00721992
-0.00743088
-0.007656925
-0.007895668
-0.00811623
-0.00829702
-0.008451847
-0.008662908
-0.009040203
-0.009444786
-0.009674442
-0.009495364
-0.008886539
-0.007858304
-0.006326439
-0.004507929
-0.002403752
-0.0002838983
0.001845373
0.004019813
0.006126405
0.007964929
0.009346662
0.0103378
0.01087612
0.01113772
0.01144596
0.01180346
0.01216419
0.01249299
0.01270303
0.01267869
0.01233535
0.01162023
0.01076239
0.009932915
0.00909941
0.008272561
0.007549012
0.007077655
0.006909716
0.006964597
0.007251326
0.007557645
0.007879053
0.008224764
0.008456001
0.008358457
0.007778799
0.006943955
0.006157758
0.005408051
0.004636931
0.003853887
0.0031001
0.002446475
0.001912819
0.001487417
0.001067774
0.0006304175
0.000199358
-0.000185998
-0.0004960198
-0.0007409673
-0.001014359
-0.001299659
-0.001581214
-0.001851184
-0.002110369
-0.002371321
-0.002669846
-0.003046116
-0.003515925
-0.00400931
-0.004487194
-0.004972386
-0.005500685
-0.006068883
-0.006603126
-0.006926726
-0.00683153
-0.006262605
-0.005608252
-0.004980293
-0.004337716
-0.003740418
-0.003359825
-0.003386671
-0.003767611
-0.004121388
-0.004431087
-0.00474208
-0.005024641
-0.00522742
-0.005327915
-0.005427713
-0.005602338
-0.005819567
-0.006067082
-0.006351878
-0.006607084
-0.00663866
-0.006182445
-0.005150573
-0.003799005
-0.002183611
-0.0005877502
0.0009869881
0.002600139
0.004216095
0.005769481
0.00718049
0.008476999
0.009798895
0.01116923
0.01254671
0.01384784
0.01492318
0.01566735
0.01617315
0.01653929
0.0168573
0.01718623
0.01750358
0.01780939
0.01813529
0.01853381
0.01902363
0.01952998
0.02003282
0.02056214
0.0211231
0.02166542
0.02205892
0.02214478
0.0218604
0.02137948
0.02096268
0.02060645
0.02022746
0.01972013
0.01895853
0.01793144
0.01687277
0.01586067
0.01484959
0.01380467
0.01271176
0.01162039
0.0106481
0.009945593
0.009471296
0.009003408
0.008529356
0.008041163
0.007425863
0.00653067
0.005310838
0.004043519
0.00280701
0.001557268
0.0002939392
-0.0009149522
-0.001942962
-0.002699465
-0.003259557
-0.003608862
-0.003769802
-0.003562074
-0.002873686
-0.001741948
-0.0004501373
0.0007988286
0.002044388
0.003311323
0.004561263
0.005704034
0.006658685
0.007327643
0.007680308
0.008068204
0.008556695
0.009087453
0.00955591
0.009734087
0.009377256
0.008504507
0.007655372
0.006861564
0.006066813
0.005347608
0.004843118
0.004650474
0.004602462
0.004566229
0.004512644
0.004368703
0.004020302
0.003387566
0.002530502
0.00170822
0.0009359647
0.0001704075
-0.0006221034
-0.001502159
-0.002533825
-0.003714792
-0.004895232
-0.006073578
-0.00726316
-0.008400307
-0.009354111
-0.009993782
-0.0103358
-0.01032907
-0.01007371
-0.009532891
-0.008921186
-0.008306983
-0.007645008
-0.006980371
-0.006444413
-0.006237818
-0.006406116
-0.006568064
-0.006688231
-0.006815955
-0.006902812
-0.006869061
-0.006636302
-0.006286241
-0.005943248
-0.005605501
-0.005239538
-0.00484693
-0.004465915
-0.004195728
-0.004139532
-0.004284712
-0.004374945
-0.004420079
-0.00447306
-0.00457185
-0.004759958
-0.005038576
-0.005321354
-0.005445957
-0.005440804
-0.005795944
-0.006566376
-0.007330249
-0.00805409
-0.008772601
-0.00944041
-0.009948815
-0.01018164
-0.01016176
-0.009856721
-0.009122755
-0.008068326
-0.006760578
-0.005423683
-0.004056648
-0.002674419
-0.001471166
-0.0007266613
-0.0005782617
-0.0006391073
-0.0006070441
-0.0005076056
-0.0004195558
-0.0004424341
-0.0007128725
-0.001303912
-0.002087757
-0.003009733
-0.003951139
-0.004895134
-0.005888907
-0.006914888
-0.007882205
-0.0086134
-0.009009978
-0.009422138
-0.009917005
-0.01043983
-0.01093205
-0.01124978
-0.01124935
-0.01089652
-0.01029925
-0.009634394
-0.009025403
-0.008444852
-0.007841546
-0.007130984
-0.006219231
-0.005082654
-0.003905437
-0.002791588
-0.001710109
-0.0005718588
0.0007376538
0.002298621
0.003974336
0.005308825
0.006187774
0.006839467
0.007356122
0.007932348
0.008475155
0.008758823
0.008564081
0.007836085
0.006655892
0.005215854
0.003789018
0.002356029
0.0009189937
-0.0003733261
-0.00131488
-0.001848083
-0.002333179
-0.002895927
-0.003488145
-0.004044544
-0.004470552
-0.004672332
-0.00467228
-0.004722477
-0.004828623
-0.00490825
-0.005038002
-0.005387736
-0.006061649
-0.006896058
-0.007811976
-0.008889175
-0.01015677
-0.01158564
-0.01303006
-0.01447605
-0.01591501
-0.0172636
-0.01841323
-0.01933007
-0.02018696
-0.02084102
-0.02124215
-0.02165429
-0.02210863
-0.02257164
-0.02301481
-0.0233698
-0.02356654
-0.02358231
-0.02345547
-0.02333326
-0.02328488
-0.02328251
-0.02322743
-0.02290616
-0.02208075
-0.02075299
-0.01939869
-0.01813146
-0.01687777
-0.01558366
-0.01420892
-0.01275975
-0.01132494
-0.01005015
-0.008974603
-0.0082013
-0.007768222
-0.007496383
-0.00744547
-0.007622678
-0.008017692
-0.008459929
-0.008882621
-0.00930403
-0.009724999
-0.010155
-0.01061651
-0.01114857
-0.01172737
-0.01233334
-0.01295088
-0.01350033
-0.0138303
-0.01381
-0.01354443
-0.01337381
-0.013279
-0.01315331
-0.01298241
-0.01279592
-0.01268641
-0.0127642
-0.01305683
-0.0133619
-0.01352084
-0.0134291
-0.01305176
-0.0125226
-0.01203645
-0.01158298
-0.01112224
-0.01063851
-0.01012425
-0.009586196
-0.00904658
-0.008530348
-0.008039319
-0.00754035
-0.006960524
-0.006212001
-0.005297921
-0.004427674
-0.00376736
-0.003400361
-0.003352791
-0.003344739
-0.003283417
-0.003206542
-0.003129569
-0.003058121
-0.002998064
-0.002975058
-0.002977048
-0.002969992
-0.002942053
-0.002892609
-0.002837273
-0.002820695
-0.002903602
-0.003100378
-0.003243995
-0.003008564
-0.002455392
-0.001928626
-0.001441204
-0.0009502542
-0.0004755975
-8.163082e-05
0.0001533524
0.0002523438
0.0003493735
0.0004452951
0.00053808
0.0006944193
0.001014134
0.001544596
0.002130705
0.002647072
0.003061647
0.003183413
0.002906798
0.002136697
0.001079218
7.165906e-05
-0.0009444071
-0.002051864
-0.003198456
-0.004144658
-0.004503938
-0.004012692
-0.00285106
-0.001478289
-0.0001773699
0.001103786
0.002395803
0.00363908
0.004740513
0.005694569
0.006672726
0.007548431
0.008162868
0.00847051
0.008624587
0.008873301
0.009216809
0.009524802
0.009538794
0.008952577
0.007747375
0.006592014
0.005916951
0.005791024
0.006025559
0.006407807
0.006701327
0.006921768
0.007157838
0.007506216
0.008110657
0.00905147
0.0101799
0.01124596
0.0122592
0.0132953
0.01443516
0.01573753
0.0171413
0.01838462
0.01928869
0.01983527
0.02022215
0.02061564
0.02102368
0.02141883
0.02181174
0.02225788
0.02280743
0.0234207
0.02391317
0.02414039
0.0240656
0.02373267
0.02338006
0.02308578
0.02281352
0.02252147
0.022139
0.02158473
0.0208383
0.02007253
0.01935653
0.0186555
0.01790301
0.01701455
0.01594195
0.01478714
0.01376991
0.01284911
0.01191347
0.01095959
0.01000074
0.009051115
0.008114893
0.007181491
0.006229201
0.005326652
0.004510333
0.003751047
0.002928018
0.002067843
0.001466668
0.001112598
0.0009185806
0.0007740781
0.0005934632
0.0003917159
0.0001923481
4.082558e-05
-9.235027e-07
0.0001174869
0.0003375323
0.0005466407
0.0007461761
0.0009515802
0.001135653
0.00124899
0.001247121
0.001163845
0.001016617
0.0008691902
0.0007154379
0.0005520974
0.0004138925
0.0003672709
0.0004625464
0.0006502283
0.0008327447
0.0009983883
0.001131581
0.001210444
0.001253928
0.001383077
0.001825692
0.002658779
0.00355441
0.004404927
0.005251249
0.006092599
0.006884718
0.00755987
0.00811804
0.008681985
0.00928998
0.009916522
0.01049659
0.01090836
0.0110335
0.01090896
0.01075393
0.01058841
0.01038668
0.01012455
0.009844879
0.009721718
0.01000389
0.01080555
0.01177045
0.01249426
0.01290799
0.01307197
0.01306301
0.01310072
0.01317785
0.01324557
0.01330104
0.01335731
0.01343546
0.01353159
0.01362817
0.01372919
0.013842
0.01396024
0.01405774
0.01408713
0.01400472
0.0138063
0.0135885
0.01337955
0.01316788
0.01296643
0.01281046
0.01274051
0.01274245
0.01274567
0.01275379
0.01277318
0.012766
0.01266199
0.01239345
0.01200444
0.01164629
0.01131688
0.01097769
0.01063297
0.01029735
0.009995633
0.009729587
0.009447445
0.00904651
0.008649109
0.008275005
0.007886951
0.007447993
0.006929435
0.006372459
0.005918299
0.005590375
0.005241934
0.004836529
0.004395005
0.003988747
0.003760816
0.003854042
0.004220207
0.004474643
0.004442092
0.00405475
0.003405628
0.002974914
0.002817336
0.002713681
0.002588131
0.002451676
0.002290115
0.002018678
0.001522994
0.0007906437
7.180654e-05
-0.0005689008
-0.001225229
-0.001930395
-0.002660864
-0.00332589
-0.003774523
-0.003899869
-0.003823934
-0.00377018
-0.003739873
-0.003718877
-0.003740278
-0.003843057
-0.004007711
-0.004076651
-0.003910351
-0.003651473
-0.003417225
-0.003192556
-0.002967754
-0.002767891
-0.002647344
-0.002640489
-0.002688104
-0.002731196
-0.002758479
-0.002748204
-0.002679864
-0.002583983
-0.002600063
-0.002952917
-0.003578159
-0.004168205
-0.004702036
-0.005226029
-0.005768501
-0.006370057
-0.007061731
-0.007835692
-0.008600941
-0.009349993
-0.01009531
-0.01084629
-0.01161608
-0.0124179
-0.01324979
-0.01412394
-0.01504103
-0.01590129
-0.01647769
-0.01657659
-0.01640423
-0.01630294
-0.01627062
-0.01622688
-0.01608349
-0.01574289
-0.01519032
-0.0145973
-0.01404237
-0.01350171
-0.01294467
-0.01234318
-0.0116891
-0.01101999
-0.01043884
-0.009971186
-0.009514747
-0.009025797
-0.0085148
-0.008016675
-0.007599522
-0.007340811
-0.007239874
-0.007123183
-0.006974174
-0.006826462
-0.006702094
-0.006626523
-0.006596383
-0.006561842
-0.006463019
-0.006320405
-0.006168691
-0.006004496
-0.005839117
-0.005732333
-0.005776664
-0.006028007
-0.006376231
-0.006679823
-0.006947399
-0.007241812
-0.007641462
-0.008213642
-0.008894512
-0.009403047
-0.009586772
-0.009456105
-0.009019669
-0.008565619
-0.008192456
-0.007844192
-0.007432494
-0.006829826
-0.005943519
-0.004880366
-0.00398538
-0.00343391
-0.003279412
-0.003574936
-0.003930739
-0.004217113
-0.004492598
-0.004770325
-0.005038912
-0.005276534
-0.005506478
-0.005744236
-0.005989803
-0.006234879
-0.006458581
-0.00661848
-0.00667812
-0.006658619
-0.00660381
-0.006514415
-0.006434044
-0.006472613
-0.006788408
-0.00744088
-0.008189599
-0.008907603
-0.009623838
-0.0103313
-0.01096422
-0.01142808
-0.01170928
-0.01190607
-0.01204237
-0.01217834
-0.0123118
-0.01243047
-0.01255425
-0.01270204
-0.01287447
-0.01299904
-0.01288264
-0.01233626
-0.01148282
-0.01042315
-0.009448122
-0.008703066
-0.008285101
-0.008218151
-0.008184359
-0.008081312
-0.007944222
-0.007794436
-0.007665434
-0.007632044
-0.007778221
-0.007930956
-0.008056148
-0.008165881
-0.008243597
-0.008286611
-0.008326597
-0.008473606
-0.008823965
-0.009302772
-0.009779762
-0.0102583
-0.01072055
-0.01108071
-0.01122159
-0.01113409
-0.01105501
-0.01102544
-0.01102346
-0.01103686
-0.01099946
-0.01079117
-0.01028425
-0.009495382
-0.008520633
-0.007718299
-0.007197323
-0.006858111
-0.006475014
-0.006046935
-0.005640263
-0.005278474
-0.004939499
-0.004513334
-0.003841042
-0.002900228
-0.001960985
-0.001051824
-0.0001615353
0.0006601286
0.001357968
0.001950585
0.002612661
0.003308758
0.004018578
0.004735515
0.005400821
0.005909084
0.006158779
0.006195737
0.006149941
0.006093967
0.006061414
0.00603911
0.005994337
0.005877287
0.005625879
0.005237597
0.004844202
0.004486376
0.004134092
0.003748488
0.003290619
0.002770146
0.002297889
0.002078507
0.002214954
0.002642875
0.003200177
0.003342923
0.002913408
0.002401285
0.001973129
0.001589093
0.001242621
0.0009631596
0.0007679934
0.0005855982
0.0003981425
0.0002213276
4.307828e-05
-0.0001770958
-0.0004896084
-0.0008931002
-0.001264256
-0.001483021
-0.001650727
-0.00186516
-0.002123388
-0.002367837
-0.002480799
-0.002318897
-0.001865358
-0.00139386
-0.000968657
-0.0005491287
-0.0001203864
0.0003260278
0.0007780391
0.001224339
0.001651354
0.002055899
0.002444344
0.002829994
0.003241843
0.003730004
0.004316574
0.004921097
0.005318477
0.005458643
0.005374972
0.005334025
0.005362451
0.005386656
0.005320447
0.005047789
0.004534182
0.003957225
0.003530405
0.003164781
0.00275839
0.002307532
0.001861837
0.001527117
0.00142939
0.00157998
0.001735823
0.001862605
0.001986249
0.002086355
0.002130689
0.002101486
0.002075802
0.002194338
0.002431706
0.002652691
0.002855032
0.003061935
0.003282808
0.003512504
0.003734497
0.003933922
0.004133864
0.004534872
0.005370239
0.006504078
0.00745628
0.008101892
0.008511533
0.008724177
0.00894566
0.009233977
0.009535998
0.009770462
0.009825543
0.009624324
0.009257438
0.008907316
0.008582826
0.0082792
0.008030147
0.0078647
0.007752357
0.007537815
0.007194067
0.007099199
0.007343034
0.007838493
0.008403272
0.008802172
0.008634701
0.007855444
0.007124594
0.006489384
0.005851288
0.005206857
0.004597071
0.004104611
0.003737436
0.003350116
0.002922309
0.00249228
0.002121561
0.001917352
0.001947495
0.002130696
0.002375139
0.002610085
0.002819677
0.003031509
0.003286504
0.003650205
0.004167192
0.004782908
0.005369552
0.005950399
0.006550635
0.007153039
0.007697753
0.008099813
0.008326824
0.008449503
0.008537768
0.008678334
0.008873918
0.009047207
0.009027724
0.008582978
0.007645623
0.006594111
0.005623074
0.004687636
0.00373708
0.00271593
0.001573593
0.0002954894
-0.001032932
-0.002393083
-0.003760058
-0.005162308
-0.006604952
-0.007996918
-0.009132866
-0.009786274
-0.009938558
-0.009659079
-0.009144828
-0.008694015
-0.008290672
-0.007853176
-0.007309528
-0.006585629
-0.005703287
-0.004857739
-0.004109053
-0.00357508
-0.003361333
-0.003320451
-0.003231408
-0.00309337
-0.002957925
-0.002869804
-0.002891767
-0.003054784
-0.003298415
-0.003504388
-0.003678662
-0.003876326
-0.004178883
-0.004655824
-0.005253359
-0.005696699
-0.005906
-0.005930418
-0.005689916
-0.005174177
-0.004384165
-0.003547547
-0.002741741
-0.001928178
-0.001104044
-0.0002772455
0.0005259529
0.001307414
0.00208068
0.002857523
0.003656127
0.0045029
0.005366444
0.006122552
0.006531242
0.006372764
0.005684759
0.004719757
0.003547331
0.002397797
0.00125124
5.028786e-05
-0.001184978
-0.002371522
-0.003364474
-0.004071581
-0.00462273
-0.004917919
-0.005097962
-0.005104292
-0.004919312
-0.004442415
-0.003619324
-0.002442681
-0.001200425
1.407251e-05
0.0012613
0.002525724
0.003712483
0.004636578
0.005173501
0.005339766
0.005232612
0.005167428
0.005163853
0.005148898
0.005073481
0.004858227
0.00447142
0.003990067
0.003550139
0.003150864
0.002750325
0.002270597
0.001624091
0.00079424
-3.203244e-05
-0.0006479136
-0.0009480313
-0.0009153035
-0.0007705393
-0.0006727216
-0.0005878152
-0.000491012
-0.0003960947
-0.0003514788
-0.0003923376
-0.0004866769
-0.0005789151
-0.0006710168
-0.0007562677
-0.000809671
-0.0007999057
-0.0007332991
-0.0006585368
-0.000587039
-0.0005266914
-0.0004774321
-0.0004148609
-0.00029442
-5.802667e-05
0.0002902167
0.0006257438
0.0009390622
0.001235697
0.001502526
0.001760688
0.002078274
0.002576895
0.003341656
0.004244648
0.004806725
0.004964461
0.004872
0.004553472
0.004157395
0.003785692
0.003407651
0.00301489
0.002643484
0.002350924
0.002154722
0.001970718
0.001751544
0.00151713
0.001326781
0.001283036
0.001471822
0.001831771
0.002146575
0.002417653
0.002704455
0.003017053
0.003334061
0.003596695
0.003732856
0.003731313
0.003720797
0.003720719
0.003718336
0.003732572
0.003795208
0.003929911
0.004083465
0.004093955
0.003929009
0.003768114
0.003630809
0.003504612
0.003407057
0.003364224
0.003377312
0.003380474
0.0033817
0.003388782
0.003383398
0.003340612
0.003249066
0.00316087
0.003218246
0.003525458
0.003934544
0.004328437
0.004713908
0.005077186
0.005364487
0.005524309
0.005610943
0.005861927
0.006351232
0.006990406
0.007713178
0.00845858
0.009197227
0.009943956
0.01069527
0.01140808
0.01201164
0.01245971
0.01278789
0.01281532
0.01237231
0.01155023
0.01066578
0.009795538
0.008908375
0.008066636
0.007411872
0.007076394
0.006947894
0.006633331
0.006045643
0.005354934
0.004688769
0.004035596
0.00338508
0.002811462
0.002443692
0.0023826
0.002605417
0.003058211
0.003512789
0.00397691
0.004458396
0.004841657
0.004932233
0.00460507
0.004065521
0.003551699
0.003063858
0.002615139
0.002273063
0.002079734
0.001912508
0.001399807
0.0004769141
-0.0004286897
-0.001284561
-0.002152458
-0.003015367
-0.003799949
-0.004384991
-0.004750864
-0.005137115
-0.005578245
-0.006033032
-0.006454913
-0.006740521
-0.00678964
-0.006585694
-0.00615332
-0.005631985
-0.005123737
-0.004614256
-0.004129235
-0.003741519
-0.003522254
-0.003417353
-0.003274299
-0.003089392
-0.002895973
-0.002740103
-0.002717527
-0.002914674
-0.003303979
-0.003709439
-0.004109031
-0.004505972
-0.004914936
-0.005343152
-0.005781468
-0.006204209
-0.006578025
-0.006888694
-0.007227776
-0.007604072
-0.007958901
-0.008171107
-0.008085597
-0.007672697
-0.007189055
-0.006551026
-0.00561465
-0.004312945
-0.002865541
-0.00137423
-0.0001065595
0.0006354353
0.001002649
0.001061816
0.0009508832
0.0009023394
0.0008963148
0.0008490179
0.0006603983
0.0002154072
-0.000481297
-0.001177304
-0.001826253
-0.002473424
-0.003138449
-0.003825765
-0.004491762
-0.005064077
-0.005457668
-0.005546364
-0.005352402
-0.005041601
-0.005141404
-0.005831913
-0.006387528
-0.006436163
-0.00626692
-0.006120537
-0.006022307
-0.00601134
-0.006163074
-0.006503871
-0.006832461
-0.006639001
-0.005854179
-0.004982845
-0.004177756
-0.003392526
-0.002648585
-0.002043096
-0.001678207
-0.001487548
-0.001264233
-0.001000575
-0.0007369462
-0.0005097124
-0.0003789487
-0.0003901445
-0.0005163325
-0.0006875293
-0.0008736124
-0.001067492
-0.001278955
-0.001486873
-0.001629615
-0.001628247
-0.001478193
-0.001334842
-0.001238333
-0.001162195
-0.001053977
-0.0008094212
-0.0003323265
0.0003366705
0.0009991443
0.001601312
0.001793369
0.0015189
0.00104152
0.0004574459
0.0001339856
0.000261395
0.0004580389
0.0005925154
0.0007116922
0.0008119483
0.0008256251
0.0006447485
0.0002634947
-0.0001190711
-0.0004891921
-0.0008528943
-0.001145419
-0.00128992
-0.001278463
-0.00131401
-0.001599589
-0.001992819
-0.002363528
-0.002723964
-0.003072723
-0.003371523
-0.003550173
-0.003587408
-0.003595182
-0.003634925
-0.003689519
-0.003728264
-0.003696737
-0.003540559
-0.003257342
-0.002925066
-0.002571744
-0.002220263
-0.001859137
-0.001484321
-0.001120336
-0.00081636
-0.0006186608
-0.0005059703
-0.0003759663
-0.0002206248
-6.737113e-05
4.179195e-05
4.524525e-05
-8.444952e-05
-0.000282671
-0.0005530965
-0.000845957
-0.001144107
-0.001403839
-0.001524978
-0.001437753
-0.00125403
-0.001381452
-0.001929265
-0.002699772
-0.003433045
-0.004129556
-0.00481437
-0.005440391
-0.005935401
-0.006280952
-0.006624637
-0.006997781
-0.007269529
-0.007329724
-0.007265933
-0.007229073
-0.007221179
-0.007202958
-0.007125195
-0.006937632
-0.006648753
-0.006376632
-0.006136574
-0.005886492
-0.005569687
-0.005137281
-0.004626344
-0.004243873
-0.004282432
-0.004666527
-0.005024588
-0.005339687
-0.005651153
-0.005922607
-0.006082846
-0.0060818
-0.006013572
-0.005988382
-0.005995459
-0.005969268
-0.005809484
-0.005411211
-0.004810931
-0.0043057
-0.003919519
-0.003527213
-0.003117109
-0.002699514
-0.002284764
-0.001865273
-0.001412572
-0.0008953824
-0.0003693433
0.0001645822
0.0007024417
0.001195079
0.001558377
0.00173405
0.001787372
0.001750596
0.001710636
0.001688114
0.001644433
0.001539707
0.001342346
0.001092829
0.0009203125
0.0007566473
0.0005755778
0.0004018816
0.0002603525
0.0001800687
0.0001340428
1.548971e-05
-0.0002450974
-0.0005622211
-0.0008736154
-0.001179493
-0.001468203
-0.001691591
-0.001793864
-0.001776749
-0.00176096
-0.001678462
-0.001322992
-0.0006219521
0.0001562129
0.0009216637
0.001690053
0.002400669
0.002927031
0.003157045
0.003190139
0.003274496
0.003416933
0.003545341
0.003573286
0.00339631
0.003003265
0.002605637
0.002434563
0.002361418
0.002258047
0.002118843
0.001955585
0.00178596
0.001646204
0.001582588
0.001548805
0.001486978
0.001424436
0.001430543
0.001583935
0.001885638
0.002153625
0.002178847
0.0020457
0.001952293
0.002012543
0.002346769
0.002958638
0.003568007
0.004171423
0.004791015
0.005324113
0.005582366
0.005424438
0.005027785
0.004697005
0.004666117
0.005165699
0.005835166
0.006129187
0.006066247
0.006037636
0.006093127
0.006160344
0.006172445
0.006070606
0.005895838
0.005827944
0.005998093
0.006314587
0.006633103
0.006951437
0.007253406
0.007439425
0.007377311
0.007042714
0.006695179
0.006409458
0.006152194
0.005874387
0.005484618
0.004877137
0.004040688
0.003191346
0.002392682
0.001705933
0.0012007
0.0008342186
0.000471136
0.0001034305
-0.0002957331
-0.0008389801
-0.001641489
-0.002662485
-0.003645902
-0.004450152
-0.004844756
-0.004867644
-0.004809082
-0.004581909
-0.004119
-0.003364035
-0.002533807
-0.001718306
-0.0008937299
-8.343657e-05
0.000668705
0.001310445
0.001874474
0.002453728
0.003059935
0.003671141
0.004259247
0.004763201
0.005132487
0.005380461
0.005576124
0.005769962
0.005994892
0.00623271
0.006434005
0.006512454
0.006391284
0.006122028
0.005975851
0.005903195
0.005821485
0.00562007
0.005134164
0.004295229
0.00336453
0.002840328
0.002574363
0.002236877
0.001804502
0.001345575
0.001001357
0.0009643083
0.0013444
0.001932652
0.002469108
0.002955892
0.003442072
0.003962264
0.00456477
0.005275205
0.006062606
0.006884808
0.007617499
0.008107286
0.008234059
0.007925762
0.007553041
0.007227654
0.006878186
0.00648637
0.006107275
0.005891407
0.005958283
0.00602385
0.006047158
0.006071353
0.00609521
0.006119431
0.006128766
0.006129432
0.006128706
0.006130686
0.006136348
0.006150629
0.006163647
0.006149277
0.006061851
0.005878264
0.005648616
0.005410754
0.005165639
0.004953727
0.004861741
0.004974869
0.005246718
0.005490693
0.00569241
0.005884171
0.006079957
0.006311185
0.006609744
0.006983686
0.007349257
0.007482954
0.007156032
0.006649744
0.006203259
0.005792761
0.005380457
0.004948981
0.004499014
0.004038544
0.003577226
0.003119546
0.002666516
0.00221482
0.00176018
0.001298291
0.0008311281
0.0003717356
-5.298155e-05
-0.0004149647
-0.0007231991
-0.001054638
-0.001390443
-0.001711242
-0.002024301
-0.002359316
-0.002776156
-0.003323105
-0.003975527
-0.004696435
-0.005432911
-0.006181485
-0.006951277
-0.007701035
-0.008337236
-0.008753499
-0.008969602
-0.009201414
-0.009470564
-0.009748626
-0.0100307
-0.01029135
-0.01049194
-0.01057496
-0.01052734
-0.01043846
-0.0103827
-0.01035077
-0.01031405
-0.0102146
-0.009986815
-0.009621545
-0.009256831
-0.008971953
-0.008909364
-0.009189501
-0.00962243
-0.009493163
-0.008994872
-0.008589762
-0.00825549
-0.007860728
-0.007272163
-0.006474179
-0.005734293
-0.005646313
-0.006324416
-0.007126718
-0.007468166
-0.007356337
-0.006930429
-0.00635789
-0.005847256
-0.005367182
-0.004877611
-0.004404124
-0.003997957
-0.003674641
-0.003343841
-0.002982957
-0.002596892
-0.002214522
-0.001926035
-0.001868103
-0.002114697
-0.002516129
-0.003007499
-0.003492516
-0.003975565
-0.004465986
-0.004919685
-0.00528219
-0.005541451
-0.005805165
-0.006112652
-0.006449937
-0.006758344
-0.006921723
-0.006813299
-0.006455103
-0.006196577
-0.006261561
-0.006451902
-0.006601636
-0.006708372
-0.006783387
-0.00683034
-0.006865065
-0.006948094
-0.007161522
-0.007331784
-0.007305775
-0.007060696
-0.006785964
-0.006559159
-0.006353188
-0.006135318
-0.005849418
-0.0054463
-0.004930585
-0.004430245
-0.004334787
-0.003842866
-0.003321058
-0.00275934
-0.002186423
-0.001693415
-0.0013762
-0.001164851
-0.0009342697
-0.0006877023
-0.0004433486
-0.0002065147
2.969393e-05
0.0002739384
0.0005256248
0.0007535459
0.0008972167
0.0008977054
0.0007744729
0.0005740834
0.000389089
0.0002170438
3.867744e-05
-0.0001529929
-0.0003568466
-0.000561518
-0.0007445932
-0.0008852888
-0.0009856709
-0.001111755
-0.001357186
-0.001685337
-0.002023628
-0.002387705
-0.002758319
-0.003030311
-0.003016146
-0.002589702
-0.00192204
-0.001265307
-0.0006172577
-1.219411e-05
0.0004140884
0.0005079642
0.0003356682
0.0003845524
0.0007746305
0.001154229
0.001488911
0.001818268
0.002140183
0.002388901
0.002440627
0.002223858
0.001929962
0.001358904
0.0002850917
-0.0008973247
-0.001155774
-0.001128708
-0.00106293
-0.001018341
-0.001001899
-0.0009746352
-0.001040818
-0.001315071
-0.001848476
-0.002408509
-0.0029707
-0.003560404
-0.004134593
-0.004544497
-0.004609123
-0.004307573
-0.004022154
-0.003866714
-0.003726418
-0.003554304
-0.0033707
-0.003221318
-0.003155101
-0.003157763
-0.003121085
-0.003061836
-0.002996963
-0.002933902
-0.002913918
-0.002985785
-0.003175576
-0.003399798
-0.003557927
-0.0036754
-0.003810169
-0.003964371
-0.00411964
-0.00423037
-0.004245441
-0.004151332
-0.004040392
-0.003951955
-0.003873598
-0.0037785
-0.003635692
-0.003422813
-0.003175905
-0.003013685
-0.002949808
-0.0028919
-0.002838893
-0.002787973
-0.002691138
-0.002457459
-0.002018019
-0.00144695
-0.0008838939
-0.0003266292
0.0002160057
0.0006764358
0.0009672781
0.001088125
0.001248726
0.001574423
0.001937247
0.002285156
0.002622439
0.002928835
0.003153067
0.003241608
0.003222507
0.003215699
0.003221279
0.003215777
0.003202554
0.003207789
0.003279818
0.003451151
0.003708462
0.004010235
0.004301437
0.004582814
0.00486223
0.005135017
0.005396618
0.005649079
0.00591076
0.006167153
0.006406292
0.006625567
0.006840058
0.007088082
0.007415975
0.007828895
0.008196603
0.008249975
0.008002442
0.007721022
0.007739186
0.008066889
0.00863037
0.009397739
0.01004315
0.01040183
0.01039106
0.01008934
0.009842746
0.009645746
0.009419785
0.009149104
0.008866533
0.00867991
0.008685146
0.008707376
0.008671771
0.008517253
0.008205413
0.007909405
0.007644895
0.007387655
0.007128067
0.006861168
0.006587984
0.006312784
0.006041853
0.005784939
0.005550095
0.00533486
0.005110512
0.00484867
0.004564377
0.004287605
0.004023636
0.003773953
0.003532937
0.003281413
0.002984678
0.002624013
0.002270516
0.002010962
0.001953837
0.002147261
0.002427023
0.002676052
0.002910203
0.003139225
0.003339777
0.00347532
0.00354629
0.003633514
0.003714187
0.003789498
0.00390478
0.004107489
0.004402315
0.004655003
0.004590895
0.004272086
0.004026563
0.003981584
0.004170805
0.0043343
0.0043865
0.004309079
0.0041171
0.003967853
0.003869551
0.003766115
0.003566333
0.00316473
0.002547466
0.001921371
0.001412923
0.0009297688
0.0004147782
-0.0001255473
-0.0006388246
-0.001022034
-0.001172104
-0.001112794
-0.001054014
-0.001032373
-0.001017922
-0.0009937258
-0.0009375875
-0.0008315808
-0.0006703198
-0.0004754147
-0.0002598733
-3.981336e-05
0.000185716
0.0003924087
0.0005176353
0.0004837167
0.0002927877
0.0001053328
-0.0001799757
-0.000690045
-0.001189549
-0.001601122
-0.00188937
-0.002048405
-0.00219417
-0.002357301
-0.002525561
-0.002700911
-0.002890766
-0.003089992
-0.003248228
-0.003316627
-0.003387037
-0.003374082
-0.00304187
-0.002672579
-0.002522287
-0.002492293
-0.002426296
-0.002309368
-0.002185833
-0.002136693
-0.00227028
-0.002624734
-0.003049848
-0.003443715
-0.003775616
-0.003979563
-0.004021787
-0.004080311
-0.004175805
-0.004270619
-0.004339294
-0.004343287
-0.004268521
-0.004150372
-0.004044571
-0.003948847
-0.003855919
-0.003761013
-0.003661661
-0.003552593
-0.003430672
-0.003300408
-0.003182543
-0.003071247
-0.002964801
-0.002860486
-0.002746843
-0.002603426
-0.002414433
-0.002190323
-0.001940815
-0.001692503
-0.001436338
-0.001169641
-0.000930918
-0.0007975172
-0.0008515557
-0.001067062
-0.001263098
-0.001426512
-0.001581684
-0.001723997
-0.001846755
-0.00194356
-0.002033242
-0.002086661
-0.002018473
-0.001788251
-0.001510468
-0.001266425
-0.001039498
-0.0007967386
-0.0005149633
-0.0001976594
9.19827e-05
0.0002316829
0.000205906
0.000206034
0.0003482078
0.0005701671
0.0007921923
0.0009324416
0.0008689701
0.0006517663
0.000462788
0.0003134778
0.0001787316
4.777961e-05
-9.703833e-05
-0.0002782463
-0.0005124538
-0.0007399919
-0.0009558032
-0.001162691
-0.001342055
-0.001460815
-0.00149667
-0.001481096
-0.001444974
-0.001409245
-0.001374398
-0.00133142
-0.001278697
-0.001222371
-0.001179924
-0.001168143
-0.001161695
-0.001102197
-0.0009414213
-0.000687678
-0.0004636674
-0.0003200243
-0.0002269393
-0.0001255578
-1.127087e-05
9.890998e-05
0.0001843865
0.0002216475
0.0002086925
0.0001863568
0.0001706116
0.0001270946
3.896297e-05
-7.119266e-05
-0.0001715463
-0.0002655307
-0.0003629409
-0.0004660423
-0.0005636696
-0.0006247173
-0.0006115461
-0.0005389264
-0.0004645693
-0.0004049225
-0.0003531418
-0.0003007033
-0.000235643
-0.0001456129
-3.034636e-05
7.95967e-05
0.0001503483
0.0001795769
0.0001748932
0.0001620603
0.000158667
0.0001608855
0.0001600596
0.0001431109
9.580564e-05
1.781153e-05
-5.993072e-05
-0.0001273267
-0.0001897371
-0.0002509436
-0.0003114683
-0.0003664344
-0.0004063972
-0.0004229677
-0.0004231263
-0.0004264663
-0.0004333799
-0.0004356173
-0.0004211256
-0.0003770986
-0.0003073334
-0.000244724
-0.000190194
-0.0001381627
-8.711943e-05
-3.476556e-05
1.8881e-05
7.198187e-05
0.0001182108
0.0001567622
0.0001923924
0.0002274544
0.0002614126
0.0002929526
0.0003189398
0.0003361622
0.0003446241
0.0003533961
0.0003632494
0.000372461
0.0003790686
0.0003807471
0.0003767126
0.0003705985
0.000366555
0.000363659
0.0003600254
0.0003555387
0.0003514292
0.0003506912
0.0003566429
0.0003695672
0.0003824985
0.000391671
0.0003988858
0.0004082727
0.0004245188
0.0004493877
0.000474247
0.0004778537
0.0004614346
0.0004474429
0.0004374633
0.0004280934
0.0004173475
0.0004040197
0.0003896175
0.0003784043
0.0003722688
0.0003720962
0.0003750753
0.0003790546
0.0003781554
0.0003707965
0.0003624168
0.0003545308
0.0003469529
0.0003406036
0.000337467
0.0003387883
0.0003421379
0.0003436335
0.0003434798
0.0003421804
0.000339429
0.0003346767
0.0003277689
0.0003198876
0.0003117437
0.0003016059
0.0002885317
0.0002736742
0.0002596656
0.0002466298
0.0002340013
0.0002213196
0.000208029
0.0001940895
0.000180409
0.0001677316
0.0001558778
0.0001446735
0.0001341017
0.00012435
0.0001156492
0.0001080942
0.0001015194
9.519539e-05
8.888927e-05
8.274865e-05
7.694769e-05
7.17156e-05
6.710074e-05
6.274063e-05
5.799555e-05
5.278968e-05
4.732967e-05
4.176092e-05
3.640361e-05
3.13141e-05
2.638276e-05
2.153609e-05
1.671259e-05
1.195563e-05
7.404266e-06
3.051206e-06
-1.146311e-06
-5.18617e-06
-9.066902e-06
-1.277779e-05
-1.636228e-05
-1.991697e-05
-2.349901e-05
-2.699073e-05
-3.028944e-05
-3.347401e-05
-3.669637e-05
-3.995459e-05
-4.323157e-05
-4.652057e-05
-4.982352e-05
-5.313861e-05
-5.646063e-05
-5.978337e-05
-6.310943e-05
-6.643855e-05
-6.977286e-05
-7.311069e-05
-7.644938e-05
-7.978053e-05
-8.3106e-05
-8.642964e-05
-8.975239e-05
-9.307203e-05
-9.638767e-05
-9.969752e-05
-0.0001030024
-0.0001063044
-0.0001096078
-0.0001129074
-0.0001161988
-0.0001194819
-0.0001227576
-0.0001260255
-0.0001292854
-0.0001325369
-0.0001357795
-0.000139013
-0.0001422369
-0.0001454509
-0.0001486547
-0.0001518479
-0.0001550305
