-3.590121e-05
-3.609702e-05
-3.628389e-05
-3.647345e-05
-3.665658e-05
-3.684133e-05
-3.702311e-05
-3.7204e-05
-3.738582e-05
-3.756733e-05
-3.774489e-05
-3.792309e-05
-3.809416e-05
-3.826792e-05
-3.843401e-05
-3.859327e-05
-3.874997e-05
-3.892911e-05
-3.911604e-05
-3.931546e-05
-3.948138e-05
-3.963006e-05
-3.981725e-05
-3.997826e-05
-4.00129e-05
-3.996315e-05
-3.976173e-05
-3.949068e-05
-3.927423e-05
-3.928558e-05
-3.957621e-05
-4.004395e-05
-4.052733e-05
-4.076863e-05
-4.063998e-05
-4.052919e-05
-4.057322e-05
-4.086042e-05
-4.19213e-05
-4.353822e-05
-4.46488e-05
-4.497739e-05
-4.43455e-05
-4.3361e-05
-4.252753e-05
-4.24324e-05
-4.161071e-05
-4.045612e-05
-3.959054e-05
-3.624634e-05
-3.176049e-05
-2.850072e-05
-2.915123e-05
-3.276834e-05
-3.576673e-05
-3.735081e-05
-3.910772e-05
-4.19396e-05
-4.508695e-05
-4.842289e-05
-5.278066e-05
-5.918504e-05
-6.11e-05
-5.63956e-05
-5.009681e-05
-4.341269e-05
-3.854038e-05
-4.004186e-05
-3.989775e-05
-3.23189e-05
-2.544379e-05
-1.700495e-05
-8.990575e-06
-9.074388e-06
-2.10767e-05
-4.707734e-05
-7.5861e-05
-9.641579e-05
-9.397594e-05
-7.17148e-05
-5.46271e-05
-5.361564e-05
-5.836589e-05
-6.022236e-05
-5.452781e-05
-3.141018e-05
4.844489e-06
3.258071e-05
4.358453e-05
3.008511e-05
-7.059596e-06
-7.288692e-05
-0.0001308604
-0.0001774724
-0.0002150308
-0.0002171868
-0.0002250078
-0.0002546199
-0.0002649995
-0.000252722
-0.0002278602
-0.0001928324
-0.0001732466
-0.0001296418
-2.647996e-05
8.237221e-05
0.0001213386
0.0001200058
0.0001119905
0.0001337632
0.0001475698
8.530901e-05
4.535665e-06
-8.39858e-05
-0.0001857597
-0.0001997967
-0.0001613884
-0.0001466306
-0.0001609872
-0.0001744337
-0.0001761324
-0.0001608566
-9.444433e-05
3.602181e-06
8.877383e-05
7.824401e-05
-4.791376e-05
-0.0002352353
-0.0004507567
-0.0005812692
-0.000492008
-0.0002839069
-0.0001127661
-0.0001277407
-0.0002218278
-0.0002049343
-2.81701e-05
0.0002062262
0.0003726248
0.0004010363
0.0002774592
7.441536e-05
-0.0001069588
-0.0002983046
-0.0004933949
-0.0007520648
-0.001133433
-0.001598709
-0.002045751
-0.002377195
-0.002443162
-0.002048809
-0.001314722
-0.0004953502
0.0002198825
0.0008102948
0.001153704
0.001090885
0.0007948868
0.0006198723
0.0006134348
0.0006100793
0.0006511865
0.000705434
0.0008386586
0.001151201
0.001441234
0.001287019
0.0008917825
0.0006156642
0.0003547135
5.246339e-05
-0.0002624425
-0.0004782613
-0.0007110764
-0.0008974651
-0.0009593044
-0.0009147098
-0.000574109
-0.0001251179
5.773643e-05
1.355582e-05
-0.0001807952
-0.0005803652
-0.0009764283
-0.001082685
-0.0007772912
-0.0002157442
0.0004790077
0.001029394
0.0008941571
-6.716435e-05
-0.001365785
-0.002464165
-0.002984124
-0.002801409
-0.002336754
-0.001806194
-0.001391778
-0.001266898
-0.001316873
-0.0015507
-0.002096579
-0.00264757
-0.002548763
-0.00174812
-0.0008030248
-0.0001171569
7.087695e-05
-2.963837e-05
-0.0005546009
-0.001117868
-0.0009820459
0.0001746955
0.001999415
0.004054255
0.005570139
0.005577175
0.004256851
0.002871701
0.001526531
-0.0002269944
-0.002132354
-0.003565219
-0.004301195
-0.004269399
-0.003541967
-0.002378107
-0.001127163
-0.0001272308
0.0005052024
0.0003691801
-0.001067739
-0.003258618
-0.004744142
-0.004627471
-0.002801025
-0.0001286946
0.002005211
0.002803311
0.002417686
0.001637916
0.0005843587
-2.983317e-06
0.000186854
0.001261078
0.001947474
0.001076308
-0.001075192
-0.003581974
-0.004826098
-0.004263733
-0.002761569
-0.00159565
-0.0004977035
0.0005587042
0.001885371
0.003854698
0.00625806
0.008465392
0.009457863
0.008527435
0.005811131
0.001697769
-0.002888775
-0.006621222
-0.008872248
-0.01001561
-0.009962855
-0.008487156
-0.005857159
-0.002148002
0.001897258
0.005304552
0.007314201
0.007775491
0.006714022
0.004449566
0.001462988
-0.001870739
-0.004448946
-0.004711693
-0.002441483
0.0006834517
0.002602372
0.002898955
0.002030098
0.001076746
0.0008230338
0.001666485
0.003349299
0.004956117
0.004675875
0.002800877
-0.0006539201
-0.005055673
-0.009411943
-0.01425297
-0.01904566
-0.0221789
-0.02329169
-0.02236456
-0.0204338
-0.01795494
-0.01402455
-0.008540766
-0.003333742
0.001175609
0.006095045
0.01176021
0.01695066
0.01982684
0.0192736
0.01603747
0.01086715
0.004980449
0.0001435586
-0.002440346
-0.002903321
-0.001956996
0.0002304258
0.002587506
0.003674805
0.004294317
0.004825469
0.004984241
0.004226298
0.002971049
0.00115809
-0.001599744
-0.004767898
-0.006610838
-0.005848399
-0.002126592
0.003507923
0.008741424
0.01087673
0.009152162
0.005128019
0.00033922
-0.003449361
-0.005668298
-0.006267286
-0.004818857
-0.001241087
0.003605511
0.007069824
0.008875833
0.00878782
0.006712989
0.003670386
-1.657262e-05
-0.00465912
-0.01020661
-0.01498913
-0.01796706
-0.01921121
-0.02011383
-0.02098232
-0.02081853
-0.01833606
-0.01343118
-0.00693189
-0.0002177952
0.005432803
0.00939105
0.01212664
0.01328547
0.01356292
0.01467784
0.01698545
0.01889975
0.01886247
0.01581148
0.01042494
0.004597126
0.000842111
-0.0001079411
0.001226324
0.003586982
0.005892147
0.006364925
0.005230214
0.003955959
0.002105892
-0.0006368364
-0.004061835
-0.008012563
-0.01201236
-0.01490527
-0.01559931
-0.01344151
-0.008783494
-0.002786463
0.003268572
0.007983345
0.01020925
0.009945347
0.007163803
0.003172916
-0.001044196
-0.004189176
-0.005996723
-0.005924498
-0.003316821
0.0001858147
0.003007683
0.004206594
0.004150029
0.002683845
-0.0005091523
-0.005247248
-0.01024794
-0.01399363
-0.01567368
-0.01441356
-0.01158302
-0.008843611
-0.005638007
-0.001284317
0.003192178
0.006608965
0.008541108
0.00901267
0.008627374
0.007257546
0.005038895
0.003055121
0.001908877
0.002099834
0.002897456
0.003239112
0.002916998
0.001856221
0.0006452843
0.0007814522
0.002495368
0.004680737
0.005919763
0.005623509
0.004021712
0.002941867
0.002659406
0.001678051
2.661825e-05
-0.002126449
-0.004316732
-0.005611261
-0.0065013
-0.007768053
-0.008580718
-0.008658212
-0.008109351
-0.006183988
-0.002454912
0.001521275
0.004347243
0.005327085
0.003923024
0.001108392
-0.002162325
-0.00519999
-0.008002951
-0.01012816
-0.01046685
-0.008499825
-0.005419581
-0.003093989
-0.002477878
-0.002711467
-0.002833763
-0.002529112
-0.001510206
0.0004464723
0.002666434
0.003869102
0.003809497
0.00351723
0.003303537
0.003167489
0.003113256
0.002699829
0.001019859
-0.001749456
-0.004688608
-0.006970266
-0.008713706
-0.01064521
-0.01229597
-0.01237549
-0.01008422
-0.005268595
0.0006981776
0.006352061
0.01055901
0.0132961
0.01454056
0.01470716
0.01417783
0.01231695
0.009360855
0.005238783
9.935131e-05
-0.004383285
-0.007317792
-0.008461225
-0.008775771
-0.009426559
-0.009718851
-0.009007718
-0.007768645
-0.006368402
-0.004745539
-0.002899101
-0.0008839834
0.001879088
0.004959207
0.006794814
0.006791145
0.005938809
0.004425456
0.002039231
0.0002522802
-8.810466e-05
0.0002714943
0.001009888
0.002227396
0.003670298
0.004799036
0.005627359
0.005972406
0.005681996
0.004271704
0.001928186
-0.0006165199
-0.003196391
-0.005124975
-0.00599331
-0.006612924
-0.006740693
-0.005818963
-0.00447705
-0.003336401
-0.002676051
-0.001786902
-0.0002077672
0.001496469
0.003016125
0.004730723
0.006681133
0.00834523
0.008931274
0.008294548
0.006158897
0.003393309
0.0005499243
-0.00227859
-0.004622639
-0.005757412
-0.005836664
-0.005667271
-0.005664391
-0.005743002
-0.005762226
-0.005686491
-0.005078044
-0.003808037
-0.002017785
-0.000393372
0.0001810788
9.242359e-05
-9.629526e-06
0.0001239441
0.001128858
0.002909556
0.004880478
0.005930721
0.005975636
0.005799392
0.005809339
0.005877981
0.00586902
0.005931492
0.006615125
0.007955916
0.009734988
0.01197049
0.01490074
0.01786011
0.02125624
0.0244484
0.02634221
0.02682278
0.02581464
0.0229521
0.01875389
0.01452089
0.0109343
0.008247768
0.006408269
0.005922362
0.006770762
0.007986678
0.009293122
0.01190551
0.01611843
0.02115331
0.02668097
0.0320444
0.03668153
0.04019235
0.04302617
0.04553574
0.04757478
0.04843941
0.04840828
0.04824784
0.04825789
0.0488143
0.05072036
0.05403907
0.05815841
0.06271153
0.06744471
0.07224293
0.07721908
0.08213974
0.08564173
0.08783861
0.08784779
0.08520617
0.07997931
0.07161854
0.06068284
0.04696103
0.02885856
0.003752071
-0.02951927
-0.06837175
-0.1073131
-0.1422983
-0.1707648
-0.1930572
-0.2098362
-0.2198089
-0.2239732
-0.224249
-0.2218395
-0.2156871
-0.2031629
-0.1825756
-0.1539215
-0.1213304
-0.09060085
-0.06416447
-0.04197189
-0.02402241
-0.01075945
-0.002752575
0.0008618874
0.001430219
-0.0005642301
-0.006414722
-0.01630062
-0.02803162
-0.03803732
-0.04279961
-0.04170526
-0.03524537
-0.02473949
-0.01160389
0.003727676
0.02072981
0.03969875
0.06118864
0.08126113
0.09358152
0.09550544
0.0893193
0.07993492
0.06986399
0.05800425
0.04495183
0.03259617
0.02115149
0.01078657
0.005145667
0.006912223
0.01728871
0.03763942
0.06826896
0.1065207
0.1467013
0.1805553
0.2020198
0.2134912
0.2208795
0.2253791
0.2245351
0.2180739
0.2086304
0.197665
0.1841716
0.1661765
0.1442386
0.1207114
0.09706973
0.07272413
0.04718666
0.01868982
-0.01045688
-0.03611963
-0.05726267
-0.07486184
-0.08921394
-0.09910358
-0.1044741
-0.1072033
-0.1068553
-0.1005629
-0.08610516
-0.06321033
-0.03343386
0.0005459641
0.03281521
0.05758534
0.07159028
0.07548675
0.07232947
0.06516774
0.05626882
0.04635521
0.03772873
0.03189027
0.02705712
0.02295201
0.0196559
0.01549042
0.009311583
-5.55389e-05
-0.01321219
-0.02913448
-0.04608526
-0.06325281
-0.07972593
-0.09525444
-0.1093949
-0.1216655
-0.1322508
-0.1413422
-0.1468347
-0.1477392
-0.1466011
-0.1445601
-0.142518
-0.1408056
-0.1380257
-0.1361294
-0.1375575
-0.1402116
-0.1414338
-0.1406483
-0.1381779
-0.1343484
-0.1285582
-0.119606
-0.1098853
-0.1024362
-0.09625582
-0.09109439
-0.08786978
-0.0865978
-0.08558139
-0.08286133
-0.07784817
-0.07012945
-0.06022296
-0.04767409
-0.03039992
-0.008847204
0.01754863
0.04812228
0.07854934
0.1034968
0.1207954
0.1357672
0.1469105
0.151246
0.1507592
0.1460496
0.1356504
0.1211098
0.1090363
0.1028227
0.1001967
0.09713701
0.09133879
0.08111233
0.06480854
0.0436299
0.01870053
-0.009370798
-0.03554472
-0.056869
-0.0738967
-0.08807409
-0.09857508
-0.104801
-0.1090597
-0.1133347
-0.1159174
-0.1154217
-0.1111106
-0.1017547
-0.0881089
-0.07325989
-0.05989392
-0.04850417
-0.03861352
-0.02883066
-0.01882944
-0.007822531
0.005576067
0.02119591
0.03806745
0.05709857
0.07574154
0.08921977
0.09633335
0.09709124
0.09193683
0.08354891
0.07322377
0.0623797
0.05198247
0.04102535
0.03091795
0.02373716
0.01821369
0.01510651
0.01583991
0.02105156
0.03005589
0.04113294
0.05187546
0.06001059
0.0639296
0.06283439
0.05492532
0.04048652
0.02018709
-0.004548021
-0.0306759
-0.05653635
-0.0786069
-0.09580311
-0.1130322
-0.1324068
-0.1498636
-0.1621225
-0.1678257
-0.1664343
-0.158734
-0.145348
-0.1262208
-0.1010031
-0.07192011
-0.04037303
-0.007019108
0.02599908
0.05629431
0.08179402
0.09791781
0.1033515
0.09998027
0.09116066
0.07934167
0.0650527
0.04958457
0.03477901
0.02192442
0.01054994
0.0004645892
-0.007463539
-0.0134676
-0.01819296
-0.02098186
-0.02033366
-0.01705566
-0.01367414
-0.01095158
-0.00721738
-0.0006305068
0.01076554
0.02605518
0.04159856
0.05584571
0.0658359
0.06831253
0.0619231
0.0482256
0.02876417
0.005067244
-0.01939877
-0.04028935
-0.05599617
-0.06552416
-0.06754438
-0.06073306
-0.0456899
-0.02368587
0.003614895
0.03379312
0.06551628
0.09624361
0.1224947
0.1399026
0.1465495
0.1460804
0.1417236
0.1330784
0.1187062
0.09963613
0.07794028
0.05643077
0.03825698
0.02504801
0.0145782
0.007931763
0.006630528
0.008724491
0.01117924
0.01338615
0.01606049
0.01763857
0.01587111
0.01122101
0.005640525
-0.002480376
-0.01529207
-0.03105693
-0.04690345
-0.0616362
-0.07496148
-0.08640076
-0.09417073
-0.09761507
-0.09742315
-0.09388959
-0.08750637
-0.07819292
-0.06487839
-0.04671646
-0.02479698
0.0002465578
0.02694488
0.05254047
0.07481043
0.09146325
0.1017204
0.1054046
0.1022902
0.09213355
0.07430261
0.05322761
0.03450331
0.01492188
-0.006254123
-0.02425147
-0.0374722
-0.04681128
-0.05288823
-0.05594653
-0.05659346
-0.056182
-0.05357755
-0.04692732
-0.03833154
-0.02821834
-0.0170034
-0.004270451
0.00762757
0.01772997
0.02511263
0.02848638
0.02713553
0.02180446
0.01292554
0.0006719059
-0.01261933
-0.02520109
-0.03518774
-0.04162479
-0.04335175
-0.03993391
-0.03151849
-0.01968098
-0.008203604
0.0006583232
0.00722695
0.01174635
0.01342702
0.01329305
0.01300898
0.01412166
0.01721573
0.02156417
0.02561507
0.02942424
0.03309242
0.03658674
0.03889321
0.03883482
0.03680522
0.03317544
0.02882679
0.02409586
0.01917572
0.01653973
0.01872865
0.02445368
0.0307799
0.03664937
0.04240529
0.04687225
0.04946644
0.05110962
0.05281361
0.05350421
0.05214111
0.04738249
0.0389601
0.02746865
0.01346942
-0.003296926
-0.0224856
-0.04131405
-0.05722608
-0.06946057
-0.07865156
-0.08495632
-0.08766275
-0.08654604
-0.08175849
-0.07328774
-0.0616995
-0.04842381
-0.03434891
-0.02014464
-0.006787821
0.004997666
0.0138548
0.0186152
0.01960054
0.01824387
0.01620905
0.01331274
0.009765059
0.006177729
0.002596151
-0.0009719426
-0.004428963
-0.00657361
-0.006914758
-0.005606084
-0.00285005
0.0003154344
0.001581823
-2.497622e-05
-0.003169145
-0.008062878
-0.01477199
-0.02133188
-0.02576483
-0.02853111
-0.029167
-0.02793084
-0.02643684
-0.02535644
-0.02481272
-0.0244517
-0.02356119
-0.02138466
-0.0186464
-0.01509572
-0.01031873
-0.003822601
0.003084159
0.009754023
0.01579817
0.02072431
0.02539206
0.03077224
0.03645861
0.04141552
0.04584214
0.05016491
0.05308179
0.05383382
0.0530766
0.04999028
0.04421621
0.03616776
0.02668957
0.0176952
0.00960333
0.001712142
-0.005382854
-0.01142218
-0.01704209
-0.02277726
-0.02893098
-0.03597281
-0.04180084
-0.04553575
-0.04740711
-0.04770271
-0.04742888
-0.04757582
-0.04787708
-0.04789565
-0.04679268
-0.04437326
-0.03994649
-0.03266326
-0.02320801
-0.01310173
-0.003473139
0.004723494
0.01124022
0.01688338
0.02200255
0.02590821
0.0282958
0.0285322
0.0269438
0.02300601
0.01730756
0.01076081
0.005336817
0.001683994
-0.0006512082
-0.001590118
-0.001660674
-0.001359522
6.484848e-05
0.003426515
0.00818964
0.01370777
0.01991727
0.02774632
0.03733738
0.04698006
0.05530346
0.06273506
0.06958137
0.07565992
0.08043572
0.08336139
0.08424027
0.08316545
0.08028431
0.07552825
0.06965922
0.062912
0.05585072
0.04836491
0.04079083
0.03294075
0.02387464
0.01389969
0.002957641
-0.009355788
-0.02394353
-0.04054
-0.05798969
-0.07440282
-0.0893766
-0.1020655
-0.1120056
-0.1190126
-0.1223875
-0.12101
-0.1145499
-0.1039567
-0.09041473
-0.07405958
-0.05544464
-0.03819995
-0.02522555
-0.01675459
-0.01250878
-0.01178803
-0.01385541
-0.01769023
-0.02282055
-0.02846027
-0.03372663
-0.03808692
-0.0428156
-0.04773493
-0.05273751
-0.05927481
-0.06698723
-0.07378232
-0.07891672
-0.0830569
-0.08651029
-0.08851676
-0.08755621
-0.08441927
-0.07923769
-0.07149379
-0.06211307
-0.05174254
-0.03993758
-0.027661
-0.01549356
-0.003328761
0.008048797
0.01771082
0.02576328
0.03195639
0.03697644
0.04177526
0.04544887
0.04785058
0.04888099
0.04898008
0.04913713
0.0497184
0.05095412
0.05183774
0.05195247
0.05178011
0.0517345
0.05178463
0.0510522
0.04942109
0.04796403
0.0478041
0.04925195
0.0525423
0.05776617
0.06379201
0.0699438
0.07670607
0.08424759
0.09179645
0.09843537
0.1027611
0.1040387
0.102579
0.0982304
0.09114047
0.08030919
0.06522603
0.04690134
0.02764308
0.009478899
-0.00698311
-0.02301679
-0.03921839
-0.05444495
-0.06777831
-0.07920273
-0.0895803
-0.09878042
-0.1066407
-0.1123192
-0.114939
-0.1150047
-0.1138114
-0.1105842
-0.1044921
-0.09653634
-0.08852975
-0.08091377
-0.07363931
-0.06599763
-0.05767673
-0.04892581
-0.03927074
-0.0282
-0.0164469
-0.004943811
0.005227177
0.01345652
0.0186844
0.02050168
0.01907225
0.01502136
0.01056085
0.007186559
0.005539248
0.005363976
0.006999532
0.01158096
0.01825183
0.02436056
0.02895926
0.03147483
0.03027705
0.02434352
0.01515006
0.003990667
-0.008765075
-0.02183057
-0.03377398
-0.0433336
-0.05108087
-0.05757687
-0.06189884
-0.06375946
-0.0623388
-0.05696325
-0.04869003
-0.03844168
-0.0256562
-0.01129903
0.002758909
0.01565288
0.02718277
0.03745352
0.04652413
0.05432671
0.06066114
0.06595849
0.06968141
0.07101109
0.07000183
0.06657769
0.06123587
0.05472952
0.04737413
0.0406407
0.03482439
0.0300096
0.02598182
0.02227472
0.01929511
0.0174052
0.01612256
0.01611389
0.01759029
0.01918277
0.02077754
0.02296032
0.02659956
0.03107398
0.03514807
0.03801491
0.03917235
0.03885934
0.03744117
0.0348958
0.03099531
0.02611441
0.02020853
0.01388242
0.007612218
0.001747227
-0.003345165
-0.006800797
-0.008610634
-0.009994687
-0.01091998
-0.01275119
-0.01705766
-0.0239567
-0.03289335
-0.04321703
-0.0543042
-0.06450104
-0.07303402
-0.07966358
-0.08346683
-0.08384054
-0.08219084
-0.0791611
-0.07422953
-0.06720132
-0.05832438
-0.04805741
-0.03672902
-0.02542978
-0.01335105
-0.0001542411
0.01101836
0.01813701
0.02221784
0.0250272
0.02680146
0.0272757
0.02660715
0.02422015
0.02032844
0.01443824
0.005442244
-0.005515886
-0.0162333
-0.02654376
-0.0363924
-0.0458072
-0.05326793
-0.05797724
-0.06090245
-0.06318991
-0.06492265
-0.06604081
-0.06652243
-0.06660601
-0.06608522
-0.06481991
-0.06324938
-0.0608822
-0.05646083
-0.0505731
-0.04367199
-0.03515752
-0.02510979
-0.01455277
-0.004297608
0.005323834
0.01422764
0.02246429
0.03037732
0.03854924
0.04620832
0.05361085
0.06174995
0.07053214
0.07974769
0.08952778
0.09929882
0.1079953
0.1148682
0.1194864
0.121892
0.121936
0.1192885
0.1132388
0.1042516
0.09318032
0.08188463
0.07112215
0.06121021
0.05354391
0.04873701
0.04712197
0.04772145
0.05018398
0.05374673
0.05698892
0.05979191
0.06272566
0.06493096
0.06655187
0.06767652
0.06824037
0.06770868
0.06538881
0.06160729
0.0559753
0.0483842
0.03990407
0.03093001
0.02156198
0.01195473
0.002796351
-0.006492833
-0.01613438
-0.02520113
-0.03340848
-0.0408678
-0.04710608
-0.05164532
-0.05463214
-0.05604957
-0.05560612
-0.05367871
-0.05088909
-0.04742123
-0.04253764
-0.03598472
-0.02811418
-0.01923024
-0.009472908
0.001364403
0.01183595
0.02095514
0.02891005
0.03558185
0.04139702
0.04620244
0.04873594
0.04866947
0.04784256
0.04751382
0.04650572
0.04394582
0.04128611
0.03857599
0.03515843
0.03174897
0.02823196
0.02450366
0.01987927
0.01437777
0.009494413
0.005095941
-5.752505e-05
-0.005968589
-0.01195358
-0.0176759
-0.02263745
-0.02717034
-0.03212733
-0.03664723
-0.04083293
-0.04433797
-0.04667031
-0.04741278
-0.0469843
-0.0447029
-0.04020982
-0.03382609
-0.02644727
-0.01934816
-0.0128627
-0.007248913
-0.002952492
0.0005593522
0.003168584
0.004487094
0.004700052
0.00528738
0.005597272
0.005014751
0.004464976
0.004628247
0.006046862
0.008397115
0.01083918
0.01267472
0.01357617
0.01345362
0.01284234
0.01131717
0.008674165
0.005377955
0.001652875
-0.002235619
-0.005862641
-0.008758919
-0.01116896
-0.01413656
-0.01791806
-0.02183163
-0.02546439
-0.02852781
-0.03094204
-0.03260358
-0.03315651
-0.03275821
-0.03102645
-0.02824634
-0.02521629
-0.02225932
-0.01880534
-0.01465815
-0.01055953
-0.006721622
-0.002945238
0.0003782442
0.003469921
0.006459315
0.008843834
0.01012743
0.01026923
0.009537115
0.007483704
0.004228388
-0.0002157279
-0.005472987
-0.0104104
-0.01469448
-0.0184915
-0.02116646
-0.02202351
-0.02155531
-0.0200862
-0.01864318
-0.01713898
-0.01611356
-0.01588328
-0.01600992
-0.01606448
-0.01561181
-0.0142014
-0.01248626
-0.01042051
-0.008339027
-0.006872344
-0.005450782
-0.004582155
-0.005344689
-0.007724533
-0.01180726
-0.01618807
-0.02083138
-0.02562328
-0.02933082
-0.03174231
-0.03311864
-0.03360699
-0.03448085
-0.03623907
-0.03838942
-0.04039914
-0.04185099
-0.04230443
-0.04218508
-0.04198563
-0.04109584
-0.03939618
-0.03764503
-0.03640679
-0.03547248
-0.03456424
-0.03367611
-0.03328507
-0.0332938
-0.03326299
-0.03227791
-0.03072765
-0.02907099
-0.02666045
-0.0230557
-0.01837684
-0.01312725
-0.007529317
-0.001849597
0.003605177
0.008197283
0.01094936
0.01251216
0.01315745
0.01414575
0.01556853
0.01690345
0.01897427
0.02135827
0.02367403
0.02675989
0.03042668
0.03316915
0.03482649
0.03596346
0.0358025
0.03412566
0.03161688
0.02809379
0.02396096
0.02035845
0.0180416
0.01633175
0.01443065
0.01313808
0.01290772
0.01309349
0.01311858
0.01300159
0.01364178
0.01521671
0.01709179
0.01920292
0.02151773
0.02353907
0.02451479
0.02512619
0.02520253
0.02460462
0.02369114
0.02223822
0.0204746
0.01884213
0.0174263
0.01606252
0.01459703
0.01298388
0.0112425
0.009407554
0.007360631
0.004892303
0.002033166
-0.001490029
-0.005344408
-0.009494708
-0.01366252
-0.01771878
-0.02168865
-0.02546741
-0.02918696
-0.03214987
-0.03345293
-0.03404598
-0.03440405
-0.03408493
-0.03327904
-0.03283805
-0.03301463
-0.03397884
-0.03508087
-0.03493388
-0.03309657
-0.0299925
-0.0266046
-0.02277677
-0.01818703
-0.01324474
-0.008374398
-0.003623255
0.0005894631
0.004083907
0.007068397
0.009910364
0.01280112
0.01575968
0.01901438
0.02225682
0.02523956
0.02803275
0.03056206
0.03277642
0.0345008
0.03602999
0.03725864
0.0382238
0.03913899
0.03965137
0.03989004
0.0400652
0.03993654
0.03977631
0.03922664
0.03803426
0.03703347
0.03680262
0.03679044
0.03648889
0.0363957
0.03635525
0.03519109
0.03407963
0.0340593
0.03507704
0.03631746
0.0370961
0.0382743
0.0400929
0.04236123
0.04450171
0.04565678
0.04635838
0.04746795
0.04790199
0.0466551
0.04520101
0.04377539
0.04281329
0.04179606
0.04038077
0.03855872
0.03664706
0.03482738
0.03400068
0.03402425
0.03397145
0.03377741
0.03391134
0.03417428
0.03497158
0.03546042
0.03517467
0.03463365
0.03414386
0.0329727
0.03104743
0.02788894
0.02399263
0.02009714
0.01572935
0.01035374
0.00524884
0.000828356
-0.003599083
-0.00733914
-0.01020733
-0.01171731
-0.0119126
-0.0117029
-0.0116144
-0.01088548
-0.008952136
-0.006671284
-0.005685173
-0.005817616
-0.006355673
-0.007610201
-0.00899039
-0.01056008
-0.01161855
-0.01130084
-0.00959347
-0.007680783
-0.006206798
-0.005712965
-0.006308485
-0.007878467
-0.008927683
-0.01004579
-0.01130488
-0.01294438
-0.01482158
-0.01677953
-0.01875445
-0.02064552
-0.02295613
-0.0257563
-0.02872386
-0.03163495
-0.03449818
-0.03695751
-0.0389727
-0.04032504
-0.04120095
-0.04197421
-0.04259458
-0.04311983
-0.04342892
-0.04378934
-0.04425492
-0.04490148
-0.04517762
-0.04432854
-0.04270608
-0.04057756
-0.03823571
-0.0359061
-0.03432709
-0.03289709
-0.03193211
-0.0322017
-0.03247998
-0.03202847
-0.03107192
-0.03030015
-0.02954437
-0.02833779
-0.02684701
-0.02582263
-0.02461103
-0.02340254
-0.02294876
-0.02283432
-0.02277358
-0.0234482
-0.02504437
-0.02604547
-0.02607337
-0.02580387
-0.0250868
-0.0233128
-0.02000376
-0.01595851
-0.01153094
-0.006619076
-0.001335322
0.004038054
0.009351487
0.01441274
0.01916399
0.0241997
0.02956347
0.03453788
0.03847077
0.04149789
0.0436654
0.04548825
0.04641996
0.04649462
0.04634026
0.04591689
0.04451207
0.04273071
0.04064904
0.03732381
0.03317677
0.02880763
0.02475179
0.02039932
0.01612761
0.01163595
0.007799764
0.004903755
0.002858433
0.0003120505
-0.003161113
-0.007002323
-0.01126303
-0.01573042
-0.02061109
-0.02538565
-0.02832999
-0.02895366
-0.02860764
-0.02776541
-0.02574255
-0.02281027
-0.01976645
-0.01738973
-0.01553151
-0.014202
-0.01300218
-0.01184272
-0.01108732
-0.01018128
-0.009011345
-0.008365611
-0.008351014
-0.008489778
-0.008529208
-0.009188741
-0.01102591
-0.01374173
-0.01652712
-0.01884606
-0.02106288
-0.02336853
-0.02547128
-0.02739986
-0.02908204
-0.03022505
-0.03039007
-0.02915366
-0.0273869
-0.02532642
-0.02284174
-0.02049348
-0.01849669
-0.01712244
-0.01658245
-0.01685939
-0.01717315
-0.01778245
-0.01917596
-0.0210378
-0.02260895
-0.02307556
-0.02290848
-0.02262311
-0.02151393
-0.0196253
-0.01754099
-0.01541435
-0.01299999
-0.01121479
-0.009544111
-0.007271522
-0.005415582
-0.003877239
-0.002177245
-0.000373244
0.0006177391
0.0007902701
0.0004202585
0.0001879912
0.0002390758
-0.0002397107
-0.001668122
-0.002646407
-0.002708209
-0.0024772
-0.002433158
-0.002352856
-0.002133407
-0.002276158
-0.002519354
-0.0030566
-0.004211039
-0.00526555
-0.005730553
-0.006765415
-0.00804224
-0.009169954
-0.01047301
-0.01123371
-0.01114819
-0.009867185
-0.008328221
-0.006772706
-0.005595854
-0.004655044
-0.002711166
0.0002205791
0.003367123
0.006573543
0.009712501
0.01273742
0.01560095
0.01750444
0.01794913
0.01773847
0.01734266
0.01587335
0.01328727
0.009676216
0.005857264
0.003170632
0.001052171
-0.001226594
-0.00342917
-0.005047666
-0.005669392
-0.006670634
-0.00806564
-0.009449177
-0.01063183
-0.01116833
-0.01131035
-0.01147052
-0.01226803
-0.01355558
-0.01369587
-0.01314125
-0.01228466
-0.01143716
-0.01110992
-0.01069397
-0.009691024
-0.008825437
-0.008359604
-0.008279484
-0.008318039
-0.008317131
-0.008277708
-0.007913875
-0.006867464
-0.005606366
-0.004953172
-0.00392601
-0.00270604
-0.002188761
-0.00170311
-0.0002130307
0.001974712
0.0040604
0.005732912
0.007348228
0.009445848
0.01144154
0.01224007
0.01213022
0.01195083
0.01199343
0.01184379
0.01055412
0.008175431
0.005369718
0.003326235
0.001781992
0.0007615096
0.0004671693
0.0009582011
0.002696079
0.004991576
0.007060127
0.008674835
0.01001129
0.01142877
0.01211188
0.01112163
0.009486481
0.008175329
0.006934458
0.006272767
0.006043222
0.005719972
0.004721128
0.003662714
0.003330666
0.003473596
0.003806614
0.004949168
0.006132789
0.006709343
0.007100261
0.007124683
0.006701631
0.006317299
0.006248885
0.006101343
0.00517238
0.005096104
0.005955488
0.006505737
0.006454266
0.005883716
0.004422153
0.002384371
9.278097e-05
-0.00216522
-0.004670136
-0.007112611
-0.008230928
-0.008567304
-0.009291096
-0.009679699
-0.009113182
-0.008183372
-0.007151662
-0.005779638
-0.004213856
-0.002721371
-0.002106742
-0.002172579
-0.002102551
-0.001904401
-0.002127531
-0.003459901
-0.005438811
-0.007375634
-0.008698379
-0.01010543
-0.01094851
-0.01105007
-0.01089792
-0.01076231
-0.009687844
-0.008304113
-0.007785368
-0.00804126
-0.009333123
-0.01131256
-0.01434934
-0.01710978
-0.01908229
-0.02028777
-0.02090181
-0.02097511
-0.02032528
-0.01959129
-0.01922266
-0.01802247
-0.01581663
-0.01386912
-0.01244348
-0.01090673
-0.009055767
-0.007548263
-0.005992505
-0.004134604
-0.002527921
-0.001603806
-0.0003790453
0.0006298938
0.0008924258
0.0007489197
0.0006647654
0.0007870033
0.001508423
0.002791243
0.003670549
0.0044126
0.005738552
0.006927355
0.007820051
0.008711869
0.009373613
0.009931369
0.01121679
0.01230999
0.01254983
0.01236137
0.01187407
0.01056731
0.009495793
0.009264469
0.009403707
0.009225371
0.00784134
0.006308436
0.004736854
0.003360372
0.002033344
0.000996267
0.0003782988
-1.365508e-05
-5.549004e-05
0.0004533247
0.0008399354
0.0008639373
0.0007673363
0.0008582908
0.001182593
0.00085955
-0.0007317256
-0.002588402
-0.004250932
-0.005148166
-0.005818232
-0.006303773
-0.006405729
-0.005943651
-0.005028557
-0.003620141
-0.002284271
-0.001423886
-0.0003825993
0.001176887
0.003157511
0.005210247
0.007418054
0.009837785
0.01212892
0.01415463
0.01556531
0.01658598
0.01799586
0.01898383
0.01918295
0.01908815
0.01913287
0.01930192
0.01958557
0.02035655
0.02144987
0.02240362
0.02273527
0.0226977
0.02267917
0.02244796
0.02138916
0.02022813
0.01974592
0.01982931
0.01993386
0.01989307
0.01980313
0.01973827
0.01934097
0.01817263
0.01558256
0.01263671
0.009844368
0.007002145
0.004412631
0.002249994
0.0009908728
0.0007466246
0.000886548
0.0009321838
0.000871472
0.0009148267
0.001857997
0.003303577
0.003947809
0.003850062
0.003611555
0.002975119
0.001728697
-5.419981e-05
-0.00168281
-0.003079719
-0.004316423
-0.005567075
-0.006989853
-0.007660265
-0.007607603
-0.007402311
-0.007248336
-0.006266827
-0.004389273
-0.002160437
0.000198664
0.002622843
0.005231256
0.007782867
0.0101945
0.01220026
0.01308681
0.01308565
0.0129332
0.0129381
0.0129739
0.01314989
0.01429644
0.01565645
0.0161429
0.01640797
0.01712958
0.0180615
0.01769492
0.01748702
0.01821698
0.01884352
0.01889611
0.01871048
0.01866549
0.01871172
0.01803741
0.01655712
0.01544471
0.01440481
0.01356014
0.01295685
0.01180543
0.01041349
0.009795514
0.008893627
0.007545669
0.006195869
0.004830138
0.004099722
0.003078949
0.00175344
0.001140332
0.001209786
0.001366237
0.001332583
0.001410228
0.001608632
0.00148763
0.001558899
0.001749387
0.002351853
0.00330434
0.0045285
0.006245849
0.008277194
0.01023476
0.0120826
0.0137194
0.01515459
0.01634253
0.01756761
0.01839287
0.01856367
0.01845066
0.01788802
0.016353
0.01375932
0.01049666
0.007908323
0.006350355
0.004802343
0.002834172
0.001243423
-0.0002025829
-0.001374894
-0.001769016
-0.001675544
-0.001574996
-0.001269979
1.254338e-05
0.001253003
0.001576693
0.0008115082
-0.001118196
-0.003449879
-0.006174706
-0.009037981
-0.01164362
-0.01366097
-0.01505887
-0.01571106
-0.01577882
-0.01565909
-0.01560692
-0.01562886
-0.01556742
-0.014848
-0.01344573
-0.01160363
-0.009415873
-0.007032867
-0.004928845
-0.003310258
-0.001773169
-0.000597589
0.0008085769
0.001805143
0.002018627
0.001877619
0.001743877
0.001183789
0.0003098761
-4.266147e-05
9.035377e-05
0.000834182
0.001713762
0.002024684
0.002326344
0.003609068
0.004765246
0.005008058
0.004789525
0.004383543
0.003402583
0.002242205
0.001752591
0.001832284
0.001954144
0.001317802
-0.0002159157
-0.001304439
-0.002547537
-0.003748679
-0.005055197
-0.006376387
-0.006935953
-0.006895535
-0.006797426
-0.006839835
-0.006832894
-0.006384831
-0.005187083
-0.00415593
-0.003479146
-0.002576565
-0.002497499
-0.003623416
-0.005216846
-0.006983892
-0.008935406
-0.01016589
-0.01038498
-0.01024677
-0.01020723
-0.0095353
-0.007975291
-0.006122315
-0.004306955
-0.002385243
2.814264e-05
0.003189699
0.006608454
0.009676657
0.01281493
0.01545818
0.01751931
0.01847147
0.01853236
0.01867748
0.02008794
0.02137853
0.02207919
0.02257663
0.02282272
0.02283597
0.02197214
0.02001049
0.01803242
0.0165065
0.01513894
0.0136562
0.01227012
0.01123895
0.01043811
0.009693599
0.008930618
0.008136225
0.007333227
0.006525565
0.00580633
0.005526385
0.005582874
0.00550484
0.004743586
0.003225549
0.00136491
-0.0008816194
-0.003353143
-0.005253041
-0.006753793
-0.007444766
-0.006890718
-0.00534488
-0.003808039
-0.002363008
-0.001048848
0.001028952
0.003313056
0.004899882
0.006243938
0.007578671
0.009134697
0.01015355
0.0113429
0.0128204
0.01465924
0.01577394
0.01589771
0.01574387
0.01574993
0.01554343
0.01420002
0.01270222
0.01106144
0.009228784
0.00739612
0.005242235
0.002827854
0.000535373
-0.001830238
-0.004141732
-0.00700265
-0.009344767
-0.01086066
-0.01202848
-0.01250884
-0.01335433
-0.01504711
-0.01718829
-0.01924418
-0.02162981
-0.02384871
-0.02581702
-0.02711473
-0.02859074
-0.02963217
-0.02982946
-0.02937993
-0.02926617
-0.02959543
-0.02969242
-0.02895972
-0.02787742
-0.02706026
-0.0264054
-0.02530081
-0.02395563
-0.02220116
-0.02023281
-0.01832359
-0.01627008
-0.01405337
-0.01199835
-0.01025374
-0.009488793
-0.009640594
-0.01083873
-0.0121402
-0.01253897
-0.01210667
-0.01063168
-0.008890275
-0.006699968
-0.003949045
-0.001252789
0.001333027
0.004107689
0.006983569
0.009582628
0.01209409
0.01379754
0.01421607
0.01403182
0.01382003
0.01284816
0.01073346
0.007866434
0.004888078
0.002310015
0.0003555475
-0.0006002771
-0.0009046764
-0.0006762435
-0.000447034
-0.0004118154
0.0002952629
0.001783245
0.002711417
0.003453798
0.004546408
0.005329811
0.005458818
0.005315392
0.005374449
0.005953819
0.005959788
0.004993968
0.003307893
0.001823354
0.0003785972
-0.0005756618
-0.001725735
-0.003000845
-0.003916811
-0.004956763
-0.005997772
-0.007189899
-0.009364734
-0.0115273
-0.01277909
-0.01410042
-0.01599829
-0.01835122
-0.02079607
-0.02283417
-0.02445861
-0.02594206
-0.0266042
-0.02657176
-0.02597888
-0.0245904
-0.02357027
-0.02303754
-0.02186649
-0.02071201
-0.02007046
-0.01987881
-0.01906852
-0.01800707
-0.01760577
-0.0177347
-0.01786619
-0.01783352
-0.01777135
-0.01784583
-0.01817979
-0.01810774
-0.01783062
-0.01708302
-0.01555052
-0.01375827
-0.01207447
-0.01086651
-0.009660579
-0.008128379
-0.006511538
-0.00473787
-0.003500126
-0.002901737
-0.001980133
-0.0008494564
-9.037796e-05
0.0003821838
0.001392168
0.0024054
0.003595128
0.004818158
0.004845472
0.00475335
0.005936678
0.007705251
0.00872383
0.009552019
0.01058618
0.01118161
0.01120857
0.01102964
0.01041448
0.009200208
0.008248767
0.007965395
0.007029836
0.005728113
0.004668776
0.003331589
0.002539531
0.002475874
0.002633017
0.002660735
0.002598563
0.002572191
0.002544535
0.001964052
0.0006970528
-0.0002608638
-0.0004841701
-0.001126173
-0.002475188
-0.003586076
-0.004910773
-0.006463253
-0.008338721
-0.01036838
-0.01208678
-0.01371018
-0.01483361
-0.01616874
-0.01748458
-0.01798394
-0.01787817
-0.01774663
-0.01777836
-0.01784207
-0.01784468
-0.01781964
-0.01799515
-0.01865903
-0.01996434
-0.02086511
-0.02097113
-0.02079269
-0.02072913
-0.02073459
-0.02003653
-0.01855651
-0.01767797
-0.01764967
-0.01716541
-0.01550474
-0.01293862
-0.009983745
-0.007128037
-0.004084447
-0.001017437
0.001929837
0.004451754
0.006491879
0.007932777
0.009132544
0.01048097
0.01117866
0.01117924
0.01102456
0.01096591
0.01019525
0.00876606
0.007996258
0.008040545
0.008022744
0.0077897
0.007593161
0.007519267
0.006527845
0.005405856
0.005061681
0.00522949
0.004880993
0.003881284
0.002991085
0.002505331
0.002431322
0.002483873
0.002460496
0.001837529
0.0005843045
-0.0003380192
-0.0008004694
-0.001948733
-0.003065842
-0.003358867
-0.003172492
-0.003062378
-0.003120701
-0.003180503
-0.003171491
-0.003145294
-0.003143196
-0.003268868
-0.004468001
-0.005896868
-0.00639076
-0.006211552
-0.00605713
-0.006111914
-0.006044431
-0.004851912
-0.003508902
-0.002476902
-0.001180011
-0.0004072955
-0.0003614984
-0.0005665897
-0.0006284921
-0.0005699701
-0.000539379
-0.0008677442
-0.001942724
-0.003162119
-0.004013536
-0.005269815
-0.006359708
-0.007295443
-0.008442884
-0.009241369
-0.009391011
-0.009265671
-0.009295292
-0.01024541
-0.01165583
-0.01227915
-0.0121681
-0.01192412
-0.01152123
-0.01079163
-0.01016026
-0.00955612
-0.009652875
-0.0109802
-0.01163578
-0.01045251
-0.009211689
-0.009009986
-0.009304818
-0.00941324
-0.009312101
-0.009243565
-0.009269383
-0.009304969
-0.009289409
-0.008510498
-0.007006568
-0.005979206
-0.004702437
-0.002865364
-0.0005400542
0.002056805
0.00458366
0.007118201
0.0101602
0.01345412
0.01624857
0.01868932
0.02114315
0.02331349
0.02520021
0.02708914
0.02838382
0.02936858
0.03051425
0.03130427
0.03220415
0.03357793
0.03434119
0.0343364
0.0341524
0.03413879
0.03421323
0.03401057
0.03266705
0.03137379
0.03104416
0.03036567
0.02893228
0.02783087
0.02645392
0.02487263
0.02290752
0.02067394
0.01885917
0.01728114
0.0156519
0.01380518
0.0117333
0.009696815
0.007920275
0.006191758
0.004027934
0.002113837
0.0007326357
-0.0001013569
-0.0008274889
-0.001490414
-0.001908435
-0.001758474
-0.001560328
-0.001534556
-0.0009264729
0.0004541848
0.001333863
0.002033129
0.00322492
0.00402703
0.004110939
0.003942188
0.003934095
0.004060983
0.00398325
0.003576778
0.003070388
0.002885931
0.002214343
0.001540295
0.001334833
0.0004717637
-0.0009142792
-0.002088923
-0.003250757
-0.004617862
-0.006044874
-0.006882017
-0.006970478
-0.006456369
-0.005347215
-0.004201769
-0.003034348
-0.001716711
-0.0008071116
-0.0003632439
0.0007816481
0.002732464
0.004236698
0.004501333
0.004126697
0.002856993
0.001495667
0.001022236
0.001127148
0.001224908
0.001226484
0.002033402
0.003417275
0.004092107
0.004054032
0.004781546
0.006216087
0.006953432
0.006866051
0.006652237
0.006659512
0.006750502
0.006687576
0.005709007
0.004266601
0.003626732
0.003738
0.003915631
0.003812261
0.003421249
0.003486103
0.00373817
0.003960451
0.005122047
0.006428947
0.006848434
0.006667136
0.006527401
0.006505091
0.005651259
0.00413584
0.002727627
0.001523477
0.0008560995
0.0007504122
0.0009057168
0.001597215
0.002847313
0.003308737
0.002213529
0.002217024
0.003320752
0.003963298
0.00385558
0.003628694
0.003629345
0.003722487
0.003744031
0.003710211
0.00369212
0.003700671
0.003702309
0.003214422
0.001803262
0.0007444972
0.00012374
-0.001066941
-0.002059859
-0.002154968
-0.0009332261
0.000533445
0.001026284
0.0008478593
0.001202462
0.00267495
0.003786466
0.003902954
0.003653045
0.00358446
0.00319266
0.001833794
0.0007552239
0.000591977
0.0008115004
0.0008893797
0.001203963
0.001931294
0.002362573
0.001964809
0.001074896
0.0006450835
0.0007164346
0.0008413406
0.0008258983
0.0007683566
0.0007600765
0.0007811303
0.0007891044
0.0007817422
0.0007759015
0.0007915049
0.001558564
0.003059458
0.003865943
0.003813066
0.003599771
0.003599202
0.003689106
0.003710184
0.003452327
0.002366521
0.001917343
0.001392508
-1.822689e-05
-0.001721347
-0.002394126
-0.002812994
-0.004070839
-0.005080095
-0.005390178
-0.006151825
-0.007136017
-0.00780117
-0.007919692
-0.007821778
-0.007651901
-0.007277029
-0.00658307
-0.00549282
-0.004800822
-0.004571263
-0.003572304
-0.002119895
-0.0004587554
0.0007864681
0.001559464
0.002627378
0.00365668
0.004037234
0.004645293
0.005992271
0.006902913
0.007669727
0.008911327
0.009961656
0.01127349
0.01237608
0.01309609
0.01416699
0.01462431
0.01496831
0.01527266
0.01537984
0.01530952
0.01523729
0.01523527
0.01522598
0.01453826
0.0133593
0.01248747
0.01247313
0.01376761
0.01505106
0.01462579
0.0129545
0.01175137
0.01055527
0.009264025
0.00762424
0.006206623
0.004750716
0.003744766
0.002998
0.001637994
0.0006855303
0.0005675518
0.000559272
-7.619601e-05
-0.001442273
-0.002285699
-0.002308202
-0.002411049
-0.003692937
-0.005089052
-0.0065365
-0.007696407
-0.008346103
-0.00928197
-0.01044084
-0.01099895
-0.01095595
-0.01081851
-0.01082621
-0.01088742
-0.01089939
-0.01087747
-0.01079701
-0.01044601
-0.01023892
-0.010482
-0.009900728
-0.008524109
-0.007465827
-0.006475358
-0.005465325
-0.004665384
-0.004082988
-0.003263359
-0.002380166
-0.00205056
-0.002131938
-0.001591437
-6.320901e-05
0.0008992377
0.0009406313
0.0006999589
0.0006440054
0.001123381
0.002532633
0.003631129
0.003805284
0.003746873
0.004911931
0.00634197
0.006791399
0.006567318
0.006397711
0.006437349
0.006494079
0.005995048
0.004837208
0.003904835
0.003568008
0.003608468
0.003661031
0.00363184
0.0035988
0.003602345
0.003616718
0.003618549
0.003612729
0.003610141
0.003611516
0.003612547
0.003604233
0.003323985
0.00301041
0.002196007
0.001195937
0.000655587
0.0006392788
0.0005208637
-0.000793098
-0.002342498
-0.003984391
-0.005041619
-0.005995302
-0.007356817
-0.008121524
-0.008127916
-0.007830979
-0.006782787
-0.005463189
-0.004919373
-0.005027397
-0.005176563
-0.004990879
-0.003781784
-0.002422396
-0.001823639
-0.0008617827
0.0003553221
0.0008817963
0.0007846503
0.0006313535
0.0006504767
0.0007186976
0.000726756
0.0007002577
0.0006900462
0.0003993588
-0.000997219
-0.002200998
-0.002423705
-0.002190319
-0.002099647
-0.002194946
-0.002584404
-0.003507387
-0.004719566
-0.005256073
-0.005344248
-0.006360406
-0.007724698
-0.008255395
-0.00869687
-0.009981022
-0.01096896
-0.01111171
-0.01118432
-0.01116486
-0.01100215
-0.01087551
-0.01022787
-0.008801285
-0.007893063
-0.007851031
-0.008059949
-0.007681595
-0.006153982
-0.004954912
-0.003825585
-0.002624291
-0.002022119
-0.001056091
0.0002664526
0.0009362387
0.001862841
0.003147579
0.00376423
0.00369649
0.003557365
0.00405348
0.00482797
0.005329394
0.005763209
0.005821527
0.005875445
0.006199582
0.006433648
0.006444622
0.005988963
0.00458225
0.003505139
0.002655685
0.001423915
0.0002278965
-0.001294956
-0.00247994
-0.003822693
-0.004957279
-0.006006927
-0.007335993
-0.008500046
-0.009981508
-0.01093005
-0.01105497
-0.0108863
-0.01084342
-0.01090886
-0.01053412
-0.00907072
-0.007945497
-0.007804597
-0.00804596
-0.007944893
-0.007646251
-0.00776501
-0.008011754
-0.008490399
-0.009875995
-0.01100646
-0.01217893
-0.01382712
-0.01580528
-0.01690881
-0.01793037
-0.01913346
-0.01970148
-0.01965394
-0.01907947
-0.01761686
-0.01656604
-0.01643831
-0.01648288
-0.01592031
-0.01459369
-0.01417778
-0.01500448
-0.01591395
-0.01642247
-0.01658323
-0.01659889
-0.01683031
-0.01776718
-0.019027
-0.01964214
-0.01955056
-0.01878912
-0.01753652
-0.0166017
-0.01563516
-0.01427683
-0.01272104
-0.01095278
-0.009006485
-0.007039191
-0.005395102
-0.004013148
-0.002562577
-0.0007402745
0.001473563
0.003305178
0.003945275
0.00434703
0.005702617
0.006766834
0.00700305
0.007913905
0.009302912
0.009922989
0.009798876
0.00960869
0.009631974
0.009716905
0.00973113
0.009673085
0.008941234
0.008379474
0.008380935
0.008986865
0.009625802
0.009800307
0.009703994
0.009601704
0.008872091
0.007771237
0.006961526
0.006682037
0.005916729
0.004514067
0.003756966
0.003819473
0.003508968
0.002005644
0.0009025104
0.0008177938
0.0004690396
-0.0009510279
-0.00194837
-0.001976921
-0.001835638
-0.002738747
-0.003945666
-0.004280861
-0.004066184
-0.003952638
-0.003966584
-0.004240926
-0.004464893
-0.004477886
-0.00440685
-0.004768133
-0.006152384
-0.007304476
-0.007491825
-0.007239714
-0.007122409
-0.007182405
-0.007592728
-0.008592257
-0.008629999
-0.008271621
-0.009099054
-0.0100241
-0.01021889
-0.009859748
-0.008524482
-0.007217425
-0.006777449
-0.00601296
-0.004686366
-0.003709689
-0.003213462
-0.002255981
-0.001339705
-0.001073788
-0.001219189
-0.001615455
-0.002624701
-0.00377743
-0.004241026
-0.004173354
-0.004087273
-0.004136
-0.004209279
-0.004234651
-0.004242397
-0.004270917
-0.00429628
-0.004222459
-0.003522707
-0.002235541
-0.001285063
-0.0002584581
0.001007855
0.001877483
0.002617411
0.003758994
0.004497725
0.00497135
0.006201345
0.007319371
0.007682288
0.008215872
0.009412157
0.0103549
0.01055219
0.01047989
0.01127485
0.01248223
0.01328855
0.01346146
0.01338707
0.01337249
0.01341923
0.01343773
0.01319008
0.01304662
0.01326686
0.01348634
0.01349323
0.01343419
0.01342253
0.01343178
0.01351341
0.01446771
0.01590485
0.01656911
0.01686948
0.01773186
0.01805316
0.01725101
0.01635115
0.01613988
0.01568286
0.01426459
0.01321715
0.01223976
0.01104748
0.01042597
0.01035288
0.009803618
0.008538407
0.007600584
0.00745197
0.007601747
0.007552919
0.006337
0.004081783
0.002157351
0.001601222
0.001297476
-5.101011e-05
-0.001211605
-0.00220662
-0.003391061
-0.004042929
-0.004069997
-0.003932125
-0.003398141
-0.001967094
-0.000974679
-0.0008871653
-0.001106525
-0.001152972
-0.001063145
-0.0009974364
-0.0009929768
-0.001408815
-0.002747979
-0.003833239
-0.004017905
-0.003827696
-0.003771886
-0.003873045
-0.003969564
-0.003973819
-0.003313057
-0.001802822
-0.0009220661
-0.0008231464
0.0001551674
0.00149457
0.002633617
0.003966627
0.004708121
0.004679774
0.004092889
0.002936291
0.001934393
0.001675941
0.001817516
0.001910437
0.001893742
0.001902343
0.002017532
0.002962525
0.004308508
0.004692303
0.004689332
0.004775861
0.004918166
0.00495676
0.00491612
0.004878573
0.004888723
0.004903593
0.004881821
0.004857306
0.004853155
0.004833705
0.004785023
0.004755625
0.004756425
0.004764829
0.004765627
0.004736672
0.004676656
0.004612203
0.004597515
0.004598615
0.004095626
0.002667939
0.001605517
0.00109858
0.0002159975
-0.000860122
-0.001299986
-0.001198114
-0.001065072
-0.001079917
-0.0006433813
0.0007267255
0.001775531
0.002420222
0.00363812
0.004638083
0.00485225
0.004678812
0.004598853
0.004649043
0.004669064
0.004618466
0.004571572
0.004568641
0.004582781
0.004586001
0.004252066
0.002795864
0.001571922
0.001357378
0.001410771
0.0003087635
-0.001166277
-0.001737811
-0.001592776
-0.00150362
-0.001643256
-0.001768225
-0.001648492
-0.0005056158
0.0006723401
-5.034637e-05
-0.00161465
-0.002285034
-0.002270801
-0.003244799
-0.004688388
-0.005268246
-0.005097579
-0.004927268
-0.00499206
-0.005097743
-0.005125019
-0.005102766
-0.005082985
-0.005085477
-0.005687746
-0.007150617
-0.008112748
-0.008184524
-0.008840808
-0.0102824
-0.01103777
-0.01094505
-0.01071663
-0.01071953
-0.01081364
-0.01081299
-0.01075427
-0.01074063
-0.01074891
-0.01019217
-0.008753047
-0.007786878
-0.007422896
-0.006238695
-0.00507451
-0.004768876
-0.004996063
-0.005163529
-0.00512599
-0.00505904
-0.00506161
-0.005089992
-0.005107303
-0.005125116
-0.005157135
-0.005152561
-0.004471088
-0.003066425
-0.002238829
-0.002252871
-0.002502496
-0.002554122
-0.00224918
-0.001028934
0.0001685591
0.000867256
0.0020962
0.003115123
0.004275264
0.005489037
0.006039765
0.006955359
0.008233825
0.008820661
0.008732732
0.008552188
0.008517878
0.008553851
0.008560983
0.008542163
0.008533595
0.008539799
0.008545739
0.008545581
0.00854397
0.008544504
0.008499794
0.008204897
0.008241581
0.008489207
0.008608851
0.008574471
0.008547789
0.008587492
0.008591877
0.008562667
0.008545424
0.008549807
0.008575036
0.008405575
0.007951298
0.007317757
0.006446
0.005931403
0.005870708
0.005712805
0.005501856
0.005418112
0.005346682
0.004208618
0.002647901
0.001181333
7.467315e-05
-0.0004713555
-0.0005281425
-0.0004332083
-0.0004278933
-0.001118823
-0.002655997
-0.003944188
-0.005267136
-0.006159277
-0.006985902
-0.008369899
-0.009188201
-0.009193467
-0.009620858
-0.0111006
-0.01209276
-0.01212433
-0.01187131
-0.01183147
-0.01192888
-0.01196778
-0.01193615
-0.01191135
-0.01191726
-0.01192811
-0.01192752
-0.01192208
-0.01192253
-0.0115635
-0.010237
-0.009125512
-0.008918312
-0.008741767
-0.007467986
-0.005647009
-0.003916856
-0.003248958
-0.002714356
-0.001352257
-0.000489607
-0.0008250159
-0.001680748
-0.002775262
-0.003320279
-0.002173557
-0.0007035514
-0.0002917108
-0.0004457833
0.0001122337
0.001499484
0.002473765
0.002567318
0.002360139
0.00231875
0.002402131
0.002440544
0.002337924
0.001676947
0.0006762169
-0.0002478652
-0.0005822238
-0.0005161754
-0.0004406056
-0.0004606111
0.0001377329
0.00164502
0.00257447
0.002582272
0.002353957
0.002641273
0.003791393
0.005042987
0.005486299
0.005439913
0.006265942
0.007736636
0.008469993
0.008416323
0.008195374
0.007668276
0.007024939
0.006252535
0.005630079
0.005494939
0.005339138
0.004138343
0.002920511
0.002606605
0.002512539
0.001378109
0.0002001339
-9.264285e-05
0.0001624955
0.0004024791
0.0006625457
0.0005547521
0.0003466831
0.0003087801
0.0004050608
0.0004641902
0.0004574384
0.0004786433
0.0005271027
0.0005512392
0.0005468891
0.0005444866
0.0005663389
0.0005705467
0.0004401179
-0.0007953688
-0.002154667
-0.002539616
-0.002334522
-0.002227575
-0.002315865
-0.002389892
-0.002373922
-0.002334186
-0.002296121
-0.002288893
-0.002316126
-0.002337622
-0.002316994
-0.002281018
-0.002653674
-0.003795762
-0.004943604
-0.005299957
-0.00514207
-0.005018784
-0.005045687
-0.005843264
-0.00721256
-0.00695717
-0.006254977
-0.006968472
-0.007908749
-0.008093253
-0.007848622
-0.00773444
-0.007814788
-0.007913787
-0.007905055
-0.007891277
-0.007914633
-0.007949921
-0.008270928
-0.008774336
-0.009288942
-0.009485919
-0.009304245
-0.008579119
-0.008021544
-0.007977248
-0.008113432
-0.008164128
-0.008129532
-0.008094646
-0.008069835
-0.008089175
-0.00803578
-0.007175378
-0.005904929
-0.005077056
-0.004614034
-0.003731371
-0.002536067
-0.001996218
-0.00197351
-0.001201891
9.765981e-05
0.0009300041
0.001008175
0.0008622106
0.0008878913
0.0009948099
0.001028298
0.001517001
0.002984492
0.004004181
0.004083329
0.003850823
0.003851711
0.004737739
0.006177517
0.00688061
0.006805936
0.007139878
0.008641316
0.009736168
0.009819462
0.009556778
0.009501418
0.00960196
0.009649501
0.009603364
0.009550758
0.009619033
0.01031955
0.01159805
0.01245147
0.01254322
0.01237785
0.01234514
0.01241283
0.01244351
0.01242336
0.0123894
0.01236269
0.01233479
0.01231306
0.0122853
0.01225146
0.01222382
0.01221655
0.01221525
0.01217551
0.01212825
0.01203822
0.01173779
0.01180097
0.01193469
0.01115405
0.009965536
0.009191087
0.0090528
0.009072851
0.008150775
0.006660139
0.005974831
0.005914343
0.004848668
0.003484518
0.003027147
0.003213655
0.003372814
0.003317579
0.003241644
0.003251862
0.003260039
0.003261333
0.003270532
0.003261623
0.003381702
0.004446874
0.005365846
0.004765613
0.003688112
0.003170834
0.00324881
0.003398749
0.003384976
0.003319866
0.003187687
0.00226416
0.001155487
0.0004692719
0.0003365274
0.0006713104
0.001276794
0.002452777
0.003322939
0.003434795
0.003254562
0.003190683
0.003717592
0.005112862
0.006105247
0.006212367
0.006348662
0.006638918
0.006350033
0.005925567
0.0057708
0.00582827
0.005853092
0.005784074
0.005722735
0.005571127
0.004883476
0.004098761
0.00328546
0.002769931
0.002636421
0.002662019
0.00267206
0.002534754
0.001733711
0.0004435032
-0.0003279194
-0.0003850961
-0.000248526
-0.000221901
-0.0002685316
-0.0003342306
-0.0008610245
-0.002226488
-0.003255643
-0.003397274
-0.003170116
-0.003075125
-0.00313438
-0.003148627
-0.003079748
-0.003031566
-0.003036008
-0.003051791
-0.003032414
-0.003011936
-0.002978298
-0.002950078
-0.002942573
-0.002946093
-0.002947211
-0.003069309
-0.003741623
-0.004483201
-0.00512421
-0.005028279
-0.004620393
-0.003897182
-0.003193867
-0.002832128
-0.00280799
-0.002865606
-0.002866954
-0.00284008
-0.002832045
-0.002810566
-0.002764116
-0.002736268
-0.003004951
-0.004064349
-0.003839744
-0.002856268
-0.002375634
-0.002469141
-0.002605821
-0.002523106
-0.002363167
-0.002305152
-0.002370793
-0.003368938
-0.004750869
-0.005002215
-0.004773617
-0.004834118
-0.006003975
-0.007522701
-0.008050474
-0.007822744
-0.007617502
-0.007657305
-0.007737685
-0.007728
-0.007674857
-0.007641404
-0.007632317
-0.007331851
-0.007044996
-0.007273005
-0.007639929
-0.007753352
-0.007682083
-0.007658025
-0.00767696
-0.007686012
-0.007690729
-0.008192544
-0.009112636
-0.009639679
-0.009428507
-0.009403279
-0.009201805
-0.008623205
-0.008125915
-0.00821561
-0.008784309
-0.009386777
-0.01010948
-0.0105794
-0.01112314
-0.01172166
-0.01150719
-0.01076649
-0.01040309
-0.01048005
-0.01059957
-0.01061596
-0.01108285
-0.0123011
-0.01336433
-0.01361545
-0.01344901
-0.01336847
-0.01342907
-0.0134777
-0.01346456
-0.01344134
-0.01344117
-0.01345092
-0.01342251
-0.01292717
-0.01245676
-0.01183115
-0.01115134
-0.01063757
-0.01049402
-0.01054633
-0.01035205
-0.009110986
-0.007805401
-0.007428444
-0.007426557
-0.006644235
-0.005299567
-0.004589881
-0.004637999
-0.004821338
-0.004817568
-0.004738106
-0.004720821
-0.004749901
-0.004764733
-0.004756986
-0.004749259
-0.004750803
-0.004586638
-0.003970789
-0.002693564
-0.00180766
-0.001707788
-0.001689382
-0.0008228609
0.0005275304
0.001203101
0.001312319
0.001546033
0.002297342
0.003402961
0.003702148
0.003487941
0.00291056
0.002539912
0.0029771
0.003556704
0.003148293
0.00265862
0.002717739
0.003197171
0.003797661
0.00402163
0.003961193
0.003899645
0.004087118
0.004552205
0.005568642
0.006570457
0.006883548
0.006761331
0.006669016
0.006708887
0.006756441
0.006553504
0.00583441
0.00529648
0.005234441
0.005546636
0.006272705
0.006762493
0.006808772
0.006710363
0.006723216
0.006791794
0.006829291
0.007026002
0.007895907
0.008866078
0.009506359
0.009729151
0.009736511
0.009568238
0.008955762
0.008964324
0.00963514
0.01004885
0.01001094
0.009914668
0.009959499
0.01003298
0.01001513
0.009504953
0.008333161
0.007367703
0.007163308
0.00733414
0.007449374
0.007428284
0.007404718
0.007461933
0.007523752
0.007259712
0.006771225
0.006272795
0.005629947
0.004974527
0.004722291
0.004786774
0.004915594
0.004987657
0.004998609
0.004993479
0.004995025
0.005012605
0.005090839
0.00544906
0.005980812
0.006481203
0.006651814
0.006785568
0.006799666
0.006262434
0.00553282
0.005142928
0.005162553
0.005277702
0.00530908
0.005294433
0.005310599
0.005357775
0.005312802
0.004251855
0.002982322
0.003331983
0.004786617
0.005605948
0.005521046
0.005282251
0.005287468
0.005389509
0.005411007
0.00537271
0.005156171
0.004665469
0.004808311
0.004570302
0.003297523
0.002352422
0.002273458
0.002498945
0.002549152
0.002462946
0.00239126
0.002123439
0.002140677
0.002378751
0.00250528
0.002477583
0.002433467
0.002467758
0.002513104
0.002515062
0.002518933
0.00253556
0.002545708
0.002543883
0.002539033
0.002573278
0.002892422
0.003163601
0.003103234
0.002913426
0.002631103
0.002499387
0.002512378
0.002543335
0.002538319
0.002522275
0.002519001
0.002523341
0.002524251
0.002474876
0.002194191
0.002280673
0.002579634
0.002700365
0.001902099
0.0007052724
-7.827336e-05
-0.0002338066
-0.000124626
-6.633751e-05
-9.041466e-05
0.0002048451
0.001518356
0.001971801
0.0008536392
-8.056811e-05
-0.0001026547
0.0002133225
0.0003006668
0.0002197869
1.1703e-05
-0.0003947011
-0.001434326
-0.00240933
-0.002720145
-0.003171152
-0.004314679
-0.005337267
-0.006376069
-0.007653366
-0.008327993
-0.008385338
-0.008578455
-0.009069775
-0.009567855
-0.009715923
-0.00965068
-0.009843041
-0.01030703
-0.0108481
-0.01109349
-0.01122554
-0.01238346
-0.01369272
-0.01409164
-0.01389365
-0.01375576
-0.01381809
-0.0138872
-0.01385551
-0.01378818
-0.01375616
-0.01370653
-0.01313181
-0.01238571
-0.01153728
-0.01093633
-0.01080161
-0.01087889
-0.01084414
-0.01045249
-0.009583012
-0.008428975
-0.007918649
-0.007581844
-0.006353676
-0.005150932
-0.004190469
-0.00311978
-0.002297968
-0.001765385
-0.001344242
-0.0009132319
-0.0001856903
0.000231771
-6.671751e-05
-0.0007015568
-0.0008927454
-0.0002129503
0.0001174248
-0.0004649599
-0.0006397593
-0.0002115535
0.0002415112
0.0004705405
0.0004658915
0.0004141176
0.0003824818
0.0003763907
0.0003749453
0.0003445561
0.0002883763
0.0002324154
0.0001813614
0.00015903
0.0001507822
0.0001074801
6.846368e-05
0.0004347763
0.0009107915
0.001307121
0.002127181
0.002826444
0.003741127
0.005106995
0.005833633
0.005802631
0.005603525
0.005596096
0.00565929
0.005664471
0.00586972
0.006488882
0.006498859
0.005892236
0.005509089
0.005530175
0.005628532
0.005632786
0.005884804
0.006195759
0.005985615
0.005566571
0.005381597
0.00538664
0.00537075
0.005312331
0.005260341
0.005252289
0.005230822
0.005198038
0.005181333
0.005161027
0.005139684
0.005150875
0.005175071
0.005182699
0.005176313
0.005170403
0.005169227
0.005137581
0.004611717
0.003659423
0.002648344
0.002185714
0.002207029
0.002298727
0.002255627
0.001688864
0.0004550988
-0.0005729614
-0.0008112517
-0.0006584814
-0.0005891094
-0.0006493426
-0.0006958541
-0.0006847951
-0.0006656079
-0.0008672533
-0.001807603
-0.003081608
-0.003493594
-0.002790484
-0.002613227
-0.003263341
-0.003730826
-0.003685181
-0.003532222
-0.003500902
-0.003327809
-0.002616166
-0.001544088
-0.0007592048
-0.0006062438
-0.0004440496
0.0003563458
0.001492955
0.002244323
0.002375915
0.002252282
0.002008533
0.001886661
0.002107322
0.002314164
0.002335133
0.002267436
0.002258953
0.002318438
0.00260804
0.002556295
0.00228469
0.002130074
0.002142616
0.002168419
0.002152235
0.002129257
0.002125574
0.002127433
0.002088272
0.002034489
0.002013405
0.002284907
0.002789405
0.002539681
0.002032013
0.001858034
0.001929689
0.001959179
0.001889787
0.001817888
0.001805497
0.001821016
0.001809104
0.001741206
0.0009665149
-0.0001851257
-0.0009858501
-0.001201414
-0.001139429
-0.001113444
-0.001237843
-0.001637514
-0.002156895
-0.00311003
-0.003945821
-0.004202895
-0.004624343
-0.005504122
-0.006520373
-0.006965637
-0.006913017
-0.00680927
-0.006829282
-0.006618151
-0.005831686
-0.004743036
-0.004004445
-0.003883657
-0.003733184
-0.002952585
-0.001885408
-0.001692183
-0.002268411
-0.002369654
-0.001585303
-0.0009852823
-0.0009700187
-0.001140467
-0.001173344
-0.001583021
-0.002497977
-0.002633518
-0.002546201
-0.003321926
-0.004066012
-0.004217437
-0.004064125
-0.004262285
-0.005067424
-0.005718403
-0.006607621
-0.006801613
-0.00549179
-0.004676912
-0.005112894
-0.005915225
-0.005864193
-0.004867843
-0.003976012
-0.003810554
-0.003944635
-0.00395999
-0.003881555
-0.003845927
-0.003846326
-0.00383561
-0.003827804
-0.003834858
-0.003856254
-0.003866418
-0.003897519
-0.003844563
-0.003171487
-0.002517433
-0.002403781
-0.003045697
-0.003924802
-0.004298218
-0.004313449
-0.004333901
-0.004442862
-0.004539398
-0.004596664
-0.004667761
-0.004483923
-0.004396733
-0.003728693
-0.002859029
-0.002283689
-0.002199547
-0.002191085
-0.001435956
-0.0001524442
0.000557112
0.0005395173
0.0003672055
0.0003608468
0.0005625563
0.000947891
0.001592013
0.002355686
0.002988184
0.003446053
0.003766805
0.00360105
0.003669876
0.00459152
0.00563386
0.006175663
0.006342816
0.006192085
0.005962709
0.005474937
0.0047703
0.004891322
0.00566333
0.006061807
0.006186834
0.00618362
0.006158785
0.006152813
0.0061221
0.005594548
0.004623392
0.003526526
0.002975461
0.002970361
0.002876945
0.002173145
0.001405034
0.001008623
0.0007045271
0.0002667574
9.584879e-06
-1.058261e-06
5.651359e-05
9.125915e-05
5.569468e-05
5.281652e-07
-6.285251e-07
5.669341e-05
0.0001406787
0.0004327668
0.0003821877
0.0001311464
1.384174e-05
4.744725e-05
8.800482e-05
7.790741e-05
-0.000148068
-0.0003743925
-0.0004941496
-0.0002476986
3.755545e-05
-0.000114216
-0.0003573513
-0.0001825033
5.569969e-05
9.774958e-05
0.0002361167
0.0007230672
0.001916721
0.002889664
0.003056138
0.002831058
0.002734377
0.002835846
0.00293003
0.002999278
0.003551361
0.003851154
0.00332419
0.002820826
0.002766728
0.002897999
0.002930988
0.002567778
0.001768145
0.001288307
0.000979387
0.0005980689
0.0002945676
2.990807e-05
-9.394969e-05
-0.0001343378
-0.0001444515
-0.0005128244
-0.001845549
-0.002964151
-0.003732742
-0.004506604
-0.005048953
-0.005223713
-0.005354131
-0.00540088
-0.005322455
-0.00486808
-0.004712381
-0.0042418
-0.003538502
-0.003023929
-0.002927745
-0.002758003
-0.002668471
-0.002867239
-0.003046142
-0.003064641
-0.003019827
-0.003126276
-0.003827799
-0.004507985
-0.00502983
-0.005372273
-0.005249187
-0.004761144
-0.004085289
-0.003352493
-0.003065364
-0.003125042
-0.003204472
-0.003440666
-0.004224555
-0.00548213
-0.006172964
-0.006171349
-0.005978129
-0.005933342
-0.005992054
-0.006020637
-0.006012442
-0.00603763
-0.006043427
-0.006020847
-0.005998961
-0.005516944
-0.004119502
-0.003073026
-0.002938259
-0.003156279
-0.003218991
-0.003141071
-0.003100117
-0.003024796
-0.002778441
-0.002401038
-0.001227201
-0.0002586792
-7.479428e-05
0.0001090434
0.0008506859
0.001932307
0.002581092
0.002622192
0.002517382
0.002551986
0.002521593
0.002197454
0.00208239
0.002072886
0.002329101
0.002527133
0.002541564
0.002492787
0.002738256
0.003059901
0.004203062
0.005235061
0.00547909
0.005605009
0.005719646
0.006115254
0.006782934
0.007641294
0.007895276
0.008004754
0.008111435
0.008171724
0.008168707
0.008136585
0.008081199
0.00805477
0.008334407
0.00851248
0.008643262
0.008594129
0.008492
0.008226131
0.007994087
0.008128613
0.008355826
0.008154619
0.007891944
0.007840081
0.007937436
0.008013689
0.007813536
0.006880046
0.005607689
0.005021624
0.005097733
0.005248925
0.005256905
0.005475618
0.00547032
0.005285195
0.005204154
0.00505923
0.00484144
0.004521733
0.003805024
0.002977111
0.002825739
0.00307901
0.003051787
0.002624806
0.002352569
0.002167659
0.00178924
0.001003142
-4.32632e-05
-0.0005787178
-0.0005677802
-0.0004711191
-0.0004741253
-0.0005129472
-0.0005196879
-0.0007738124
-0.001539335
-0.002288873
-0.002783128
-0.003226867
-0.00350628
-0.00356331
-0.003478126
-0.003098314
-0.002619278
-0.002483915
-0.002063876
-0.001337766
-0.00144843
-0.00268049
-0.002797674
-0.001499591
-0.001367337
-0.002800076
-0.003811302
-0.003790789
-0.003491233
-0.003438825
-0.003562326
-0.003625494
-0.003284624
-0.001944162
-0.0009521849
-0.001162789
-0.001964499
-0.001581928
-0.0007262007
-0.0004075786
-0.0005585425
-0.000688987
-0.0006544003
-0.0006131483
-0.0006677166
-0.000713502
-0.0006276557
-0.0002359344
0.0005468962
0.001715034
0.002304394
0.002277409
0.002135311
0.002130942
0.002170458
0.002165369
0.002104435
0.002066023
0.002049918
0.002040275
0.002032778
0.002028156
0.002007858
0.001954291
0.001916379
0.001910755
0.001915763
0.001914349
0.001911316
0.001628271
0.0003216265
-0.0009158746
-0.0009517115
-2.646637e-05
0.0003041682
0.0003029434
0.0005831344
0.0008751207
0.0007481083
0.001017761
0.001198333
0.0006356295
-0.0001863444
0.0004348876
0.001636812
0.001063085
-0.0005578351
-0.001287332
-0.001080684
-0.0008274216
-0.0008728433
-0.001023708
-0.001349941
-0.001343985
-0.001788293
-0.00308814
-0.003829012
-0.003539372
-0.003253178
-0.003060762
-0.002385147
-0.001940906
-0.001781333
-0.001960952
-0.002147607
-0.001598874
-0.001183649
-0.001281867
-0.0013982
-0.001462229
-0.001701325
-0.001736768
-0.001290258
-0.001140399
-0.00135719
-0.001273668
-0.001090596
-0.001061952
-0.001129393
-0.001195542
-0.001734891
-0.002933262
-0.00361456
-0.003103045
-0.002963625
-0.003222144
-0.003057345
-0.002904933
-0.002507046
-0.001866976
-0.00191729
-0.001967159
-0.002111047
-0.001716641
-0.001223776
-0.001295118
-0.002100664
-0.002404493
-0.00240023
-0.002476148
-0.002745722
-0.00314282
-0.003612818
-0.003904368
-0.003766041
-0.003316838
-0.003033746
-0.002693942
-0.002092798
-0.001504919
-0.001044766
-0.0008907426
-0.0009212342
-0.0009542335
-0.0009439757
-0.000930165
-0.0009051917
-0.0004264383
0.0004829985
0.001520842
0.00202315
0.002007488
0.001888927
0.001863959
0.001885459
0.001916967
0.001900097
0.001883255
0.001905765
0.001894619
0.001842494
0.001776958
0.001740992
0.00176219
0.001765221
0.001747049
0.001717327
0.00170313
0.001703292
0.001704227
0.001715044
0.001758632
0.001759313
0.001712306
0.001681208
0.001681142
0.00168773
0.001699807
0.001729387
0.001714212
0.00169387
0.001745962
0.002063865
0.002088309
0.001850764
0.001729291
0.001749836
0.001759226
0.001745822
0.001561794
0.001104129
4.943334e-05
-0.001026605
-0.001399733
-0.001292583
-0.001194543
-0.001233791
-0.00111998
-0.000924895
-0.001093619
-0.0008911921
-0.0005397093
-0.0001680088
0.0005223001
0.001085225
0.0008962733
0.0002237336
-0.0002378612
-0.0007120852
-0.00104141
-0.001340096
-0.001567674
-0.001667396
-0.001695161
-0.0017012
-0.001706987
-0.001712073
-0.001714187
-0.001715261
-0.001717243
-0.001719901
-0.001722051
-0.001316071
9.669337e-05
0.0005013383
-0.0008058446
-0.001903929
-0.001781198
-0.0009889523
-0.0008778844
-0.0007073199
-0.0001756237
0.0007067411
0.001222497
0.001608309
0.00262154
0.00374335
0.004916016
0.00627995
0.00697758
0.00703577
0.007403582
0.008106266
0.00824202
0.007436268
0.006719405
0.006538496
0.005670704
0.004261809
0.003587498
0.003415828
0.002347548
0.001001036
0.0004899999
0.0006424633
0.0007996021
0.0007531412
0.0006681764
0.0009063382
0.0009200943
0.0006738433
0.0004791268
0.0004431498
0.0004355453
0.0003738509
-0.0003712528
-0.001823211
-0.002663364
-0.00265947
-0.002458456
-0.002448326
-0.002549026
-0.002626075
-0.002637222
-0.002626402
-0.002627698
-0.002622375
-0.002578779
-0.002575147
-0.002620697
-0.002654007
-0.002688877
-0.002731675
-0.002753561
-0.002770337
-0.002851873
-0.002942059
-0.002985826
-0.003027089
-0.003092743
-0.00315562
-0.003223917
-0.003332136
-0.003437384
-0.003494031
-0.003541128
-0.003409653
-0.002953522
-0.00249984
-0.001612104
-0.00103476
-0.001037301
-0.001222054
-0.00109546
-0.0003158293
0.0007141068
0.001441046
0.001591823
0.001495894
0.001459923
0.001467446
0.001163813
0.001096114
0.001304304
0.001447097
0.001445694
0.001473494
0.00199487
0.002750934
0.0033818
0.003831228
0.004065045
0.004038605
0.004214682
0.004204924
0.003049887
0.001740404
0.001344691
0.001541482
0.001675195
0.001611205
0.001538129
0.001544943
0.001395083
0.00114548
0.0009913812
0.0006973185
-6.790409e-05
-0.0008212852
-0.001286208
-0.001380296
-0.001333231
-0.001321613
-0.001316011
-0.0007907915
0.0004080822
0.001423787
0.001683418
0.00154595
0.001473236
0.00152248
0.00152959
0.001466346
0.001015344
-0.0002579158
-0.0009749348
-0.001078537
-0.00125562
-0.001536364
-0.001994866
-0.003019939
-0.004172523
-0.004618185
-0.004527439
-0.004450799
-0.004532248
-0.004360009
-0.00379281
-0.002881228
-0.001973055
-0.001715134
-0.002144216
-0.002445126
-0.002357665
-0.002095015
-0.003004313
-0.004162534
-0.004810737
-0.004952955
-0.004942264
-0.004970162
-0.005010012
-0.005019617
-0.005046112
-0.00504376
-0.004566595
-0.003915452
-0.002903256
-0.002286543
-0.002231172
-0.001561533
-0.0003930326
0.0001270511
-3.612784e-05
3.809917e-05
0.0002976763
0.0003981989
0.000311917
0.0001889359
0.0001553781
0.0001559184
0.0001319034
0.000100575
7.696843e-05
7.148927e-05
7.370658e-05
7.368769e-05
7.121153e-05
7.199365e-05
0.000378626
0.001026136
0.0009795503
0.001513147
0.002546162
0.00304296
0.002955193
0.002815179
0.002818262
0.002860005
0.00287181
0.002859334
0.002878646
0.003049663
0.004071009
0.00464367
0.003680344
0.002786213
0.002727426
0.002986559
0.003051468
0.002924569
0.002777344
0.002723255
0.002472243
0.002132553
0.002260447
0.002627813
0.002749767
0.002659494
0.002552162
0.00252572
0.002542429
0.002522029
0.002453552
0.002374203
0.002333187
0.002321383
0.002279605
0.002225393
0.0017697
0.0007232695
-0.0001527112
-0.0006491669
-0.0007278281
-0.00069138
-0.0007067893
-0.0007556375
-0.0007822123
-0.0007785953
-0.0007955568
-0.001691001
-0.003037708
-0.002635562
-0.001254812
-0.0006602656
-0.0008705405
-0.001098041
-0.00108576
-0.001034167
-0.001062256
-0.001148659
-0.001197057
-0.001202732
-0.001238773
-0.001302889
-0.001351341
-0.001392421
-0.001449813
-0.001488988
-0.001495088
-0.001488493
-0.001486945
-0.001491035
-0.001523928
-0.00157538
-0.001587414
-0.001569461
-0.001575432
-0.001549454
-0.001199475
-0.0005344298
0.0003278536
0.001032848
0.00132925
0.00133815
0.001340992
0.001374434
0.001355346
0.001345248
0.001377943
0.001406095
0.001407882
0.001397443
0.001374072
0.001376103
0.001394752
0.00160059
0.002493703
0.003756168
0.004396273
0.00432558
0.004138072
0.004315791
0.004613391
0.004629907
0.004589376
0.004516264
0.004554101
0.004373008
0.004190695
0.004154254
0.004193762
0.004211347
0.004198245
0.004187541
0.004189982
0.004194667
0.004208567
0.004256065
0.004279321
0.004205974
0.003841422
0.003404177
0.003465674
0.003551179
0.002962843
0.00188518
0.00128059
0.001294042
0.001439723
0.001442653
0.001139615
-0.0001126037
-0.001365483
-0.001718718
-0.001535612
-0.001421251
-0.001482746
-0.001545586
-0.001549522
-0.001568864
-0.00156934
-0.001535297
-0.001510587
-0.001509829
-0.00151873
-0.0015529
-0.001596808
-0.001878829
-0.002039426
-0.002409611
-0.003472817
-0.003373415
-0.002116145
-0.001361588
-0.001398206
-0.00159598
-0.00159362
-0.001503849
-0.001481467
-0.001512793
-0.001529889
-0.001492081
-0.0008436137
-0.0004077105
-0.001005175
-0.001607873
-0.001400953
-0.0009185119
-0.0007616596
-0.001151228
-0.001537673
-0.00161098
-0.001542924
-0.001230625
-0.0007429818
4.713152e-05
0.000739017
0.001192631
0.001280812
0.001196924
0.001155997
0.001177779
0.001197042
0.00119401
0.001234775
0.001723922
0.002623496
0.003441261
0.003198649
0.002645913
0.002759999
0.002876729
0.002455852
0.001517578
0.0009240168
0.0008797141
0.0009603004
0.0009355141
0.0008411482
0.0004074518
-0.00073714
-0.001430635
-0.0008669897
4.981077e-05
-0.0001068824
-0.000505809
-0.0003249253
0.0002425867
0.0005521174
0.0004770518
0.0003491471
0.0003092428
0.0003081395
0.0002978425
-0.0001726964
-0.0006756661
-0.001202955
-0.002008463
-0.002705938
-0.00290592
-0.002822522
-0.002800419
-0.00285769
-0.002908537
-0.002914763
-0.002903469
-0.003118846
-0.003525431
-0.003819066
-0.004701879
-0.005657353
-0.006006689
-0.005929334
-0.005828789
-0.005850019
-0.005904839
-0.005896186
-0.005882821
-0.005891752
-0.005904233
-0.00590278
-0.005495721
-0.004123049
-0.003233972
-0.003169833
-0.003171356
-0.003054466
-0.002967076
-0.003358051
-0.004755218
-0.005897159
-0.005857893
-0.005126565
-0.004387421
-0.004348987
-0.004324742
-0.003781929
-0.003285314
-0.003011305
-0.002975058
-0.003005802
-0.002990352
-0.002222022
-0.001480535
-0.002078012
-0.002674385
-0.002941724
-0.002966407
-0.002948202
-0.002949647
-0.002848049
-0.002554991
-0.001918902
-0.0007827566
-0.0003083005
-0.0004255744
-0.0004275779
-0.0001467001
6.160725e-06
-3.628135e-05
-0.0001009256
-9.948705e-05
-9.89466e-05
-0.0001443612
-0.0001902493
-0.0002401133
-0.0002726497
-0.0003087188
-0.0003436531
-8.961212e-05
2.420287e-05
0.0003620299
0.0005894146
0.001338782
0.002078341
0.002259527
0.002087703
0.001945222
0.001925719
0.001947846
0.001917679
0.001985842
0.002203788
0.002059312
0.00178739
0.001684006
0.001726101
0.001764841
0.001754893
0.001736383
0.001715742
0.001690867
0.001689926
0.001726736
0.001763235
0.001812549
0.00213798
0.003035227
0.003889166
0.004513629
0.004702012
0.004658844
0.004625312
0.004646989
0.004667913
0.004664773
0.004655918
0.004247959
0.002808372
0.001701717
0.001522263
0.001705048
0.001523617
0.0003903537
-0.0007286405
-0.001256053
-0.00130212
-0.001273798
-0.001309389
-0.001346794
-0.001344214
-0.001327555
-0.001323287
-0.001390426
-0.002365215
-0.003045461
-0.003060992
-0.003117076
-0.003301672
-0.003559664
-0.00398591
-0.0035036
-0.002206954
-0.001821407
-0.002406609
-0.002869305
-0.0025224
-0.001797261
-0.002033031
-0.001826005
-0.001152585
-0.0007817417
-0.0008311884
-0.0009508409
-0.001115967
-0.001238923
-0.001005736
-0.0007455376
-0.0006648163
-0.0006992719
-0.0007215141
-0.0007071153
-0.0006925571
-0.0006936525
-0.0006987189
-0.0006983176
-0.0006366838
0.0003132102
0.001426336
0.002003494
0.002111021
0.002077004
0.002086884
0.002117885
0.002090608
0.002029864
0.002004426
0.002013744
0.002024263
0.002009551
0.001956537
0.001919166
0.001917035
0.001926769
0.001929636
0.001923268
0.001867178
0.001847988
0.002306117
0.002537821
0.00256041
0.003641928
0.00472357
0.005010448
0.00510794
0.005382554
0.005872428
0.006109626
0.006349812
0.006579726
0.007177166
0.007836799
0.008112211
0.008083828
0.00758626
0.007100853
0.006863853
0.006066018
0.005421555
0.005326385
0.005481767
0.005581932
0.005573172
0.005320061
0.004284874
0.003267833
0.003022506
0.002973096
0.002789307
0.00262833
0.002568208
0.00257398
0.002568621
0.002285566
0.001021862
-0.0002696439
-0.0006756519
-0.0005706993
-0.0005484922
-0.00111417
-0.002080605
-0.003101972
-0.003592896
-0.003628867
-0.0035728
-0.003585571
-0.00362013
-0.003623222
-0.003606405
-0.003955798
-0.004849894
-0.004732783
-0.003836156
-0.00333125
-0.003387154
-0.003496733
-0.003479477
-0.003829046
-0.004179456
-0.004615157
-0.005184933
-0.005515791
-0.004568821
-0.003678933
-0.004639496
-0.005879403
-0.0061156
-0.005795859
-0.00563844
-0.005718579
-0.005808107
-0.005767392
-0.005694623
-0.005702956
-0.005708313
-0.005519614
-0.005115077
-0.004583986
-0.004060796
-0.003327861
-0.002863559
-0.002851988
-0.00297716
-0.003002808
-0.002973133
-0.003001924
-0.003051675
-0.00306651
-0.003055279
-0.003077056
-0.003129945
-0.003156506
-0.00315113
-0.003141125
-0.003140025
-0.003019948
-0.002821966
-0.003003598
-0.003242997
-0.003294708
-0.003237075
-0.003196457
-0.002780985
-0.002083375
-0.002025614
-0.001972027
-0.001521013
-0.001024818
-0.0005003534
-0.0002736091
-0.0002916363
-0.0002969263
0.0003371189
0.001238607
0.0007968144
-4.737485e-05
2.659119e-06
0.0009659073
0.001367608
0.0008199649
0.0003800779
0.0006906866
0.001644319
0.002367887
0.002776437
0.002900659
0.002927132
0.003818226
0.005326994
0.006037881
0.005928407
0.005695977
0.005666568
0.005733704
0.0057214
0.005633678
0.005547902
0.005519258
0.005373675
0.004656182
0.003889806
0.003335151
0.002851044
0.002464519
0.002310416
0.002322928
0.002324881
0.002269726
0.002065285
0.0008815671
-0.0004889177
-0.0006766234
-0.0003249199
-0.0001696063
-0.0005308571
-0.0008700501
-0.0009141873
-0.0006993395
-0.0004284543
-0.0006000868
-0.0008601283
-0.0009362386
-0.0002070594
0.0001233584
-0.0005616612
-0.001147754
-0.001170034
-0.0007096527
0.0004017414
0.001156778
0.001517262
0.001573132
0.001405367
0.001273701
0.0004045856
-0.0006887243
-0.001214166
-0.001176293
-0.001052955
-0.001062178
-0.001116556
-0.001123915
-0.00110113
-0.001090377
-0.001095055
-0.001098661
-0.0009389917
6.250609e-05
0.001134129
0.001432982
0.001477637
0.001672208
0.001840939
0.00186283
0.001818977
0.001792079
0.001500695
0.001463086
0.001694576
0.0009668013
-0.0005465227
-0.00129219
-0.0008870557
-0.0001969766
-0.0001572679
-0.0007934081
-0.001173472
-0.0008404464
-0.0005328501
-0.000151882
-7.829014e-05
0.0001742216
0.00109366
0.001820318
0.001765736
0.001313574
0.001090748
0.001311909
0.00136444
0.001281276
0.001210578
0.001144397
0.001139517
0.0009756366
0.0003581114
-0.0004164427
-0.001052219
-0.001333396
-0.001339508
-0.001297416
-0.001301526
-0.001154445
-0.0008014435
-0.0005461254
7.150255e-05
0.0005137367
0.0009915899
0.001298507
0.001345024
0.001280564
0.001216652
0.001183474
0.001286529
0.001654392
0.002456789
0.002968869
0.003436802
0.003793211
0.003764926
0.002924015
0.001417639
0.00105077
0.001464764
0.001438132
0.0008578616
0.0004801158
0.0005038437
0.0006199351
0.0006141798
0.0005321717
0.0005156537
0.0005012609
0.0004389678
0.0004215801
0.0004648647
0.0005099601
0.0005263341
0.000537076
0.0005354626
0.0005072815
0.0004873921
0.0004868265
0.0004943056
0.0005161294
0.0005145977
0.0004965068
0.0004901137
0.0005289078
0.0005812449
0.0005991713
0.0001531691
-0.0005247168
-0.0006710655
-0.000576995
-0.0007801152
-0.001046886
-0.0008911714
-0.0001396894
0.000376598
0.000379983
0.0002475787
0.0005291018
0.001287879
0.002402323
0.002952144
0.002867549
0.002655774
0.002587018
0.002581564
0.002299693
0.001764243
0.001927835
0.002323437
0.0024351
0.002299349
0.002168931
0.002121185
0.002114902
0.002071804
0.00201177
0.001986006
0.001988207
0.00198969
0.001981747
0.001954833
0.001898867
0.001860264
0.001852085
0.001852995
0.00184766
0.001838132
0.001751893
0.0008338756
-0.000545096
-0.001171134
-0.001071036
-0.0008969861
-0.0009371206
-0.001342576
-0.002307096
-0.002837099
-0.002616511
-0.002327261
-0.002383566
-0.00308151
-0.003763311
-0.003896192
-0.003717629
-0.003618543
-0.003648375
-0.003684799
-0.003706013
-0.003692267
-0.003545041
-0.003248963
-0.002998564
-0.002783331
-0.002565799
-0.002421517
-0.00290653
-0.003378506
-0.002895665
-0.00215887
-0.001699796
-0.001763744
-0.002054734
-0.002086585
-0.001532661
-0.00136963
-0.001204044
-0.0009065607
-0.0007448218
-0.0004438476
-0.0001844512
-0.0005357048
-0.0009312271
-0.0009946268
-0.0005883748
-0.0001682317
5.30242e-05
0.0002087077
0.0002474567
0.0002164098
0.0002689926
0.0008017025
0.001339111
0.00144769
0.001303846
0.001223608
0.001250177
0.001249152
0.00114494
0.0007298879
0.0001676474
0.0003027981
0.000295277
-5.143469e-05
-0.0003182912
-0.0005816525
-0.0006305673
-0.0004210615
-0.0002699859
7.460188e-05
0.000698418
0.001043638
0.001029677
0.0009372376
0.0009282203
0.0009596578
0.0009648369
0.0009294789
0.001184325
0.002113334
0.003161977
0.00354437
0.003425377
0.003288226
0.003229281
0.002957481
0.002318232
0.001905315
0.001948334
0.002510215
0.002756297
0.00220325
0.001699665
0.001644317
0.001762688
0.00178338
0.001722316
0.001667479
0.001832246
0.001921964
0.001779141
0.001848736
0.001838191
0.002103105
0.002029353
0.00165744
0.001475769
0.001514095
0.001317835
0.0007709841
0.0006263189
0.0005661827
0.0004863012
0.0004304581
0.0004261097
0.0003944388
-9.806699e-05
-0.0006419453
-0.001041269
-0.001527323
-0.001812181
-0.001830784
-0.001765234
-0.001748845
-0.001794706
-0.001831296
-0.001887544
-0.002075738
-0.001797841
-0.001514516
-0.001614211
-0.001792629
-0.001848493
-0.001802908
-0.001745322
-0.00175572
-0.001779808
-0.001804611
-0.001794761
-0.001581042
-0.001488044
-0.001637174
-0.001750569
-0.001711202
-0.001660375
-0.0016608
-0.001644332
-0.001678701
-0.001844066
-0.00183714
-0.001836002
-0.001881391
-0.001876779
-0.002165316
-0.002706187
-0.003123465
-0.00338377
-0.003467947
-0.003423529
-0.003358756
-0.003432951
-0.003919773
-0.004320144
-0.004363219
-0.004556372
-0.004920957
-0.004987516
-0.005022182
-0.005052754
-0.005037538
-0.004980297
-0.00491674
-0.004864179
-0.004815954
-0.004773619
-0.004744292
-0.004705519
-0.004663352
-0.004484196
-0.003852403
-0.00316705
-0.002823719
-0.002787623
-0.002686077
-0.002563689
-0.002332877
-0.001835458
-0.001459645
-0.001035181
-0.0006421713
-0.0005060845
-0.0005333477
-0.0005423682
-0.0004839059
-0.0004511222
-0.000412023
-5.084254e-05
0.0003938022
0.0005530346
0.0005026436
0.0004586786
0.0004798093
0.0005373365
0.0007485085
0.001047471
0.00130422
0.001376516
0.001342961
0.001318007
0.00132329
0.001329088
0.001470255
0.001888736
0.002157762
0.002181294
0.002286712
0.002242323
0.002091811
0.0020053
0.002001737
0.002009101
0.001992047
0.001966107
0.00194796
0.001935128
0.001906802
0.001680176
0.001265514
0.001344668
0.001694881
0.001790441
0.001537289
0.001478981
0.001599839
0.001644437
0.001565513
0.00164769
0.001997373
0.002198746
0.002161484
0.002049922
0.001977059
0.001938349
0.00189475
0.00184415
0.001793082
0.00174816
0.001539843
0.001120701
0.0008530392
0.0006633419
0.0004413995
0.0004210878
0.0006487223
0.0007482972
0.0004551721
0.0006009583
0.001171528
0.001483096
0.001423638
0.001309371
0.00130224
0.001321652
0.001149926
0.0007602417
0.0005318094
0.0005405579
0.0006030641
0.0005967038
0.0005551878
0.0004284752
0.00027997
0.0003396639
0.0005197113
0.0005955318
0.000531597
0.0002408476
-2.191481e-05
4.602862e-05
0.0003840755
0.0005755822
0.0005602527
0.0004788561
0.0002307791
-1.339529e-05
-8.322888e-05
-4.782916e-05
-2.288636e-05
-3.077976e-05
-3.981293e-05
-3.672038e-05
-0.0001476556
-0.0004189233
-0.0004603405
-0.0001768644
3.424222e-05
4.126801e-05
8.301706e-05
0.0003087668
0.0005854735
0.0008349512
0.0009177242
0.000888708
0.0008462369
0.0008281294
0.0008175875
0.0007992767
0.0007766178
0.0007540403
0.0007229419
0.0006924993
0.0006689894
0.0005430938
0.0003525766
0.0003066386
0.0003006974
0.0004286698
0.0005654746
0.000590633
0.0005461454
0.0005101845
0.0004920634
0.0004760876
0.000449492
0.0004259082
0.0004062358
0.0003627863
0.0002223494
0.0002427041
0.0004720886
0.0006375672
0.0006325876
0.0005658929
0.0005268188
0.000575917
0.0005691385
0.0004914523
0.0004329379
0.0004185293
0.0004600201
0.0004154312
0.0002171276
6.4256e-05
3.899996e-05
6.02574e-05
5.800249e-05
3.677183e-05
2.619266e-05
2.316166e-05
1.242013e-05
2.940535e-06
-2.109761e-06
-5.311728e-05
-6.790171e-05
-3.437292e-05
-1.141168e-05
-2.11117e-05
-9.770754e-05
-0.0001993771
-0.0002377187
-0.0002451369
-0.0002860624
-0.0003573943
-0.0004006523
-0.000399386
-0.0003850054
-0.0003803755
-0.0004264888
-0.0004673941
-0.0004751761
-0.0004451732
-0.000385403
-0.0003406133
-0.000345231
-0.0004004678
-0.0003882875
-0.0003781123
-0.0004177179
-0.0004073086
-0.0003364007
-0.0002911376
-0.0002900411
-0.0002985324
-0.0002966137
-0.000320709
-0.0003668281
-0.0003821494
-0.0003683106
-0.0003542433
-0.0003478024
-0.0003517218
-0.0003862869
-0.0004113945
-0.0004064368
-0.0003894081
-0.0003796479
-0.0003971796
-0.0004261096
-0.0004294483
-0.0004045363
-0.0003658309
-0.0003278658
-0.0003045786
-0.0002950016
-0.0002881416
-0.000278936
-0.0002689093
-0.0002599032
-0.0002516605
-0.0002433955
-0.0002350199
-0.0002268233
-0.0002189073
-0.0002111827
-0.0002035833
-0.0001954089
-0.0001704714
-0.0001527844
-0.0001472923
-0.0001405303
-0.0001479554
-0.0001563549
-0.0001540633
-0.0001457962
-0.0001481904
-0.0001587688
-0.0001689447
-0.0001748864
-0.0001621083
-0.0001382295
-0.0001232455
-0.0001179791
-0.0001138073
-0.0001071786
-0.0001001622
-9.889859e-05
-9.855974e-05
-9.195861e-05
-8.136646e-05
-6.220138e-05
-4.969663e-05
-5.317826e-05
-5.307597e-05
-4.227345e-05
-3.254385e-05
-2.83856e-05
-2.650002e-05
-2.407084e-05
-2.082264e-05
-1.759321e-05
-1.352922e-05
-6.562123e-06
-1.584596e-06
2.660574e-06
5.557627e-06
7.28811e-06
8.779723e-06
1.021369e-05
1.19383e-05
1.30052e-05
1.335569e-05
1.549591e-05
1.646371e-05
1.659072e-05
1.870171e-05
2.165308e-05
2.357115e-05
2.496354e-05
2.787973e-05
3.044696e-05
3.14254e-05
3.163653e-05
3.201682e-05
3.263581e-05
3.321267e-05
3.363844e-05
3.305865e-05
3.201341e-05
3.286723e-05
3.503247e-05
3.630071e-05
3.651806e-05
3.660249e-05
3.694752e-05
3.736343e-05
3.767504e-05
3.791648e-05
3.8161e-05
3.855924e-05
3.94257e-05
4.009961e-05
4.027575e-05
4.022373e-05
4.021243e-05
4.034163e-05
4.078232e-05
4.107022e-05
4.102097e-05
4.084604e-05
4.071824e-05
4.06279e-05
4.051019e-05
4.037677e-05
4.025432e-05
4.014043e-05
4.002144e-05
3.98938e-05
3.976153e-05
3.967983e-05
3.961612e-05
3.948835e-05
3.932445e-05
3.916638e-05
3.898983e-05
3.878157e-05
3.855797e-05
3.834943e-05
3.815322e-05
3.79114e-05
3.765263e-05
3.740461e-05
3.713773e-05
3.684839e-05
3.657485e-05
3.631675e-05
3.604078e-05
3.57325e-05
3.542227e-05
3.514051e-05
3.486332e-05
3.456534e-05
3.424723e-05
3.39227e-05
3.358867e-05
3.323892e-05
3.287958e-05
3.251136e-05
3.213214e-05
3.174703e-05
3.135508e-05
3.094991e-05
3.053222e-05
3.010687e-05
2.967428e-05
2.923252e-05
2.878076e-05
2.832006e-05
2.785136e-05
2.737405e-05
2.688754e-05
2.639228e-05
2.588862e-05
2.537676e-05
2.485672e-05
2.432867e-05
2.379265e-05
2.324881e-05
2.26973e-05
2.213829e-05
2.157185e-05
2.099813e-05
2.041725e-05
1.982934e-05
1.923451e-05
1.86329e-05
1.802462e-05
1.74098e-05
1.678856e-05
1.616103e-05
1.552733e-05
1.488758e-05
1.42419e-05
1.359043e-05
