0.0001484078
0.0001450571
0.000143517
0.000142546
0.0001431556
0.0001423261
0.0001412311
0.0001375023
0.0001326815
0.0001233208
0.0001151969
0.0001041519
9.90309e-05
9.8912e-05
0.0001028482
0.0001038476
0.0001034951
0.0001005987
9.696156e-05
9.463738e-05
9.576995e-05
9.319436e-05
8.798291e-05
8.720069e-05
0.0001129133
0.0001673297
0.0002102144
0.0002179197
0.000212602
0.00022399
0.000284733
0.0003674046
0.0003929811
0.0003478987
0.0002583117
0.000170044
7.979409e-05
-3.051697e-05
-0.0001266401
-0.0002194296
-0.0002804934
-0.0003052381
-0.0003347834
-0.0003903505
-0.000474442
-0.0005951219
-0.0007263958
-0.0008341272
-0.0008268022
-0.0007562768
-0.0006483976
-0.000429753
-0.0001047523
0.0003168694
0.000760766
0.001054615
0.001250591
0.001264294
0.0011118
0.0009108267
0.0007527459
0.0005885942
0.0004315742
0.0002645714
5.677476e-05
-0.000141114
-0.0003593823
-0.0005809118
-0.0007354254
-0.0007201251
-0.0005608449
-0.0003672624
-0.0002822774
-0.0003966684
-0.0004821521
-0.0006259522
-0.0008197873
-0.0009141185
-0.0009120484
-0.000664221
-0.0001640412
0.000541433
0.001458349
0.002417536
0.003054148
0.003459502
0.00362832
0.003454501
0.003200291
0.003099135
0.003232391
0.003551976
0.003903296
0.00413078
0.00370939
0.002423559
0.0004954289
-0.001485123
-0.003007376
-0.003749661
-0.003757337
-0.003079315
-0.002250197
-0.001518016
-0.0008774345
-0.0003389334
0.0001991439
0.0006438772
0.001174927
0.001746914
0.002280636
0.002619872
0.00224047
0.001477521
0.001098556
0.00124098
0.001521967
0.002107039
0.003007461
0.003737112
0.00395271
0.003219487
0.001398161
-0.0008339545
-0.002837615
-0.004181272
-0.00443044
-0.004058393
-0.003421708
-0.002476835
-0.001526217
-0.0009904229
-0.00100047
-0.001313886
-0.001639007
-0.00127458
0.0003037948
0.002573385
0.004700139
0.006159603
0.006321772
0.004391537
0.001233139
-0.00123749
-0.001675676
-0.0001184789
0.002639862
0.004915435
0.004973094
0.002983638
-0.0003932849
-0.004272056
-0.007557522
-0.008910559
-0.007707185
-0.005770424
-0.004444516
-0.004420925
-0.005986518
-0.008897723
-0.01204374
-0.01384081
-0.01360452
-0.0113054
-0.008136048
-0.005304724
-0.003724347
-0.00368329
-0.004262617
-0.005012692
-0.004836376
-0.00284088
0.0009189636
0.005437652
0.00966921
0.01207711
0.01241558
0.01087481
0.007960038
0.005241588
0.003365922
0.001882013
0.0007693871
-0.0007147062
-0.002804903
-0.005552848
-0.008789505
-0.01212941
-0.01512103
-0.01752471
-0.01870809
-0.01752564
-0.01342925
-0.007391469
-0.0009588847
0.004881175
0.008866271
0.01027589
0.01077195
0.01218522
0.01420163
0.01644608
0.01801519
0.01772614
0.01511634
0.01053253
0.004885372
-0.001028595
-0.006730419
-0.01091589
-0.01282467
-0.01330782
-0.01231909
-0.009813422
-0.006213959
-0.002816098
-0.0005767418
0.001974057
0.005029367
0.008662858
0.01215067
0.01439746
0.01370418
0.008992932
0.001388496
-0.006113779
-0.01111668
-0.0130373
-0.01206065
-0.01004953
-0.007593812
-0.005438487
-0.004091593
-0.003343325
-0.001830269
0.0004749534
0.004290501
0.009086994
0.014392
0.01997552
0.02404917
0.0250809
0.02346647
0.02023463
0.01667736
0.011217
0.004979794
-0.0004717815
-0.006101735
-0.01252259
-0.01992954
-0.02652692
-0.03119594
-0.03333428
-0.03204865
-0.02680119
-0.01848558
-0.008461014
0.001165052
0.007983571
0.01286851
0.01665178
0.0198318
0.02340761
0.02782398
0.03243058
0.03541819
0.03536099
0.03169523
0.02486525
0.01549421
0.004659984
-0.007273911
-0.01815631
-0.02490431
-0.02747752
-0.02728081
-0.02536546
-0.02241067
-0.01899763
-0.01530759
-0.01120864
-0.006711437
-0.000913956
0.005833408
0.01230758
0.01722465
0.01969809
0.01949208
0.01698983
0.01280952
0.007901544
0.00259982
-0.002930197
-0.008701233
-0.01620436
-0.02355646
-0.02995556
-0.03482607
-0.0372467
-0.03724141
-0.034216
-0.02862928
-0.02144405
-0.01310651
-0.004969647
0.002130104
0.006606113
0.007990748
0.007428297
0.006229868
0.004465737
0.00226896
9.263833e-05
-0.001569229
-0.002540965
-0.003167262
-0.003408427
-0.002659795
-0.0007051707
0.003171568
0.009372888
0.01685138
0.02419315
0.03053157
0.03529029
0.03793212
0.03835581
0.03689281
0.03402895
0.03060018
0.02679567
0.02153427
0.0137026
0.003671471
-0.007939406
-0.01837289
-0.02617424
-0.03019269
-0.03029749
-0.02684213
-0.02035194
-0.01279281
-0.004779874
0.003401368
0.01061195
0.01641908
0.02151543
0.02550546
0.02846829
0.03008742
0.03027842
0.02793675
0.02297306
0.01636016
0.008975109
0.000330688
-0.008279829
-0.01592818
-0.02333319
-0.02956941
-0.03473905
-0.03826866
-0.03895935
-0.03673569
-0.03191086
-0.0252638
-0.01789463
-0.01129228
-0.006343555
-0.003535027
-0.001188953
0.001722562
0.004600904
0.006683273
0.008444883
0.009654699
0.01043375
0.01100899
0.01122022
0.01019816
0.007773052
0.004391584
0.00122593
-0.0002050012
0.001112687
0.00347132
0.005746641
0.007658885
0.008976789
0.009803778
0.01029272
0.009259803
0.006518691
0.003141035
0.0006700596
-0.001320026
-0.003192589
-0.005203965
-0.007433963
-0.00942682
-0.01017447
-0.009416332
-0.007342549
-0.005147426
-0.003336412
-0.001946764
-0.001494304
-0.001012627
-0.0002148791
0.0005793759
0.0008087333
0.000650911
4.77344e-05
-0.001493106
-0.004193244
-0.007829383
-0.0113842
-0.014966
-0.01867799
-0.02232494
-0.02500519
-0.02658566
-0.02592387
-0.02313206
-0.01913061
-0.01585721
-0.01443349
-0.01287943
-0.0100887
-0.005839802
-0.001771312
0.00129205
0.003637098
0.006274636
0.009238861
0.01178546
0.01311257
0.01341785
0.0136711
0.01314791
0.01185078
0.01023495
0.008244868
0.00625361
0.004563263
0.002521281
-3.871868e-06
-0.002022719
-0.003185785
-0.004190075
-0.005342216
-0.006995057
-0.009058707
-0.0106366
-0.0116975
-0.0117102
-0.01036958
-0.007935609
-0.004626961
-0.00102135
0.002892617
0.00731715
0.01194915
0.01637812
0.01974911
0.02208548
0.02353298
0.02546464
0.02773803
0.02922988
0.02915642
0.02768959
0.02499379
0.02147658
0.01831684
0.01503071
0.01224896
0.009906727
0.007890877
0.005996684
0.003420856
0.0003097268
-0.003378463
-0.006979294
-0.01029934
-0.01296404
-0.0141147
-0.01360421
-0.01167921
-0.008887656
-0.006342804
-0.005131648
-0.00404372
-0.003170301
-0.002450994
-0.0008102978
0.001387177
0.004043766
0.006619204
0.008620696
0.009077268
0.007134358
0.002950854
-0.002242216
-0.007465274
-0.01172143
-0.01482501
-0.0160042
-0.01510556
-0.01332088
-0.01092242
-0.008633674
-0.006088749
-0.003265393
-0.000181997
0.003299365
0.007221831
0.01055132
0.01300013
0.01422608
0.01415838
0.01274804
0.009901469
0.006036849
0.003010924
0.001205323
0.0009744921
0.001576683
0.002730394
0.003597845
0.003417946
0.002207565
0.0003396411
-0.001503619
-0.003203294
-0.005111499
-0.007143576
-0.009339326
-0.01231732
-0.0160483
-0.01978371
-0.02275294
-0.0244628
-0.02475902
-0.02359778
-0.02144823
-0.01841587
-0.01483829
-0.01151633
-0.008930475
-0.007561844
-0.00740974
-0.007342729
-0.006583604
-0.005397621
-0.004418777
-0.003591242
-0.003089808
-0.002879984
-0.002790969
-0.002187066
-0.0006924441
0.001771923
0.005094051
0.009027906
0.01249688
0.01499501
0.0157186
0.01480656
0.01244559
0.009100712
0.005549408
0.002989846
0.002051997
0.002802437
0.005168141
0.008087552
0.01020236
0.01135795
0.01172747
0.01188609
0.01219069
0.01335184
0.01620798
0.0199734
0.02351641
0.02548202
0.02558853
0.0243126
0.02193632
0.01857189
0.01434876
0.00897934
0.003599572
-0.0004620338
-0.004240201
-0.007441697
-0.01015894
-0.01251913
-0.01419924
-0.01460258
-0.01355162
-0.01087507
-0.007560673
-0.004116321
-0.001049336
0.001468928
0.003062257
0.003068444
0.002254092
0.001067124
0.0001203879
-0.000321029
-0.0004352926
-0.0009149104
-0.002731689
-0.005470072
-0.008283442
-0.01040117
-0.01250967
-0.01443586
-0.01531432
-0.01473752
-0.01250565
-0.008828433
-0.003994009
0.001241321
0.006251999
0.01173737
0.01760128
0.02152249
0.02264733
0.02129388
0.01796433
0.01272775
0.005910795
-0.001720367
-0.009297285
-0.01647195
-0.02210313
-0.02555169
-0.02635564
-0.0249458
-0.02199873
-0.01850573
-0.01489843
-0.01110021
-0.006596534
-0.001235012
0.004053451
0.007896121
0.01026345
0.01091253
0.009924191
0.007451787
0.003492926
-0.002052207
-0.008858171
-0.01513181
-0.02147985
-0.02817734
-0.03391436
-0.03759482
-0.03826967
-0.03593458
-0.03137134
-0.02536426
-0.01805546
-0.01018412
-0.001910811
0.006177872
0.01230791
0.01736392
0.02159715
0.02453204
0.02623868
0.02707851
0.02662259
0.02453587
0.02129441
0.01718064
0.01307397
0.008682157
0.003852901
-6.540119e-05
-0.002411909
-0.003911075
-0.004685938
-0.005450642
-0.00607027
-0.006470142
-0.006876818
-0.006611798
-0.005806919
-0.005005391
-0.004754325
-0.005131807
-0.005503364
-0.005418778
-0.00504333
-0.004503629
-0.002990223
-4.860356e-05
0.004018395
0.008256674
0.01145962
0.0136471
0.01577744
0.01777041
0.01941729
0.02025771
0.02038901
0.02058327
0.02056484
0.02034771
0.02041571
0.01964942
0.0176115
0.01417377
0.009949538
0.005905167
0.001414894
-0.003016614
-0.006677749
-0.009512799
-0.01253852
-0.01590845
-0.0197596
-0.02328452
-0.02612766
-0.02783924
-0.02887859
-0.02897474
-0.02792662
-0.02556928
-0.02183891
-0.01720119
-0.0120257
-0.007525883
-0.00422695
-0.001014702
0.002502439
0.006092745
0.009605947
0.01279212
0.01420515
0.0142263
0.0134813
0.01174875
0.00943071
0.006104279
0.002565924
2.302074e-05
-0.001791115
-0.003300078
-0.004349006
-0.005211856
-0.006623464
-0.009262129
-0.01328706
-0.01823221
-0.02371223
-0.02836667
-0.03218618
-0.03568423
-0.03983899
-0.04435176
-0.04746321
-0.04883492
-0.04891764
-0.04724376
-0.0439409
-0.03955035
-0.03403017
-0.02825142
-0.02356694
-0.02040968
-0.01866296
-0.01880337
-0.02007404
-0.02217114
-0.02456096
-0.02552606
-0.02440875
-0.02163425
-0.01816753
-0.01465003
-0.01108462
-0.006461955
-0.001171334
0.004659659
0.01294984
0.02305369
0.03317213
0.0423773
0.04975502
0.05618824
0.06087715
0.06193874
0.06004547
0.05514055
0.0482592
0.04059724
0.03157408
0.02197156
0.01315704
0.004974668
-0.001596147
-0.005393773
-0.006740246
-0.005545463
-0.001550929
0.004098001
0.01006389
0.01503616
0.01805899
0.01926223
0.01889287
0.01670141
0.0119278
0.005025912
-0.002400302
-0.009736533
-0.01728681
-0.02460686
-0.03169761
-0.0388548
-0.04281978
-0.04443599
-0.04440243
-0.04349602
-0.04116109
-0.03707199
-0.03148356
-0.02486803
-0.01607231
-0.005000689
0.006831309
0.01940084
0.03116996
0.04178572
0.05042294
0.0567218
0.06048283
0.0616462
0.06039087
0.05674241
0.05106888
0.04474364
0.03792676
0.03111407
0.02500096
0.01946078
0.01382337
0.007842984
0.001562331
-0.004299341
-0.01021885
-0.01580044
-0.02026793
-0.02421253
-0.02836385
-0.033471
-0.03955006
-0.04595448
-0.05269807
-0.05953501
-0.06405746
-0.06584628
-0.0658996
-0.0653568
-0.06449082
-0.06327929
-0.06214981
-0.06113194
-0.05928927
-0.05492645
-0.04576049
-0.02959206
-0.006849751
0.01952528
0.04289798
0.06163179
0.07401218
0.08169751
0.08366846
0.08260819
0.08054169
0.0778918
0.07582187
0.07420858
0.07254415
0.07052053
0.0673008
0.06279248
0.05737938
0.05286001
0.05058737
0.05010604
0.05084788
0.05147131
0.0512228
0.05019859
0.04874887
0.04580378
0.03941655
0.02982019
0.01930489
0.008571718
0.0002701298
-0.00551477
-0.008231489
-0.00857931
-0.007852991
-0.007947736
-0.01012311
-0.01410348
-0.01884193
-0.02226463
-0.02259664
-0.01903922
-0.01168199
-0.002051
0.007421338
0.01527053
0.02037835
0.02270607
0.02259445
0.02172676
0.02170207
0.0230121
0.02550995
0.02795398
0.02918844
0.02853933
0.02646443
0.02471148
0.02432738
0.02589779
0.02920857
0.03277283
0.03604829
0.03972158
0.04436855
0.0496319
0.05447666
0.05763618
0.0601504
0.06267077
0.06577684
0.06792231
0.06702061
0.06230015
0.05292584
0.0403374
0.02719847
0.01512831
0.002261456
-0.01295792
-0.02835298
-0.04184867
-0.05464903
-0.06504203
-0.07246286
-0.07512626
-0.07182042
-0.06348831
-0.05177688
-0.03930105
-0.02918593
-0.02271415
-0.0181526
-0.0139608
-0.009427063
-0.003960406
0.002040085
0.006526348
0.006538976
0.001577144
-0.008371865
-0.02263647
-0.03782633
-0.05051206
-0.05710903
-0.05674344
-0.05202631
-0.04418765
-0.03454991
-0.02393056
-0.01317516
-0.003664112
0.005169453
0.01284255
0.01949455
0.02590841
0.03195341
0.03761198
0.04210285
0.04416355
0.04186716
0.03403096
0.02001713
0.001915435
-0.01506862
-0.02771224
-0.03462628
-0.03491122
-0.03101482
-0.02447139
-0.01744294
-0.011948
-0.008184853
-0.003656829
0.003458996
0.01295545
0.02450073
0.03648453
0.04721096
0.05533756
0.05883841
0.05570625
0.04505404
0.02855606
0.01099925
-0.005256586
-0.02004771
-0.03024252
-0.03754932
-0.04231823
-0.04536334
-0.04836512
-0.05264287
-0.05680282
-0.05897058
-0.05888479
-0.05552544
-0.04980385
-0.04236787
-0.03417847
-0.02637393
-0.0196897
-0.01600522
-0.01642713
-0.02055341
-0.02726758
-0.03437716
-0.0390663
-0.03962073
-0.0367381
-0.03148563
-0.02539934
-0.01899187
-0.01318119
-0.008631878
-0.004404269
-0.000337284
0.003933785
0.007452503
0.009498349
0.009662981
0.008445727
0.005467033
0.001261978
-0.003131168
-0.006926631
-0.009453435
-0.01013443
-0.009038149
-0.007287507
-0.005406929
-0.002991141
-0.0005888465
0.001442939
0.003754271
0.007135432
0.0110288
0.01544071
0.02094945
0.02587577
0.02892684
0.03064709
0.0306557
0.027868
0.02151929
0.01217517
0.002966934
-0.002923942
-0.004747914
-0.005329196
-0.00411926
-0.001367141
0.003178225
0.009151902
0.01381372
0.01686062
0.01987754
0.02295809
0.02659639
0.03012508
0.03270798
0.03411248
0.03433322
0.03331485
0.03084148
0.02646089
0.01958552
0.01033947
-0.0001222446
-0.01073947
-0.02141951
-0.0347432
-0.04663804
-0.05603119
-0.06325623
-0.0679648
-0.0689825
-0.06604117
-0.05987191
-0.05180702
-0.04120293
-0.02955984
-0.01865943
-0.009900767
-0.003882408
0.0006910556
0.003743736
0.005079787
0.004939113
0.002972021
0.0004157907
-0.002724747
-0.005666388
-0.00750031
-0.0082304
-0.008965823
-0.01020824
-0.01223294
-0.01513478
-0.01857416
-0.02242912
-0.02526817
-0.02635249
-0.02475806
-0.02098868
-0.01664429
-0.01326437
-0.01165734
-0.01195855
-0.01501039
-0.0210038
-0.02888446
-0.03524347
-0.03958358
-0.04129735
-0.03998251
-0.03537113
-0.02761436
-0.01798559
-0.008468713
-0.0003766595
0.005048125
0.008350569
0.009706562
0.01034932
0.0111228
0.01255121
0.01430188
0.0155413
0.01538697
0.01349877
0.009987927
0.004990366
-0.0009689241
-0.007014872
-0.01205573
-0.01501923
-0.01614558
-0.01556082
-0.01270894
-0.008385531
-0.003768594
-0.0006215226
0.001893591
0.005132983
0.008712333
0.01240066
0.01648054
0.02231117
0.02868302
0.03524374
0.04075875
0.04395896
0.04621267
0.04812749
0.04969957
0.0508445
0.05214297
0.05488253
0.0593452
0.06451894
0.06989837
0.07371992
0.07634552
0.07773278
0.07610076
0.07232115
0.06629981
0.05857672
0.05105514
0.04545227
0.03967071
0.03275306
0.0246429
0.01401347
0.0005206205
-0.01315808
-0.02624882
-0.03499353
-0.04024745
-0.04417733
-0.04599022
-0.04590459
-0.04367129
-0.03890584
-0.03293581
-0.0283563
-0.02495755
-0.02194828
-0.01789653
-0.01310656
-0.008919981
-0.006085629
-0.00451375
-0.00407065
-0.005294574
-0.009240218
-0.01636648
-0.02629196
-0.03623784
-0.04537404
-0.05261496
-0.05743989
-0.05913612
-0.05645393
-0.05091529
-0.04481466
-0.03969891
-0.03217009
-0.01864942
0.0003443833
0.01802252
0.03300471
0.04729262
0.06063321
0.0711639
0.07870555
0.08298157
0.0840686
0.08251901
0.07841787
0.07090862
0.06126388
0.05302212
0.04501856
0.0354192
0.02428561
0.01248063
-0.0003871521
-0.01325483
-0.02319447
-0.03005087
-0.03424675
-0.03264846
-0.02357771
-0.01011693
0.004931066
0.01384667
0.01607306
0.014913
0.01103616
0.004510722
-0.003577059
-0.01467337
-0.02971303
-0.04819557
-0.06626634
-0.08096979
-0.09792759
-0.1160544
-0.1364108
-0.1573635
-0.1796523
-0.2063199
-0.2393041
-0.2779603
-0.3113229
-0.3154815
-0.2753774
-0.1843789
-0.07450882
0.02827604
0.1220398
0.1980909
0.2493822
0.2866675
0.3148892
0.323788
0.3121269
0.277547
0.2155105
0.1325462
0.06194609
0.00193556
-0.03919597
-0.06857642
-0.08878755
-0.0994273
-0.09925996
-0.09072514
-0.07886754
-0.07028013
-0.07162587
-0.07973486
-0.08695758
-0.08665963
-0.07787149
-0.06146622
-0.03591736
-0.00749017
0.02725402
0.0555469
0.07625492
0.09228965
0.09571636
0.08827088
0.06823577
0.03394202
-0.0140183
-0.07033942
-0.1120969
-0.1375374
-0.1442486
-0.1401744
-0.1304688
-0.1093705
-0.07639709
-0.03714538
-0.0007329909
0.03485716
0.07156043
0.09982368
0.1159081
0.125385
0.1268925
0.120781
0.1059882
0.08519043
0.06568866
0.04641747
0.02825903
0.01364908
0.006778411
0.005365119
0.005859546
0.008738478
0.01566188
0.02788523
0.04403046
0.06215369
0.0807474
0.09506468
0.1052539
0.1096316
0.1067857
0.09518319
0.07356393
0.04440577
0.01026408
-0.02981367
-0.07257358
-0.09826156
-0.1225482
-0.1444354
-0.1571028
-0.161218
-0.1603648
-0.1537178
-0.1383579
-0.1157337
-0.0931219
-0.07204786
-0.05232815
-0.03661938
-0.02168625
-0.01062489
-0.002249047
0.003199524
0.005114665
0.003800676
-0.001398773
-0.01009226
-0.02116263
-0.03259237
-0.0427299
-0.05006626
-0.0546675
-0.05599643
-0.05395365
-0.04896366
-0.04106201
-0.03046393
-0.01750148
-0.003350821
0.00942259
0.01814316
0.02593038
0.03304601
0.03951918
0.04443341
0.0468227
0.04579758
0.0411546
0.03393262
0.0250693
0.01550749
0.004581369
-0.007569766
-0.01832305
-0.02646487
-0.03233788
-0.0369285
-0.03880803
-0.03758621
-0.03263733
-0.02465389
-0.01396602
-0.002465477
0.01059392
0.02486586
0.03654616
0.04368756
0.04679986
0.04665409
0.0438944
0.03991668
0.03561782
0.03177008
0.02746843
0.02279696
0.01946279
0.01810592
0.01861278
0.02066162
0.02385028
0.02801
0.03378251
0.04126476
0.04994493
0.05994845
0.06997694
0.07901646
0.08837156
0.09671023
0.1037448
0.1087735
0.1122653
0.1150008
0.1160478
0.1150942
0.1119474
0.1055738
0.09610839
0.08453292
0.07102108
0.05701987
0.04282109
0.02838858
0.01580246
0.006329182
-0.001182757
-0.006354672
-0.01010506
-0.01387832
-0.018304
-0.02262817
-0.02659919
-0.0313745
-0.03747617
-0.04525002
-0.05363176
-0.06238125
-0.07062626
-0.07781754
-0.08336901
-0.08658619
-0.08807442
-0.08652897
-0.08324626
-0.07890233
-0.07362314
-0.06786252
-0.06222487
-0.05686874
-0.05185368
-0.04844307
-0.04566561
-0.04284443
-0.03905409
-0.03435782
-0.02962536
-0.02567584
-0.02310522
-0.02040147
-0.01652561
-0.01161042
-0.006049633
-0.0009341135
0.003126865
0.00622172
0.009083527
0.01172559
0.01349895
0.01440363
0.01487097
0.01430538
0.01228627
0.00899871
0.005267518
0.002005258
0.00114129
0.002656857
0.00573448
0.009972689
0.0152798
0.02043307
0.02495107
0.02896262
0.0319516
0.03338202
0.03312678
0.03128128
0.0277794
0.02399578
0.02144792
0.01938471
0.01792636
0.01730576
0.01831139
0.02101455
0.02515978
0.02949312
0.03443031
0.04062992
0.04700059
0.05362131
0.06087659
0.06774658
0.0744192
0.0806095
0.08535211
0.08783347
0.08816183
0.08535189
0.07942871
0.07145832
0.06256192
0.05384613
0.0452975
0.03770291
0.0316409
0.02671737
0.0222103
0.01769361
0.01379306
0.01272851
0.01374176
0.0162131
0.01918081
0.02187201
0.02321674
0.02229863
0.01961674
0.01573893
0.01227285
0.008243199
0.003130116
-0.003112578
-0.01035174
-0.01718552
-0.02392339
-0.0311517
-0.03727874
-0.04060337
-0.04152561
-0.04100688
-0.03930908
-0.03749036
-0.03701764
-0.03695039
-0.03704527
-0.0364378
-0.03485386
-0.03226202
-0.02940876
-0.02699821
-0.02585279
-0.0260925
-0.02836866
-0.03266567
-0.03802862
-0.04371762
-0.04961061
-0.05465858
-0.05915814
-0.06366194
-0.06636097
-0.06870913
-0.07120941
-0.07274793
-0.07386491
-0.07475372
-0.07546498
-0.07542425
-0.07405593
-0.07205319
-0.07020691
-0.06896431
-0.06797752
-0.06680773
-0.06629821
-0.06712891
-0.06901887
-0.06998872
-0.06891129
-0.06516229
-0.05858974
-0.05010422
-0.04097618
-0.03139991
-0.02012882
-0.008515897
0.002179422
0.01286882
0.02289514
0.03179251
0.03989479
0.04804984
0.05448143
0.05979195
0.06456896
0.06896615
0.07255053
0.07586647
0.07925883
0.08261836
0.08520296
0.08679527
0.08724045
0.08727665
0.08669478
0.08568799
0.0847912
0.08412795
0.08375601
0.08296133
0.08124397
0.07845695
0.07591014
0.07367521
0.07191515
0.06979679
0.06755929
0.06555448
0.06394998
0.06202693
0.05935668
0.05619382
0.05199806
0.04621101
0.04020815
0.03391807
0.02831754
0.02343397
0.01886002
0.01377262
0.009328958
0.004560405
-0.001472834
-0.008277803
-0.01539595
-0.02296054
-0.03126103
-0.03966086
-0.04678176
-0.05249921
-0.05732029
-0.06032059
-0.06136713
-0.06068176
-0.05877634
-0.05617764
-0.05306431
-0.04868593
-0.04267919
-0.03632237
-0.02993832
-0.02339152
-0.01671204
-0.01023807
-0.004917784
-0.001869518
-0.0005946454
-0.0003768225
-0.001365991
-0.003513511
-0.006569465
-0.01008909
-0.01320953
-0.01512439
-0.01604822
-0.01662597
-0.01705282
-0.01690083
-0.01665572
-0.01652946
-0.01683109
-0.01763651
-0.01824005
-0.01815267
-0.01795437
-0.01857472
-0.02050279
-0.02394933
-0.02866821
-0.03386093
-0.03971849
-0.04558078
-0.05121551
-0.05605615
-0.06002894
-0.06345706
-0.06600553
-0.06734878
-0.06800989
-0.0680826
-0.06737773
-0.06574008
-0.06305797
-0.05884036
-0.0537861
-0.04916437
-0.04422237
-0.03918487
-0.03399703
-0.02819927
-0.02170524
-0.01537247
-0.009458077
-0.00381421
0.001917732
0.00773401
0.0141503
0.02105662
0.02726581
0.03361582
0.03890403
0.04255268
0.04519378
0.04697203
0.04774752
0.04747493
0.04615619
0.04336568
0.03955423
0.03449728
0.02809327
0.0220933
0.01660291
0.01118967
0.00544241
-0.0008725949
-0.007100807
-0.01163171
-0.01420607
-0.01581897
-0.01691772
-0.01704679
-0.01668456
-0.01623499
-0.01514675
-0.01328617
-0.01052492
-0.006985039
-0.003134086
0.0007488512
0.005380627
0.0105763
0.01546612
0.02083114
0.02600893
0.03109412
0.035932
0.03964836
0.04268132
0.04498942
0.04630577
0.04653762
0.04601924
0.04458737
0.042437
0.04021448
0.03782444
0.03556714
0.03341297
0.03037069
0.02580022
0.02073156
0.01590132
0.0109822
0.007176716
0.002975146
-0.00145474
-0.004282912
-0.004715573
-0.004867513
-0.005158238
-0.00594984
-0.006990159
-0.007290503
-0.007028738
-0.006957545
-0.007589538
-0.008700509
-0.01008461
-0.01153895
-0.01343192
-0.01595266
-0.01906057
-0.02267988
-0.02428582
-0.02569346
-0.02672692
-0.02778188
-0.02851925
-0.02829538
-0.02725355
-0.02544408
-0.02337926
-0.02178691
-0.02101111
-0.02046123
-0.01993668
-0.01930956
-0.01862024
-0.01895187
-0.02076227
-0.0236143
-0.02623307
-0.02816778
-0.029686
-0.03094811
-0.03200481
-0.0325349
-0.03162899
-0.02957698
-0.0269648
-0.02381195
-0.02009951
-0.01581265
-0.01141833
-0.008214593
-0.00699009
-0.006712959
-0.006793917
-0.007428889
-0.008707596
-0.0103551
-0.01242932
-0.01450463
-0.01661622
-0.0185005
-0.01941951
-0.02041375
-0.02145784
-0.02184695
-0.02181547
-0.02089582
-0.01820133
-0.0137492
-0.008110458
-0.001806634
0.004663032
0.01089449
0.01590438
0.01910935
0.02112432
0.02158373
0.02044552
0.01747524
0.01308664
0.007355359
0.0001584643
-0.006859753
-0.01231084
-0.01638757
-0.01996027
-0.02341898
-0.02600901
-0.02580253
-0.02381774
-0.0210131
-0.01740563
-0.01232294
-0.006569567
0.0002699087
0.007105399
0.01378491
0.01958955
0.02329072
0.02561973
0.02643067
0.02651813
0.02625093
0.02598715
0.02559245
0.02465402
0.0228601
0.02057738
0.01931843
0.01922028
0.02021154
0.02182008
0.02360498
0.02511106
0.02679007
0.02840019
0.03018415
0.03247568
0.03507708
0.0371858
0.03848774
0.03970132
0.04177634
0.04424462
0.04665772
0.04867711
0.05071604
0.05313535
0.05604499
0.05871199
0.06008781
0.06015201
0.05971408
0.05847488
0.05660694
0.05361595
0.0489412
0.04342927
0.03735602
0.03024083
0.02241256
0.01430903
0.005479777
-0.001816015
-0.007877289
-0.01432758
-0.02127861
-0.02686092
-0.03109949
-0.03445576
-0.0370626
-0.03905847
-0.04024292
-0.04056401
-0.04026996
-0.03938438
-0.03798189
-0.03640196
-0.03414464
-0.03178447
-0.02977882
-0.02793685
-0.02587274
-0.02296293
-0.01967278
-0.01667387
-0.01404488
-0.01135351
-0.008400495
-0.005282122
-0.002936055
-0.0009556019
0.001461953
0.003861047
0.006381672
0.008800335
0.01115786
0.01279114
0.01408017
0.01537576
0.0166098
0.01771023
0.01856643
0.01887531
0.01846228
0.01736994
0.01557696
0.0129757
0.009497388
0.005502527
0.001366399
-0.002373337
-0.006230456
-0.01004522
-0.01365692
-0.01643483
-0.01820796
-0.01986957
-0.02096136
-0.02134539
-0.02125551
-0.02103806
-0.02063134
-0.01962409
-0.01819517
-0.01689517
-0.01611418
-0.01541715
-0.01364851
-0.01093785
-0.008070632
-0.006125238
-0.004449372
-0.002334211
-0.0003188188
0.002145567
0.004674507
0.007058562
0.009457679
0.01211575
0.01467635
0.01711917
0.01896065
0.02034509
0.0212926
0.02154703
0.02155452
0.02095287
0.01987372
0.01832607
0.01591214
0.0129105
0.009500721
0.005892374
0.002673874
-0.0001370384
-0.002177455
-0.003489836
-0.003834787
-0.003914537
-0.0036994
-0.00317341
-0.00253631
-0.001013239
0.000537926
0.001831144
0.002795606
0.003381316
0.003663291
0.004118443
0.004539924
0.004430253
0.004000186
0.003489035
0.003209922
0.00298653
0.003068671
0.003261185
0.003401234
0.003728939
0.004150738
0.004215865
0.003589305
0.00231411
0.001189792
0.000279963
-0.000572811
-0.001406128
-0.00179621
-0.00222413
-0.002931967
-0.003847345
-0.004729002
-0.005937735
-0.007332313
-0.0086453
-0.00958496
-0.01013898
-0.01066427
-0.01093478
-0.01141364
-0.01209655
-0.01287006
-0.01311314
-0.01311048
-0.0132529
-0.01324511
-0.01283988
-0.01174821
-0.01048987
-0.009117639
-0.008311589
-0.007448645
-0.006164218
-0.004568942
-0.002733708
-0.0008076755
0.000889166
0.002295726
0.003429688
0.003957826
0.004142901
0.004166607
0.003901345
0.003465863
0.002668574
0.001480994
0.0003374157
-0.000532357
-0.001105365
-0.001359281
-0.001517856
-0.001636221
-0.001457624
-0.001247566
-0.0007311046
-2.934861e-05
0.0006192695
0.0008765591
0.000772512
0.0001754989
-0.00144005
-0.003300807
-0.004700398
-0.005481322
-0.006216823
-0.007599144
-0.009410431
-0.01096606
-0.01248069
-0.01404314
-0.016171
-0.01854591
-0.02017639
-0.02111483
-0.0213241
-0.02138541
-0.02141024
-0.02141594
-0.02149777
-0.02175991
-0.02232272
-0.02265426
-0.02328753
-0.02394186
-0.02462117
-0.0251388
-0.02550991
-0.02567251
-0.02575056
-0.02579369
-0.02558691
-0.0250095
-0.02399234
-0.02283882
-0.02147143
-0.01954792
-0.01709967
-0.01463871
-0.01265452
-0.01102834
-0.009679214
-0.008408029
-0.006991623
-0.004897149
-0.002236888
3.649153e-05
0.001482912
0.002238194
0.002503061
0.002652337
0.002597422
0.002175978
0.001680491
0.001336686
0.0009514157
0.0009204672
0.001122294
0.001177666
0.001259962
0.001424243
0.001710053
0.002382775
0.003438602
0.004130819
0.003945114
0.004123859
0.004753181
0.0053916
0.00594993
0.006462564
0.007648792
0.009321148
0.01160033
0.01349178
0.01472291
0.01579386
0.0170364
0.01865674
0.01989909
0.02044051
0.02049894
0.02068938
0.02126741
0.02220033
0.0228105
0.02259219
0.02176274
0.02080728
0.02012444
0.01904958
0.01658995
0.01365692
0.01115885
0.009384285
0.007909884
0.006021687
0.003982631
0.002694829
0.001820973
0.001604477
0.0009131984
0.0002945132
2.584218e-05
-0.0001133167
-0.0002211392
-0.0008146454
-0.001656349
-0.002652257
-0.003392391
-0.003723698
-0.003909255
-0.004248208
-0.004682562
-0.005006757
-0.005116584
-0.004832202
-0.004275204
-0.003642753
-0.003074326
-0.002817123
-0.002515351
-0.001866301
-0.0006359093
0.0008373767
0.002218871
0.003950016
0.006133999
0.00837385
0.01070952
0.01232086
0.01276029
0.01332569
0.01432541
0.01556969
0.0169662
0.01827328
0.01948101
0.02028104
0.02086582
0.02124196
0.02155268
0.02177416
0.02177234
0.02162641
0.0212316
0.02054704
0.01978389
0.01890542
0.01795584
0.01688764
0.01544553
0.01361735
0.01162421
0.009135369
0.006452414
0.004060954
0.001491609
-0.0019349
-0.005756051
-0.009831294
-0.0137257
-0.01705966
-0.0199629
-0.02226846
-0.02384411
-0.02447632
-0.02445504
-0.02362194
-0.02233328
-0.02128813
-0.02050016
-0.01923092
-0.01718206
-0.01443527
-0.01171573
-0.009346386
-0.007424642
-0.00606751
-0.005069746
-0.00446165
-0.003908669
-0.003435462
-0.00354864
-0.004072744
-0.00498145
-0.005795113
-0.006694718
-0.007429071
-0.007994385
-0.008635196
-0.009379996
-0.01050619
-0.0116205
-0.01284684
-0.01444971
-0.01572085
-0.01619465
-0.01649236
-0.01713383
-0.01823707
-0.01889941
-0.01873364
-0.01823628
-0.01775114
-0.01787826
-0.01776519
-0.01695476
-0.01562303
-0.01437779
-0.0135993
-0.01329355
-0.01249846
-0.01157547
-0.01030684
-0.008792997
-0.007280813
-0.005794916
-0.003972241
-0.00212199
-0.000538393
0.001173986
0.002554273
0.003869723
0.00523889
0.006326158
0.007316723
0.008148233
0.008505392
0.008919533
0.009430774
0.00932772
0.008359717
0.007048393
0.005760107
0.004923445
0.003693729
0.002927043
0.00257232
0.002248786
0.001871055
0.001323261
0.0009527751
0.001637654
0.002845675
0.003686627
0.004559331
0.005926599
0.007547087
0.008885832
0.009305451
0.009147625
0.008468302
0.007740679
0.007644618
0.007594101
0.007592239
0.007623901
0.00710495
0.006496475
0.005326664
0.004235688
0.003162591
0.001840146
6.214549e-05
-0.001892464
-0.003352035
-0.004511059
-0.005475143
-0.006299976
-0.007200998
-0.008395275
-0.009438769
-0.0100806
-0.00966644
-0.008808178
-0.007704061
-0.006280363
-0.005072546
-0.004279974
-0.00388577
-0.003836775
-0.003494088
-0.002431567
-0.001441153
-0.0008551286
-0.0007441482
-0.000853926
-0.0003537417
0.0005189154
0.0006603392
-0.0005819493
-0.002093524
-0.003212418
-0.004107004
-0.004441572
-0.004648253
-0.005192701
-0.006001405
-0.00695854
-0.008266462
-0.009298226
-0.01010591
-0.01090149
-0.01167314
-0.01232374
-0.01249282
-0.01301279
-0.01329511
-0.01332248
-0.01305706
-0.01250983
-0.01172744
-0.0106504
-0.009716735
-0.008621193
-0.007331249
-0.005901827
-0.005150624
-0.003852271
-0.002522914
-0.001235819
0.0004170048
0.002957181
0.006216438
0.009198521
0.01209301
0.01506415
0.01774508
0.0205064
0.02257334
0.02407561
0.02487223
0.02621389
0.02775473
0.02929501
0.0304319
0.03114881
0.0316336
0.03163844
0.0314137
0.03121113
0.03095354
0.03027032
0.02975403
0.02927942
0.02888538
0.02864793
0.02824542
0.0277769
0.02755499
0.02786012
0.02818477
0.02874394
0.02958267
0.03063033
0.03092885
0.03076537
0.03035243
0.02984131
0.0293706
0.02886432
0.02875184
0.02883385
0.0289653
0.02879878
0.02854715
0.02828351
0.02762406
0.02678364
0.02587098
0.02534899
0.02503333
0.02487243
0.02424965
0.02353951
0.02281839
0.02224338
0.02190096
0.02199131
0.02315308
0.02456327
0.02542548
0.02553564
0.02510638
0.02475098
0.0245469
0.02440961
0.02414042
0.02399478
0.02365725
0.02310032
0.02199901
0.0202372
0.01821185
0.01618194
0.01415041
0.01178054
0.00973453
0.007168339
0.004258724
0.001539346
-0.0002557655
-0.001214864
-0.002210302
-0.003252398
-0.004357891
-0.005119843
-0.005633196
-0.006285261
-0.007226562
-0.009085571
-0.01105026
-0.0121761
-0.01358843
-0.01519468
-0.01710057
-0.01950601
-0.02130585
-0.02263004
-0.02393573
-0.02523419
-0.02691313
-0.02846707
-0.02970502
-0.03065486
-0.03121899
-0.03176424
-0.03175854
-0.03154085
-0.03116828
-0.03065637
-0.03016884
-0.02980263
-0.02954339
-0.02892042
-0.02805903
-0.02698833
-0.02592862
-0.02483396
-0.02411536
-0.02336403
-0.0219238
-0.01996038
-0.01788058
-0.01626797
-0.01514673
-0.01457024
-0.01388515
-0.01335361
-0.01269774
-0.01199043
-0.01153442
-0.01148784
-0.01140377
-0.0109779
-0.01086022
-0.01086238
-0.01100532
-0.01086327
-0.01037526
-0.009553865
-0.008479857
-0.007834318
-0.007460546
-0.006984726
-0.006158548
-0.005279756
-0.004393501
-0.00342408
-0.00219243
-0.0009395983
9.758642e-06
0.0005313211
6.999557e-05
-0.0007248498
-0.001494143
-0.001930297
-0.001994567
-0.001909426
-0.001781306
-0.001460903
-0.0008730883
0.0001394638
0.001148884
0.001778984
0.002800185
0.004457046
0.007036717
0.009797793
0.01187712
0.0133586
0.01461884
0.01601966
0.01763972
0.01910537
0.02027814
0.02119134
0.02207856
0.022957
0.02336517
0.02340171
0.02338642
0.02295477
0.02205498
0.02129351
0.02048442
0.01986769
0.0196089
0.01966374
0.01972726
0.02018082
0.02006144
0.01980264
0.01932351
0.01807022
0.0170207
0.01561847
0.01413201
0.01211344
0.009802646
0.007472944
0.004960221
0.00289559
0.0006721205
-0.001547451
-0.003639279
-0.005926817
-0.008452997
-0.01034493
-0.01201285
-0.0130596
-0.01406596
-0.01467738
-0.01486118
-0.01486642
-0.01457484
-0.01424722
-0.01419574
-0.01412061
-0.01262526
-0.0112334
-0.01099231
-0.01125648
-0.01164013
-0.01132349
-0.01072436
-0.0100677
-0.009315366
-0.008501162
-0.007164495
-0.005971673
-0.005050504
-0.003903302
-0.002784648
-0.001871173
-0.0009239742
-0.0002558793
5.612618e-05
8.210679e-05
-0.0001426307
-0.0004433484
-0.0008567918
-0.001296633
-0.00181262
-0.00255947
-0.003277633
-0.003492042
-0.003695102
-0.003853605
-0.00428669
-0.005193682
-0.006081302
-0.006641299
-0.006762007
-0.006834063
-0.00704116
-0.00766354
-0.008354209
-0.008959539
-0.009701711
-0.01034621
-0.01116138
-0.01214681
-0.01340575
-0.01464016
-0.01609066
-0.0173575
-0.01828204
-0.01912663
-0.01964965
-0.01991395
-0.02012464
-0.02003947
-0.01962354
-0.01923879
-0.01870098
-0.01750819
-0.01619079
-0.01485739
-0.01400945
-0.01335514
-0.01217201
-0.01041762
-0.008301665
-0.006808361
-0.005881944
-0.005388969
-0.004295935
-0.003071288
-0.002663223
-0.00289251
-0.0024843
-0.001417822
-5.658412e-05
0.001906689
0.00369329
0.005633386
0.007771585
0.01009952
0.01207124
0.01422613
0.01613702
0.01782227
0.01924598
0.02024027
0.02108343
0.02144614
0.02120106
0.02055789
0.01946
0.01835593
0.01696905
0.01536094
0.01376595
0.01173991
0.00936637
0.007409045
0.005793851
0.004420914
0.00288771
0.001048474
-0.0009273463
-0.002223674
-0.002989485
-0.003705415
-0.004632254
-0.005407414
-0.005840339
-0.006460526
-0.007224008
-0.008540337
-0.01058443
-0.01262106
-0.01457786
-0.01658109
-0.0185843
-0.01989705
-0.0202903
-0.02093918
-0.021521
-0.02152826
-0.02143975
-0.02193866
-0.0221167
-0.02128535
-0.02032763
-0.01932324
-0.01798864
-0.01656529
-0.01536595
-0.01395613
-0.01226722
-0.01073537
-0.00956227
-0.00907683
-0.008393177
-0.007404784
-0.006376124
-0.005628113
-0.005221312
-0.005032447
-0.004917594
-0.004352419
-0.003624061
-0.003190911
-0.002985809
-0.003057689
-0.002690482
-0.001746247
-0.000993265
-0.001316906
-0.001924296
-0.002181876
-0.002383133
-0.00243777
-0.002720198
-0.002976778
-0.003170186
-0.003563708
-0.003834936
-0.003564965
-0.003163121
-0.002894083
-0.002926826
-0.003040117
-0.003174293
-0.003331201
-0.003332988
-0.003555344
-0.00362662
-0.003225804
-0.002448502
-0.001740847
-0.001380889
-0.001293473
-0.001178592
-0.0009330971
-0.0008254924
-0.0006818823
-0.0006580762
-0.0007800179
-0.0009606814
-0.0006908145
0.0001149098
0.0007648634
0.001371536
0.002155689
0.002675828
0.002993684
0.002568627
0.001594487
0.0006647034
9.72703e-05
-7.957262e-05
-0.0001701484
-0.000533526
-0.0008402528
-0.001240215
-0.001847853
-0.0020289
-0.002020322
-0.001981682
-0.002185151
-0.002178978
-0.002202628
-0.001827738
-0.001202794
-0.0006442294
-0.0001844202
0.0003700817
0.001222096
0.001919434
0.001949933
0.001962302
0.002409119
0.002920976
0.003512685
0.004230548
0.004300579
0.004264384
0.004456881
0.005185181
0.006266584
0.007636449
0.008582965
0.009386682
0.01036789
0.0119872
0.01361178
0.01438276
0.0143301
0.01415768
0.01455109
0.01492948
0.01526167
0.01560342
0.01580964
0.01577739
0.01561875
0.01523018
0.01465855
0.01428864
0.01393023
0.0133203
0.01310752
0.01241512
0.01174083
0.01124338
0.01103158
0.01067808
0.009886685
0.009017444
0.008436742
0.00744916
0.006455563
0.00588111
0.005608264
0.005469213
0.005513189
0.005432952
0.005087758
0.005440272
0.006443979
0.007666421
0.008776302
0.01000193
0.01152696
0.01290997
0.01419784
0.01463722
0.01466279
0.01478648
0.01492372
0.01541333
0.01627531
0.01714731
0.01758113
0.01778894
0.01782055
0.01783777
0.0177391
0.01705482
0.01620663
0.01513843
0.01368455
0.0119953
0.01001709
0.0081098
0.006120643
0.004167999
0.002050392
0.000384436
-0.001524118
-0.003396754
-0.004894589
-0.006012367
-0.006882821
-0.007869272
-0.009092052
-0.01099725
-0.01246587
-0.01294732
-0.01299427
-0.01308256
-0.0135266
-0.01392766
-0.01477106
-0.01541753
-0.01544235
-0.0155132
-0.0156754
-0.01567734
-0.01591318
-0.01580716
-0.01599432
-0.01684314
-0.01748027
-0.01748933
-0.01706614
-0.01665993
-0.01599542
-0.0153871
-0.01504125
-0.01471661
-0.01446537
-0.01406565
-0.0135653
-0.01292621
-0.01233433
-0.01128888
-0.009656395
-0.007816201
-0.006533313
-0.00643802
-0.006667579
-0.007273909
-0.007789832
-0.008008577
-0.007620414
-0.007418163
-0.008250723
-0.009184553
-0.009623097
-0.009306184
-0.008642624
-0.008433563
-0.008824356
-0.009335507
-0.00895384
-0.007960576
-0.006839616
-0.005333508
-0.004389205
-0.004129865
-0.003607189
-0.002983099
-0.002153106
-0.001575391
-0.0002726958
0.001131909
0.00285774
0.00435389
0.004945099
0.005223244
0.005477589
0.006015824
0.006479976
0.006600933
0.006610173
0.006613866
0.00689961
0.007242984
0.007320042
0.006538743
0.005877428
0.00515128
0.004847625
0.004942126
0.005287236
0.005373039
0.005134447
0.004837792
0.004528495
0.004764337
0.005398295
0.00607806
0.006685171
0.006750101
0.00642725
0.00585164
0.005158894
0.00451636
0.004070129
0.003941867
0.00383945
0.003895721
0.003944778
0.004283447
0.004943721
0.005668868
0.006680822
0.007709694
0.007433561
0.007002716
0.006546342
0.00630642
0.006424484
0.006417396
0.006344501
0.006018568
0.005458237
0.004860387
0.004197336
0.003655562
0.003369832
0.003156261
0.0023029
0.001213627
0.0002463974
-0.0007130637
-0.001796542
-0.002722698
-0.003463857
-0.004047739
-0.004499955
-0.005003196
-0.00509841
-0.005373762
-0.005178629
-0.005057904
-0.005875391
-0.006513169
-0.006589608
-0.006898245
-0.007492691
-0.00777994
-0.008064007
-0.008583697
-0.008846867
-0.008822206
-0.008801984
-0.009223957
-0.009534406
-0.009812975
-0.01029174
-0.01090831
-0.01165292
-0.01237518
-0.0125536
-0.01225907
-0.01210305
-0.01220486
-0.01257641
-0.0127623
-0.01254397
-0.01242314
-0.01235211
-0.01236756
-0.01236269
-0.01232417
-0.01260122
-0.01257382
-0.01209933
-0.01107697
-0.0102659
-0.00966257
-0.008980662
-0.007681421
-0.006337527
-0.005322414
-0.005347173
-0.006061481
-0.006603969
-0.006508398
-0.006517191
-0.006725685
-0.006708235
-0.00665778
-0.006381114
-0.005686675
-0.005404464
-0.005046014
-0.004521075
-0.003749657
-0.003091662
-0.002123683
-0.001295229
-0.0009045415
-0.0006366807
-0.000731587
-0.0006437651
-0.0008960762
-0.001327387
-0.001577423
-0.001701477
-0.001868665
-0.002055711
-0.002193348
-0.001972917
-0.001833472
-0.002022449
-0.001981836
-0.001378634
-0.00012989
0.001117754
0.001846785
0.002493329
0.003169119
0.003976835
0.003953632
0.003167469
0.002224749
0.001633715
0.001445885
0.001185654
0.001305255
0.001290007
0.001137848
0.00120064
0.001574781
0.001955677
0.002521988
0.002797962
0.002715754
0.002520668
0.002065437
0.001384629
0.0007424907
0.0004494642
0.0002505552
6.172985e-05
-0.0006264466
-0.0009240067
-0.0009515667
-0.0007784037
2.117275e-05
0.0006778735
0.001581886
0.002150423
0.002438276
0.002473869
0.003102885
0.00475764
0.006122136
0.006734274
0.006744766
0.007248497
0.008393197
0.009748064
0.01026505
0.009898272
0.009557759
0.00974334
0.01012039
0.01084163
0.01153277
0.01208525
0.01264252
0.01280902
0.01279153
0.01247882
0.01222633
0.01179367
0.01136636
0.01084983
0.009930398
0.009031792
0.008268325
0.007501339
0.007086829
0.006584292
0.006134998
0.005588482
0.005716648
0.00599538
0.006040446
0.006178181
0.006216299
0.005850087
0.005328683
0.005170272
0.005267739
0.005431755
0.005580811
0.005323065
0.004921409
0.005016642
0.005528534
0.005934604
0.005702619
0.00506948
0.004807237
0.004905657
0.005146182
0.005770081
0.00624213
0.006763783
0.007372084
0.007865772
0.008400864
0.008751675
0.008888125
0.008603708
0.008391044
0.00815761
0.007870755
0.007111218
0.006292104
0.005578506
0.005104467
0.004728312
0.004173056
0.003215601
0.002236216
0.001590863
0.0009581821
0.0002683927
-0.0004440618
-0.001074794
-0.001615955
-0.001945807
-0.001991804
-0.001898671
-0.001805577
-0.001950108
-0.002026181
-0.002333432
-0.002222655
-0.001843458
-0.002412806
-0.003459717
-0.00409504
-0.004569985
-0.004479273
-0.004105399
-0.003744997
-0.003019806
-0.002275839
-0.001465266
-0.0002645843
0.001238349
0.003104324
0.004853188
0.006434546
0.0078011
0.008993611
0.009839939
0.01042328
0.01136783
0.01201051
0.0124154
0.01234767
0.01198409
0.01150677
0.01064428
0.009656644
0.008279699
0.007092848
0.00615762
0.005331342
0.004035778
0.002959573
0.00243091
0.00247875
0.002431383
0.002608886
0.002845292
0.003127044
0.003554087
0.002809892
0.001458024
0.0001914293
-0.0006314622
-0.001185914
-0.001837509
-0.002668634
-0.003608642
-0.004624359
-0.005743325
-0.006647611
-0.007713997
-0.008366631
-0.009072673
-0.009815505
-0.01049883
-0.01120865
-0.01165536
-0.01185985
-0.01204212
-0.01247761
-0.01292865
-0.01354168
-0.01360074
-0.01367894
-0.01383326
-0.01371313
-0.0131238
-0.0126154
-0.01280248
-0.01333649
-0.0139504
-0.01392258
-0.01319366
-0.01228223
-0.01169433
-0.01158954
-0.01177098
-0.01224585
-0.01270942
-0.01354248
-0.01423057
-0.01472221
-0.01507768
-0.01519918
-0.015397
-0.01586817
-0.01623181
-0.01602018
-0.01592755
-0.01585994
-0.01571879
-0.01543333
-0.01515708
-0.0149873
-0.0145476
-0.0140328
-0.01349958
-0.0130496
-0.01242534
-0.01182613
-0.01050502
-0.008748748
-0.006533554
-0.004364664
-0.003164056
-0.002347552
-0.001191126
0.0001632497
0.001392213
0.002658978
0.003606706
0.004406919
0.005439202
0.006990271
0.008594044
0.009655008
0.01021048
0.01120005
0.01262777
0.01387857
0.01424776
0.0140097
0.01404597
0.0140545
0.0142211
0.01425184
0.01430843
0.01436894
0.01464842
0.01481283
0.0147069
0.01459693
0.01458732
0.01467424
0.01515084
0.01569361
0.0162768
0.01660991
0.01646686
0.01632169
0.01650637
0.01662812
0.01673363
0.01672965
0.01680675
0.01684161
0.01673604
0.01617846
0.01534115
0.01422203
0.0129753
0.01191255
0.01162183
0.01157225
0.01114367
0.01034952
0.008901277
0.007749827
0.006649761
0.005249004
0.00416096
0.003386258
0.002354017
0.001465784
0.0009240197
0.0006529181
0.0003428737
0.0005656669
0.001152168
0.002097021
0.002978334
0.003071863
0.002609103
0.002271945
0.001928766
0.002116853
0.00250196
0.002530135
0.002304867
0.001916471
0.001456843
0.0009207689
0.001008956
0.001345935
0.00172605
0.001618752
0.001366583
0.001114264
0.0009637122
0.0008649413
0.0005505677
0.0005540607
0.000898158
0.001464038
0.002044716
0.002401111
0.002704038
0.003385589
0.004003066
0.003755712
0.002845097
0.002200747
0.001908069
0.00182042
0.001721899
0.001369492
0.0006561938
-5.226237e-05
0.0001300179
0.0004329163
0.0002452304
0.0004517243
0.0009373516
0.001304138
0.001460747
0.0009601941
0.0006563277
0.0008264059
0.0015971
0.002382595
0.002859926
0.002684594
0.00219851
0.00183078
0.001670484
0.001843943
0.001771236
0.00150352
0.001121458
0.0006482375
0.0005410243
0.0009747031
0.002030189
0.003137937
0.003930481
0.004618274
0.005676351
0.006914358
0.007695137
0.007553981
0.006853747
0.006326008
0.006020828
0.00554059
0.004793088
0.004006309
0.003350665
0.002629636
0.002218453
0.001610026
0.0006097304
-0.0001250648
-0.0005089151
-0.001085304
-0.001584769
-0.002013325
-0.002378198
-0.002883301
-0.003353017
-0.003929518
-0.0048357
-0.005767629
-0.006121971
-0.006510172
-0.007175699
-0.007626771
-0.007755607
-0.008472137
-0.009485612
-0.01029689
-0.01078263
-0.01082171
-0.01065426
-0.01038555
-0.01031041
-0.01007214
-0.009205596
-0.008090154
-0.007869691
-0.00838062
-0.008787131
-0.008665623
-0.008351208
-0.00784045
-0.00703948
-0.006427533
-0.006069373
-0.006040723
-0.005887324
-0.005423123
-0.004750539
-0.004128873
-0.003872718
-0.004253016
-0.004897736
-0.005390585
-0.00566412
-0.005834619
-0.005764865
-0.005767576
-0.006013238
-0.006243361
-0.006305935
-0.006321761
-0.00653928
-0.006703204
-0.006611552
-0.006850006
-0.00741736
-0.008070768
-0.008658523
-0.009091515
-0.009244744
-0.009155975
-0.009369313
-0.009947846
-0.009929045
-0.009257487
-0.008373382
-0.007984808
-0.008370746
-0.008904931
-0.009043141
-0.008832054
-0.009114336
-0.009468
-0.009663032
-0.009889657
-0.01012764
-0.01036767
-0.01049411
-0.01048292
-0.01043253
-0.01003315
-0.009500311
-0.008626055
-0.007453836
-0.006104694
-0.004788905
-0.003441048
-0.001842312
-0.0003101664
0.001410433
0.002973696
0.004116154
0.005319538
0.006716373
0.008053127
0.009053879
0.009653749
0.009613877
0.009706436
0.01038221
0.0116853
0.0132008
0.01402986
0.01453956
0.01536103
0.01587332
0.01570049
0.01498714
0.01415151
0.01371949
0.01340596
0.01292521
0.01215809
0.01140516
0.01073288
0.01005768
0.009178646
0.008540408
0.008073079
0.007659614
0.007259388
0.006670691
0.006031401
0.006085747
0.006327697
0.006544833
0.006413349
0.00640649
0.006590809
0.006647384
0.006523249
0.006567233
0.006539581
0.006318522
0.005961052
0.005375794
0.004733789
0.004142438
0.00386957
0.003687468
0.003278087
0.00263246
0.002069499
0.001735289
0.002265152
0.003297515
0.003694473
0.003078854
0.00194454
0.001068404
0.0007919305
0.0004769964
6.782167e-05
-0.0003621016
-0.001048511
-0.001786577
-0.002649367
-0.003866674
-0.005063534
-0.006161969
-0.007012162
-0.007692055
-0.008253217
-0.008829368
-0.009349856
-0.009666023
-0.009965746
-0.009951196
-0.009878949
-0.009954033
-0.009977894
-0.01000642
-0.01025822
-0.01044287
-0.01056603
-0.01103542
-0.01164802
-0.01221484
-0.01283629
-0.01268149
-0.0119841
-0.01127901
-0.01073
-0.01041097
-0.009689573
-0.008445872
-0.007578731
-0.007516432
-0.007615189
-0.007149672
-0.006395454
-0.005363859
-0.004248855
-0.003566882
-0.003091491
-0.002541679
-0.001900864
-0.00150327
-0.001416993
-0.001273692
-0.001282441
-0.001793847
-0.001934961
-0.002039708
-0.001935202
-0.00172135
-0.001699138
-0.0016231
-0.001753359
-0.001809265
-0.001746177
-0.001560698
-0.001436621
-0.001552265
-0.001644269
-0.001886095
-0.002282702
-0.00275239
-0.003186253
-0.003194333
-0.002859559
-0.003008376
-0.003285456
-0.003228148
-0.003477502
-0.003912021
-0.004512526
-0.005202258
-0.005787832
-0.005918893
-0.006006145
-0.005908441
-0.005808192
-0.005581678
-0.005566184
-0.005536026
-0.004913213
-0.004010662
-0.003284626
-0.002735699
-0.001990283
-0.001080631
0.0001995726
0.001546996
0.002711251
0.003765553
0.004474611
0.005069557
0.005844846
0.006779993
0.006951618
0.00605685
0.004957663
0.004488972
0.004222825
0.003991235
0.003251176
0.001940334
0.001031217
0.0009818667
0.001473372
0.001799663
0.001503928
0.001253507
0.001452473
0.001757924
0.002138802
0.002252751
0.001991336
0.001988042
0.001896615
0.001678882
0.001766719
0.001754787
0.001468425
0.001271226
0.0009383586
0.0006440545
0.0003940691
-5.050684e-05
-0.0003303784
-0.0003796711
-0.0006609025
-0.0006558706
-0.0005693801
-0.0006645516
-0.0007151567
-0.0002047841
0.00080095
0.001551257
0.001478346
0.000292231
-0.0009344664
-0.001174792
-0.001078367
-0.001459099
-0.002277205
-0.003204426
-0.003947939
-0.004143976
-0.004297649
-0.004656091
-0.005133711
-0.005168419
-0.004555419
-0.003672116
-0.003299462
-0.00362555
-0.003731268
-0.003343614
-0.002485331
-0.001355668
7.866568e-07
0.001083054
0.002135132
0.003079762
0.003826513
0.004428737
0.004896354
0.00521618
0.005639988
0.006233362
0.006959646
0.007447082
0.007603086
0.007402355
0.007106312
0.00673256
0.006238544
0.005993942
0.005496637
0.005204737
0.005164025
0.005207905
0.005014691
0.004867532
0.004442753
0.003902612
0.003706119
0.003955223
0.004143635
0.003982852
0.003858917
0.003919989
0.004173089
0.004678301
0.004771104
0.003959851
0.002696117
0.00168016
0.001021958
0.0008736623
0.0008676208
0.0007051237
0.0001320774
-0.0005791337
-0.001119276
-0.001797029
-0.002551051
-0.003354353
-0.00402111
-0.004589667
-0.005150099
-0.005708345
-0.005972119
-0.00527122
-0.004161601
-0.003259356
-0.002555149
-0.00175949
-0.001035323
-0.0001489668
0.0009358612
0.001842585
0.002383864
0.002833255
0.002857615
0.002271225
0.001750363
0.001645174
0.002020072
0.002194462
0.002076393
0.001791703
0.001696948
0.001650104
0.001483566
0.0004756418
-0.0006710693
-0.001550786
-0.001916185
-0.001852878
-0.001745238
-0.001580719
-0.001410682
-0.001245801
-0.0008490206
-0.0003479008
0.0001866399
0.0006711853
0.0009167372
0.001376511
0.002061899
0.002908521
0.003376963
0.003402444
0.003321845
0.003284324
0.003203457
0.003350103
0.003675127
0.003837622
0.004024015
0.004396049
0.004595476
0.004537505
0.004269892
0.00398508
0.003752548
0.00408069
0.005013563
0.005986397
0.006583804
0.006749937
0.007139241
0.007732043
0.007947566
0.007468837
0.006462117
0.005638285
0.005124156
0.004717927
0.004273987
0.003907155
0.00383457
0.00395586
0.00383829
0.003902523
0.00438033
0.004721564
0.004967238
0.005231401
0.005191476
0.005031835
0.005081187
0.00527091
0.005437235
0.005503671
0.005512549
0.005129726
0.004420938
0.003896788
0.003538518
0.003110065
0.002856794
0.002478335
0.001867416
0.001174315
0.000592802
0.0002682153
0.0004157342
0.001099923
0.001544598
0.001419024
0.001423705
0.001875705
0.003101429
0.003706048
0.003534914
0.002882978
0.002086085
0.0009776279
0.0002522831
-0.0002196742
-0.0006629857
-0.001161691
-0.001715476
-0.002181021
-0.002676014
-0.00299229
-0.003395299
-0.003737449
-0.00414134
-0.004423187
-0.004515477
-0.004721181
-0.004889954
-0.005074164
-0.005460731
-0.005655227
-0.005680493
-0.00548501
-0.005284555
-0.005222805
-0.005131483
-0.005271108
-0.005331195
-0.005591566
-0.006144757
-0.006346365
-0.005996507
-0.005248993
-0.004692557
-0.004157028
-0.003482367
-0.002536167
-0.001630197
-0.001431059
-0.001430887
-0.001261842
-0.0007477973
-0.0001673761
0.0001870156
8.261836e-05
0.0002934467
0.0004632212
0.0006152631
0.0009106785
0.001102748
0.001282059
0.001174998
0.001174485
0.001191492
0.001260242
0.001301292
0.001398301
0.001434472
0.001532424
0.001606436
0.001644746
0.001787056
0.001918022
0.00206836
0.002041864
0.002061293
0.002098446
0.001956523
0.001435213
0.0009457695
0.0006433585
0.0004184668
0.0002150194
-6.538237e-05
-0.0003893823
-0.0006967892
-0.00112331
-0.001648413
-0.002207652
-0.002835845
-0.003312052
-0.003710262
-0.004120496
-0.004425667
-0.004745364
-0.005280836
-0.005627671
-0.005633427
-0.005698613
-0.006014948
-0.006649449
-0.00710081
-0.007636568
-0.008232679
-0.008472789
-0.00831172
-0.00796314
-0.00778845
-0.007895863
-0.007922704
-0.007668819
-0.00745753
-0.007175702
-0.006801985
-0.006518673
-0.006280015
-0.006249821
-0.006174889
-0.00613307
-0.006100214
-0.005847968
-0.005575434
-0.005296523
-0.005090658
-0.004963138
-0.004824255
-0.00466415
-0.004532176
-0.004737501
-0.005027672
-0.005365217
-0.005256482
-0.004878202
-0.004640316
-0.004373656
-0.004206042
-0.004124984
-0.003916545
-0.003606265
-0.003412138
-0.003247423
-0.00306329
-0.00286182
-0.002627119
-0.002404013
-0.002083179
-0.001852186
-0.002030529
-0.002339854
-0.002464643
-0.002365428
-0.00219409
-0.00198979
-0.001786676
-0.001591478
-0.001376442
-0.001071246
-0.0007444028
-0.0004187275
3.812952e-05
0.0005301538
0.00111416
0.001772942
0.002261338
0.002682583
0.003077277
0.003333702
0.003580826
0.003769804
0.003836466
0.003849749
0.00391677
0.003993852
0.004061491
0.004056821
0.004016171
0.003953038
0.003928945
0.003988628
0.004044703
0.004078288
0.004067076
0.003993683
0.003934585
0.003939738
0.003980836
0.004084553
0.004199438
0.004264775
0.004275556
0.004352182
0.004380374
0.004273745
0.004123425
0.004032278
0.004001008
0.003922417
0.003805826
0.003658139
0.003454328
0.003324361
0.003315672
0.003311695
0.003247335
0.003138935
0.003037221
0.002990312
0.002954828
0.002794245
0.002576075
0.002419824
0.002289068
0.002207936
0.002154086
0.00208529
0.002013561
0.001944983
0.001879336
0.001810753
0.001757557
0.00173004
0.00170622
0.001679613
0.001655708
0.001614673
0.00156469
0.001502629
0.001438846
0.001391718
0.00134111
0.001290558
0.001240292
0.001191421
0.001125412
0.001053383
0.0009932624
0.000945627
0.0008931419
0.0008295646
0.0007749793
0.0007487785
0.0007336609
0.0007166537
0.0006973218
0.0006711173
0.0006569256
0.000657618
0.0006470847
0.0006123438
0.0005762586
0.0005454523
0.0005195886
0.0004964395
0.0004744543
0.0004542475
0.0004332707
0.0004078013
0.0003819308
0.0003564913
0.0003393373
0.0003201123
0.0002933391
0.0002679977
0.000243772
0.0002195809
0.0001960993
0.0001747883
0.0001540222
0.0001329374
0.0001108116
9.106394e-05
7.328119e-05
5.64669e-05
3.965788e-05
2.429972e-05
1.029483e-05
-3.774789e-06
-1.763717e-05
-3.227621e-05
-4.540864e-05
-5.757142e-05
-7.009817e-05
-8.378411e-05
-9.779114e-05
-0.0001119547
-0.0001250156
-0.000137438
-0.0001506725
-0.0001659405
-0.0001816057
-0.000195945
-0.0002087153
-0.0002206703
-0.0002326102
-0.0002445282
-0.0002563247
-0.0002675845
-0.0002780005
-0.0002883677
-0.0002987378
-0.0003092535
-0.0003195594
-0.0003297096
-0.0003397189
-0.0003495868
-0.0003592957
-0.0003687746
-0.0003781637
-0.0003874685
-0.0003966558
-0.0004056883
-0.000414636
-0.0004234322
-0.0004320878
-0.0004406191
-0.000449033
-0.00045733
-0.0004655007
-0.0004735414
-0.0004814492
-0.000489224
-0.0004968659
-0.0005043764
-0.0005117534
-0.0005189952
-0.0005261006
-0.0005330686
-0.0005398985
-0.0005465896
