-8.002551e-05
-7.989969e-05
-7.978311e-05
-7.966838e-05
-7.955478e-05
-7.943867e-05
-7.932597e-05
-7.921199e-05
-7.910411e-05
-7.899571e-05
-7.887515e-05
-7.875767e-05
-7.86509e-05
-7.854734e-05
-7.841237e-05
-7.825534e-05
-7.819555e-05
-7.812619e-05
-7.79986e-05
-7.788263e-05
-7.778367e-05
-7.766276e-05
-7.734109e-05
-7.694459e-05
-7.665305e-05
-7.643655e-05
-7.620513e-05
-7.631945e-05
-7.680189e-05
-7.669979e-05
-7.551712e-05
-7.458e-05
-7.436317e-05
-7.530817e-05
-7.632254e-05
-7.623344e-05
-7.589209e-05
-7.583225e-05
-7.582998e-05
-7.568171e-05
-7.551131e-05
-7.539017e-05
-7.45814e-05
-7.035608e-05
-6.726677e-05
-7.095163e-05
-7.522491e-05
-7.491539e-05
-7.386437e-05
-7.384071e-05
-6.760318e-05
-5.999782e-05
-5.836172e-05
-5.302185e-05
-4.480391e-05
-5.75873e-05
-7.992473e-05
-9.26365e-05
-9.359502e-05
-9.373652e-05
-8.330283e-05
-5.73068e-05
-4.132867e-05
-4.142069e-05
-4.124833e-05
-4.105689e-05
-5.950104e-05
-7.324541e-05
-5.759431e-05
-3.018813e-05
-2.468159e-05
-4.361123e-05
-6.986016e-05
-7.97554e-05
-0.0001092187
-0.0001340673
-0.0001370377
-0.0001365445
-0.0001122506
-7.79938e-05
-7.433582e-05
-6.433562e-05
-5.902392e-05
-8.967499e-05
-0.0001532784
-0.000180867
-0.0001767256
-0.0001647148
-0.0001802142
-0.0001992658
-0.0002025359
-0.0001702932
-0.0001150243
-0.0001550996
-0.0001515799
-7.591668e-05
2.698733e-05
5.97573e-05
6.267998e-05
0.0001559684
0.0003066664
0.0003784571
0.0002643829
9.398128e-05
-5.222303e-05
-0.0002283204
-0.0003388005
-0.0003476859
-0.0002904287
-0.0001432971
0.0001064221
0.0003409596
0.0004214864
0.0003824519
0.0004488107
0.0005459174
0.0004433438
0.0002507347
6.68259e-05
-0.0001170031
-0.0003028869
-0.0004905624
-0.0004015066
-0.0001732796
-8.911596e-06
-8.623479e-05
-8.842838e-05
0.0001856461
0.0005134581
0.0006454229
0.00071549
0.001003476
0.001380525
0.001474928
0.001134407
0.0006378286
0.0001256788
-0.0003750524
-0.0007706579
-0.001131653
-0.001156528
-0.0009319675
-0.001180294
-0.001380947
-0.0008916906
-0.0001257141
0.0003299467
0.0003557543
0.0003313948
0.0004659618
0.0008037472
0.0007330261
0.0005979192
0.0009610869
0.0007516738
-5.260629e-05
-0.0004162026
-1.037171e-05
0.0004733775
0.0003908178
0.0001333863
0.0002006773
-6.159846e-06
-0.0004800442
-0.0006150477
-0.0008877113
-0.001514461
-0.002225077
-0.002420688
-0.002378701
-0.002443119
-0.002434203
-0.001883473
-0.001410606
-0.000875331
-0.0005483264
-0.0005555889
-0.0004052724
0.0003136955
0.0005833448
-0.0001420774
-0.001394864
-0.001557342
-2.98989e-05
0.001953992
0.003276503
0.004240407
0.005308193
0.005726606
0.005673424
0.005496289
0.004219247
0.001778037
-0.0007426939
-0.002314705
-0.002520253
-0.002366095
-0.002655497
-0.0025061
-0.002093039
-0.001974979
-0.001399794
0.0005500027
0.003289468
0.004662556
0.003309318
0.000441391
-0.002114085
-0.003161787
-0.001532585
0.002067279
0.004824528
0.006933094
0.008648305
0.00955683
0.008756905
0.00649256
0.005369311
0.005607058
0.005785294
0.005472418
0.004111027
0.002236329
0.0003625997
-0.001444294
-0.0021926
-0.00273348
-0.004005658
-0.005390833
-0.006450325
-0.007765492
-0.008459177
-0.007170899
-0.004652927
-0.00263834
-0.001411388
-0.0004775842
0.000709735
0.001742234
0.001843373
0.002130585
0.003521582
0.004214759
0.004373139
0.005623688
0.006484453
0.005805736
0.004199316
0.003515302
0.002027402
-0.001525668
-0.006353527
-0.01076193
-0.01275178
-0.0134414
-0.01458704
-0.01308309
-0.007636427
-0.001209972
0.002408655
0.002806665
0.002877276
0.004335521
0.006617543
0.008535551
0.009191522
0.009142984
0.008704789
0.005657653
-0.0005682386
-0.006058906
-0.00854787
-0.007381065
-0.004145056
0.0005748463
0.00530932
0.006736192
0.004915396
0.002533457
0.0009819322
-0.001100892
-0.003424112
-0.00532089
-0.006632226
-0.008334027
-0.01121539
-0.01388607
-0.01265848
-0.007670053
-0.0007159181
0.005559214
0.009228045
0.01057831
0.01196065
0.01257637
0.01207148
0.009486998
0.007152209
0.007144252
0.00866796
0.007973495
0.004575835
0.001172075
-0.0004384771
-0.001317047
-0.003436177
-0.006400235
-0.009045938
-0.01043651
-0.009624646
-0.007144612
-0.004697373
-0.004349466
-0.006001192
-0.005151231
-0.002609638
-0.001278805
-6.375171e-05
0.001973655
0.00350972
0.004713341
0.005742417
0.004587037
0.002505987
0.0004160517
-0.00139225
-0.00198774
-0.001882456
-0.001877835
-0.001923845
-0.001056401
0.0003053484
0.0007496083
-0.0002946987
-0.002861594
-0.004806575
-0.004524291
-0.002766122
-0.001992426
-0.002211024
-0.002399874
-0.003391029
-0.00481066
-0.004331764
0.0005187826
0.007277626
0.01064223
0.01034311
0.007319385
0.00333558
-0.0001798377
-0.00194364
-0.0007973548
0.003277465
0.00801412
0.01080969
0.01106107
0.01175712
0.01368482
0.01427336
0.01195319
0.008283162
0.005103228
0.001666205
-0.001068991
-0.002880171
-0.003928426
-0.003202344
-0.0003726612
0.004016232
0.007361545
0.005609494
0.000849254
-0.003514908
-0.005896731
-0.007795188
-0.009826163
-0.01126588
-0.01132419
-0.01038334
-0.008934487
-0.008762505
-0.009578452
-0.007515371
-0.0007081003
0.00791756
0.01393632
0.01559827
0.0149815
0.01309914
0.01051683
0.006846779
0.002993359
0.0003296646
-0.0007448467
-0.0007480146
-0.0007462788
-0.001064891
-0.002496184
-0.004763078
-0.007047074
-0.008812004
-0.01027357
-0.0117333
-0.01253316
-0.01250358
-0.01021689
-0.005789381
-0.0003837796
0.004992636
0.01023026
0.01401583
0.01514801
0.01474353
0.01232646
0.008261867
0.00499723
0.005247388
0.006585476
0.004398379
-0.0006607689
-0.005593347
-0.008721245
-0.008729263
-0.00564959
-0.0006890557
0.00322882
0.005279332
0.006302134
0.005348119
0.003891591
0.002426527
0.001488126
0.002713557
0.004234814
0.005103298
0.005203208
0.00434276
0.004266898
0.004327064
0.003717167
0.001878083
0.00100287
0.001886559
0.003588892
0.003786115
0.001631717
-0.001260419
-0.003785118
-0.005799709
-0.007049291
-0.008527359
-0.009724589
-0.01009175
-0.011613
-0.01366718
-0.01501268
-0.01369115
-0.0114847
-0.009204828
-0.005782008
-0.001402534
0.001731416
0.003343644
0.003616138
0.003514468
0.002934004
0.002404078
0.003556907
0.006112179
0.008978329
0.0112357
0.0120503
0.01108383
0.006844721
8.381689e-05
-0.006588216
-0.01204596
-0.015359
-0.01577523
-0.01452546
-0.0120194
-0.01033122
-0.01068731
-0.01237087
-0.01188337
-0.007958115
-0.003531421
-0.0003827195
0.001058222
0.000747046
0.0004992142
0.0006492276
0.0006227266
-0.0001452632
0.0006027352
0.003039279
0.005418172
0.005986085
0.003978003
0.001270921
-0.0003064179
5.648015e-05
0.003443226
0.007800437
0.007753368
0.003469276
-0.001821651
-0.006252275
-0.008860513
-0.009763021
-0.009016507
-0.007982559
-0.007748888
-0.008275603
-0.009961321
-0.01069082
-0.01020082
-0.007999866
-0.003725746
0.0006884317
0.003930354
0.005532755
0.00636278
0.007018484
0.00787158
0.008470274
0.009194328
0.009781517
0.01014578
0.009833484
0.009695029
0.01054453
0.01109052
0.01143003
0.01231043
0.01312125
0.01161206
0.008654581
0.005010269
0.0006801661
-0.004825371
-0.01232392
-0.01857991
-0.0224672
-0.02416186
-0.02441237
-0.02325813
-0.02063294
-0.01669523
-0.01153102
-0.006045974
-0.0006209769
0.004492521
0.008777442
0.01223779
0.01606409
0.02048956
0.02427207
0.0273592
0.03087455
0.03458293
0.03739405
0.03713153
0.03360404
0.02614336
0.01403321
0.0009598812
-0.009263435
-0.01619704
-0.01930044
-0.01870485
-0.01619349
-0.01432947
-0.01416523
-0.01554564
-0.01693273
-0.01669827
-0.01462213
-0.01086226
-0.005894926
-0.001246021
0.00379889
0.009060141
0.01253845
0.01386682
0.01412444
0.01342329
0.0112821
0.006771566
0.001712492
-0.002647923
-0.005394906
-0.006243321
-0.006206158
-0.006271789
-0.006689192
-0.008411255
-0.00931854
-0.008997324
-0.007426155
-0.005763222
-0.005098926
-0.004600057
-0.004311921
-0.005864513
-0.007479111
-0.008007951
-0.007907484
-0.008561386
-0.009283582
-0.008574667
-0.007024696
-0.006313966
-0.005539218
-0.004044211
-0.002767819
0.0009709755
0.005553863
0.008375312
0.008507907
0.006411087
0.003347746
0.0009730122
-0.001424286
-0.004326234
-0.007370051
-0.01048982
-0.01289494
-0.01411612
-0.01294519
-0.009169201
-0.004311066
-0.0006765402
0.001276686
4.835631e-05
-0.004612267
-0.009233883
-0.01164818
-0.01146415
-0.00849228
-0.003585707
0.00024198
0.001044952
-0.001093034
-0.004998616
-0.009071295
-0.01268364
-0.01556807
-0.01783176
-0.02014286
-0.02264484
-0.02555737
-0.02777776
-0.02860063
-0.02754785
-0.02400694
-0.01732353
-0.01044036
-0.005640003
-0.004717988
-0.008356581
-0.01383489
-0.01892207
-0.02055992
-0.01894835
-0.01351471
-0.003593662
0.008740671
0.01841507
0.02020079
0.0133808
0.001946023
-0.009939304
-0.01774103
-0.01963703
-0.0153317
-0.00641479
0.005432411
0.01684199
0.02512609
0.02777883
0.02327294
0.01343827
-4.646202e-05
-0.01520808
-0.02969535
-0.04022322
-0.04627385
-0.04885407
-0.05016994
-0.05046805
-0.04965161
-0.04787087
-0.04484314
-0.04008801
-0.03455189
-0.02910478
-0.02371843
-0.01827437
-0.01323652
-0.01088984
-0.01209668
-0.01428048
-0.01514771
-0.01373696
-0.009832858
-0.002925941
0.005709221
0.01383238
0.01869212
0.02084111
0.02104894
0.02017822
0.01868547
0.01624166
0.01425552
0.01330279
0.01237
0.01059111
0.008298344
0.005452165
0.001255036
-0.00431708
-0.00968685
-0.01334506
-0.0162214
-0.01858382
-0.019615
-0.01833304
-0.01454888
-0.007537967
0.001628642
0.01224657
0.02263535
0.03079787
0.03694465
0.04108702
0.04386245
0.0460998
0.04723736
0.04746843
0.04739007
0.04776585
0.04795053
0.04786742
0.04727212
0.04598363
0.04457247
0.0426846
0.0403867
0.03858525
0.03834118
0.04006909
0.04361057
0.04618415
0.04643761
0.04617268
0.04577149
0.04506747
0.04498193
0.04646043
0.04842016
0.05081817
0.05481522
0.0580258
0.05761231
0.05557066
0.0525523
0.04828454
0.04312275
0.03942107
0.03652512
0.03386841
0.03238062
0.03159529
0.03136468
0.03214674
0.03249183
0.03075502
0.02626861
0.0190874
0.009574832
2.030949e-05
-0.008142627
-0.01594818
-0.02318981
-0.02984797
-0.03600846
-0.04065826
-0.04342884
-0.04320985
-0.0411072
-0.03887011
-0.03755743
-0.03764216
-0.03988219
-0.04394337
-0.0495415
-0.05572718
-0.06104318
-0.06388842
-0.06408761
-0.05972532
-0.051899
-0.04242615
-0.03378454
-0.02668376
-0.02139607
-0.01773267
-0.01559062
-0.01447758
-0.01277584
-0.009799499
-0.00615339
-0.003151282
-0.001257422
-0.0001503385
0.0001796625
-0.0003448549
-0.001142815
-0.001279645
0.0001414128
0.004950591
0.01260041
0.02238792
0.03396632
0.04604136
0.05802093
0.06869621
0.07788609
0.0845389
0.08730341
0.08652601
0.08207031
0.07380501
0.06063957
0.04068695
0.01793357
-0.0006962771
-0.01158602
-0.01424559
-0.01124748
-0.00694541
-0.004886981
-0.007192508
-0.01362802
-0.02491959
-0.04006223
-0.05651965
-0.071552
-0.08245241
-0.08600791
-0.08049563
-0.07069481
-0.05957857
-0.04939891
-0.04238271
-0.03660462
-0.02951719
-0.02260469
-0.01510316
-0.006219476
0.001711104
0.007178983
0.007651634
0.003711401
-0.0001101109
-0.003060752
-0.00624734
-0.009264964
-0.01194812
-0.01459534
-0.01819856
-0.02292853
-0.02691407
-0.03102416
-0.03478398
-0.03694344
-0.03745215
-0.03678602
-0.03441245
-0.03113849
-0.02761228
-0.0241687
-0.02069836
-0.01588898
-0.008412797
0.0006897063
0.01119723
0.02361781
0.03683925
0.04626505
0.051552
0.05432232
0.05393653
0.04969277
0.04183495
0.03238882
0.02449698
0.02012584
0.01906817
0.02097119
0.02441058
0.02563
0.02269057
0.01689335
0.009849212
0.004400937
0.0009041524
-0.001790242
-0.003585495
-0.00673431
-0.01052208
-0.01372371
-0.0167631
-0.01887765
-0.01946743
-0.01766757
-0.01588805
-0.01506816
-0.01364697
-0.0114118
-0.00984591
-0.008129686
-0.00456129
0.0004466309
0.005891768
0.01123623
0.01727488
0.0247917
0.03299458
0.03993415
0.04606393
0.05073227
0.05294872
0.05322348
0.05040255
0.04251939
0.0281424
0.008795945
-0.0125217
-0.03201282
-0.04667171
-0.05568381
-0.06169647
-0.06670065
-0.0701089
-0.07316666
-0.07676304
-0.08113085
-0.08464988
-0.0855091
-0.08295837
-0.07553012
-0.06350035
-0.04851403
-0.03206234
-0.01477438
0.004049509
0.0245274
0.04343493
0.05854035
0.07160284
0.08397237
0.09500323
0.1016556
0.1031628
0.1020666
0.1011525
0.1005327
0.09919612
0.09573028
0.09065829
0.08491525
0.07888085
0.07256557
0.06615488
0.06032683
0.05521663
0.05177698
0.04958604
0.04769471
0.04547125
0.04183593
0.03591252
0.02612614
0.01343876
-0.0003567567
-0.01464199
-0.02903721
-0.042208
-0.05302402
-0.05982335
-0.06409146
-0.0672906
-0.07059348
-0.0752742
-0.08185661
-0.08964619
-0.09698599
-0.1040904
-0.1108642
-0.1166947
-0.12098
-0.1236318
-0.125151
-0.1250248
-0.1230451
-0.1197275
-0.1146907
-0.1064228
-0.09560981
-0.08249817
-0.06619985
-0.04788167
-0.028266
-0.007659391
0.01138132
0.02820019
0.04217523
0.05139941
0.05701418
0.06230424
0.06803242
0.07341315
0.07775633
0.08189267
0.08683336
0.09179415
0.09563815
0.09867249
0.09839524
0.09205563
0.07670848
0.05089992
0.02032783
-0.006671484
-0.02689448
-0.04097799
-0.04844056
-0.0505407
-0.04905366
-0.04638717
-0.04380039
-0.04064208
-0.03646239
-0.02989223
-0.01836493
-0.003298654
0.0138233
0.03077766
0.04500341
0.05720267
0.06664451
0.07267376
0.07558488
0.07705679
0.07655017
0.07434241
0.06948222
0.06158436
0.05114797
0.0380859
0.02164016
0.004414782
-0.01377448
-0.02960913
-0.04170235
-0.05276156
-0.06508808
-0.0784487
-0.09186171
-0.105494
-0.1169132
-0.1238596
-0.127554
-0.1285377
-0.1278983
-0.1267886
-0.1256815
-0.1245514
-0.1208363
-0.1107642
-0.09451687
-0.07445783
-0.05394131
-0.0364115
-0.02195222
-0.01079063
-0.001122001
0.009799798
0.02301416
0.03811515
0.05508636
0.07074332
0.08397594
0.09301706
0.09739801
0.09726393
0.09429229
0.08934406
0.08224763
0.07616489
0.07095011
0.06551233
0.05996427
0.05566761
0.05167741
0.04636341
0.04045845
0.03338505
0.02520428
0.01754299
0.01099273
0.00514277
-0.00114508
-0.007033381
-0.0129629
-0.01889031
-0.0227607
-0.02462801
-0.02515877
-0.02423789
-0.02338232
-0.02338241
-0.0227021
-0.01938381
-0.01405755
-0.008250862
-0.002235552
0.001195533
0.0001331349
-0.004282367
-0.01092915
-0.01843644
-0.02503372
-0.02988909
-0.03362006
-0.03597422
-0.03770887
-0.0389068
-0.03801448
-0.03531556
-0.03078511
-0.02346198
-0.01405455
-0.003505109
0.005841931
0.01371757
0.02026715
0.02505642
0.02822684
0.03243288
0.03880651
0.04515822
0.051617
0.05809156
0.06500331
0.07009769
0.07260799
0.07281546
0.07110872
0.06969205
0.06945484
0.06954113
0.07010394
0.0718125
0.07393563
0.07592983
0.07729888
0.07844912
0.07887043
0.07825304
0.07662955
0.07364637
0.06803298
0.05728162
0.04188376
0.02476331
0.007845196
-0.006034013
-0.01580076
-0.02163882
-0.02525193
-0.02726518
-0.02764443
-0.02756726
-0.02823887
-0.02965076
-0.03050396
-0.03049165
-0.03018426
-0.02835579
-0.02434218
-0.01942487
-0.01548766
-0.01313189
-0.01338684
-0.01471885
-0.0178478
-0.0235868
-0.03072716
-0.03747894
-0.04605229
-0.05679798
-0.06994398
-0.08452045
-0.09928917
-0.1140217
-0.1264146
-0.1346843
-0.1386412
-0.1398903
-0.1370692
-0.1316161
-0.1263488
-0.1206965
-0.112004
-0.09924117
-0.0828249
-0.06322208
-0.0401943
-0.01492988
0.01042226
0.0342838
0.05470338
0.07188223
0.08707736
0.09978325
0.1092695
0.1159187
0.1204094
0.1225937
0.1207086
0.1148635
0.1077338
0.0994408
0.08972419
0.0803939
0.07171429
0.06384412
0.05628138
0.04851877
0.04070995
0.03282132
0.02544587
0.02047169
0.01741624
0.01530441
0.0142983
0.01429481
0.01471829
0.01643584
0.01922702
0.02137985
0.02188155
0.02015146
0.01504495
0.006194407
-0.005906694
-0.02073901
-0.03707105
-0.05228339
-0.06326195
-0.07046561
-0.07352051
-0.0713208
-0.06471034
-0.0538381
-0.03905367
-0.02263402
-0.007410871
0.004879992
0.01303939
0.0177819
0.02052316
0.02223224
0.02363058
0.02440088
0.0250761
0.02575851
0.02652609
0.02736634
0.02802151
0.02658387
0.02314106
0.0180031
0.01263997
0.008804908
0.005649023
0.002356398
0.0005183565
-0.0003747529
0.001313751
0.006564034
0.01468548
0.02377324
0.03358236
0.04137857
0.04661882
0.0495206
0.04965756
0.04883654
0.04640025
0.04087779
0.0325341
0.02175122
0.009041405
-0.005596116
-0.02010873
-0.03249208
-0.04303121
-0.05167349
-0.05743295
-0.06027704
-0.0611732
-0.06122781
-0.06126407
-0.06220719
-0.06436353
-0.0672436
-0.06941996
-0.06931609
-0.06582391
-0.0576582
-0.04508035
-0.03058666
-0.01701895
-0.007101761
-0.001610979
0.001245724
0.003088559
0.005570241
0.008182767
0.008635708
0.004853519
-0.003327375
-0.01513976
-0.02843375
-0.03883569
-0.04427565
-0.04501885
-0.04294034
-0.04024125
-0.03756225
-0.03517967
-0.03315579
-0.0297379
-0.02545908
-0.02005848
-0.01258307
-0.003385089
0.006065263
0.01323538
0.0175527
0.01971785
0.02076852
0.02092273
0.0210752
0.02276131
0.0256116
0.02837414
0.03079013
0.03295883
0.03344794
0.03079752
0.02729892
0.02460154
0.02167994
0.01909766
0.01674014
0.01392951
0.009872764
0.003605996
-0.005987477
-0.01795573
-0.02878288
-0.03671861
-0.04153409
-0.04304379
-0.04171014
-0.0384341
-0.03245748
-0.02423905
-0.0136051
-0.0008540441
0.01275903
0.0254784
0.03449232
0.0389552
0.04026531
0.03808018
0.03146709
0.02138146
0.008527537
-0.00584609
-0.01934259
-0.02857037
-0.03450716
-0.03797601
-0.03883274
-0.03919168
-0.0365886
-0.03145763
-0.02486105
-0.01619385
-0.005497692
0.005082137
0.01308082
0.01848161
0.02143948
0.02212223
0.02230733
0.02326382
0.02436121
0.02480655
0.02458629
0.02419715
0.02417701
0.02358936
0.02320241
0.02209644
0.0202909
0.01826368
0.01515447
0.01107419
0.005854031
-0.002785676
-0.01364753
-0.02475814
-0.03493555
-0.04268553
-0.04660336
-0.04641958
-0.04278377
-0.0361462
-0.02796295
-0.01879247
-0.008317044
0.001248189
0.009148142
0.01513789
0.01940069
0.02244097
0.02449113
0.02564159
0.02549789
0.02371598
0.02169646
0.01887261
0.01478994
0.01072166
0.007178358
0.005051903
0.004258297
0.005446901
0.009828262
0.0162224
0.02300028
0.0292399
0.03549336
0.04124686
0.0468731
0.05316573
0.05845952
0.06135455
0.06441788
0.0675989
0.07011113
0.07085986
0.06962254
0.06620995
0.06021506
0.05215891
0.04343952
0.03406743
0.02410487
0.01377036
0.002749525
-0.007413447
-0.0156089
-0.0225821
-0.02899681
-0.0357997
-0.04407457
-0.05375912
-0.06377518
-0.07286925
-0.0793956
-0.08304118
-0.08420807
-0.08356006
-0.08113954
-0.07679505
-0.07073578
-0.06338053
-0.05538908
-0.04836808
-0.04329909
-0.04019974
-0.03774662
-0.03580545
-0.03344999
-0.03166349
-0.03282218
-0.03502002
-0.03775197
-0.04101176
-0.04470523
-0.04780645
-0.05045368
-0.05265126
-0.05383998
-0.05337628
-0.05057373
-0.04582085
-0.03839411
-0.02769198
-0.01692063
-0.008895602
-0.002497091
0.00310208
0.007507414
0.0118138
0.01721047
0.02361845
0.03034334
0.03633083
0.04168775
0.04711716
0.05257617
0.05722322
0.06085248
0.06366286
0.06518434
0.06520182
0.06378281
0.06148137
0.05840773
0.05505278
0.05257125
0.05127054
0.05205072
0.0538983
0.05483944
0.05386517
0.05090843
0.04556579
0.03830194
0.03148451
0.02563652
0.02005926
0.01637745
0.01479722
0.01452187
0.01445409
0.01433816
0.01425904
0.01425885
0.01426949
0.01421823
0.01432199
0.01517683
0.01700631
0.01983203
0.02124347
0.02264232
0.02534168
0.02845311
0.03213251
0.03684186
0.04232059
0.04696298
0.04987444
0.05158546
0.05113749
0.04745676
0.04090495
0.0335077
0.02561048
0.0181746
0.01178956
0.005542154
-0.0005024509
-0.007042997
-0.01396691
-0.02127674
-0.02769391
-0.03346724
-0.03793828
-0.04177087
-0.04605636
-0.05179644
-0.0589904
-0.06787855
-0.07719547
-0.08514057
-0.09082884
-0.09453871
-0.09543296
-0.09340233
-0.0901424
-0.08555449
-0.08011164
-0.07454948
-0.06759813
-0.0593348
-0.05053053
-0.04164317
-0.03302338
-0.0258793
-0.02078352
-0.01747902
-0.01517598
-0.01443837
-0.01531846
-0.01560695
-0.01339774
-0.009604022
-0.005249403
-7.692565e-05
0.005051591
0.00841544
0.01006536
0.01029364
0.009500446
0.007878174
0.007102064
0.007203064
0.007575453
0.008669025
0.009789845
0.0103283
0.009826777
0.008047751
0.006183034
0.004249716
0.003002889
0.003273427
0.005381244
0.008539614
0.01243014
0.0162481
0.0198439
0.02303322
0.02541706
0.02687259
0.02774497
0.02861006
0.02875505
0.0270585
0.02422243
0.02086075
0.01660536
0.0114676
0.004548111
-0.002024823
-0.00649543
-0.00953953
-0.01157962
-0.01198701
-0.0118266
-0.01185785
-0.012055
-0.01393312
-0.01682592
-0.01840379
-0.01824741
-0.01615846
-0.01212498
-0.005134421
0.003347582
0.01218152
0.01949907
0.02471772
0.02748149
0.02847672
0.02887246
0.02977691
0.03083324
0.03138465
0.03198491
0.032846
0.03323384
0.03140537
0.02846649
0.02393781
0.01794756
0.0126463
0.008138697
0.005454357
0.00476123
0.006144522
0.009426459
0.0137875
0.0180282
0.02140081
0.02345307
0.02472754
0.02538712
0.02490575
0.02308548
0.02248613
0.02277434
0.02226518
0.01981523
0.01701784
0.0140388
0.01047251
0.006957871
0.004392998
0.002629575
0.00101933
0.001292277
0.002210268
0.001084944
0.0002740063
0.0004590532
0.0006249094
0.0004795222
-4.515397e-05
-0.001805907
-0.003821831
-0.00671353
-0.01100048
-0.01534973
-0.019775
-0.0241412
-0.02842697
-0.03294784
-0.03762378
-0.04214022
-0.04600227
-0.04862947
-0.04998246
-0.0502047
-0.05020859
-0.05092787
-0.05173242
-0.05176528
-0.0507963
-0.04798327
-0.04353578
-0.03766092
-0.03189938
-0.02672106
-0.02268361
-0.01960783
-0.0174361
-0.01570675
-0.01402785
-0.01322812
-0.01158097
-0.00928106
-0.007826069
-0.006254825
-0.005425877
-0.005473928
-0.005599899
-0.005864407
-0.007799109
-0.01111214
-0.01380623
-0.01581555
-0.0176042
-0.01846395
-0.01681867
-0.01311183
-0.007980039
-0.004130606
-0.002706472
-0.002925798
-0.003343471
-0.00424055
-0.004894246
-0.00343113
-0.0003835039
0.003305064
0.008063015
0.01275506
0.01720196
0.02135709
0.02528169
0.02876177
0.03185127
0.03497201
0.03747227
0.03951514
0.04057312
0.04039936
0.03899908
0.03633938
0.03350891
0.03088446
0.02816037
0.02638802
0.02613414
0.02544088
0.02479116
0.02427182
0.02362107
0.02294726
0.02271376
0.02340198
0.02365836
0.02401094
0.02487675
0.02593001
0.02696877
0.02849702
0.02959144
0.03026062
0.03083999
0.03169677
0.03271082
0.03312719
0.03300168
0.03277699
0.0309747
0.02709583
0.02046653
0.0125868
0.004045778
-0.003543509
-0.008852503
-0.01195164
-0.01402549
-0.01415188
-0.01313413
-0.012134
-0.01173243
-0.0107917
-0.009508946
-0.008344296
-0.006522932
-0.003932307
-0.0007497504
0.002012862
0.002964788
0.002230081
0.0002687439
-0.002430754
-0.005169356
-0.007825994
-0.01052944
-0.01205246
-0.01224452
-0.01294907
-0.01367015
-0.01452586
-0.01560929
-0.01708359
-0.01757931
-0.01744035
-0.01741547
-0.01749839
-0.01750644
-0.01749035
-0.01828407
-0.01994649
-0.02041231
-0.01990464
-0.01801294
-0.01488615
-0.01158979
-0.009298259
-0.007636233
-0.006656205
-0.00697892
-0.008758553
-0.009739158
-0.009775803
-0.008963593
-0.00677506
-0.002698951
0.002368019
0.00671247
0.01098253
0.01543519
0.01919389
0.02259199
0.02503134
0.02702764
0.02900929
0.03109927
0.03260222
0.03386682
0.03508666
0.03547984
0.03539933
0.03486287
0.03382898
0.03188617
0.02938106
0.02577402
0.02106746
0.01547743
0.009188203
0.003462469
-0.0005649585
-0.004413635
-0.00793439
-0.01078132
-0.01356025
-0.01692404
-0.02070835
-0.02424346
-0.02722344
-0.02994502
-0.03275281
-0.03455203
-0.03567068
-0.03711031
-0.03759507
-0.038525
-0.04012799
-0.0405037
-0.04030814
-0.04031693
-0.04043658
-0.04054672
-0.04055789
-0.04057194
-0.04062735
-0.04068791
-0.04069333
-0.04068383
-0.04036512
-0.03864853
-0.03664828
-0.0346563
-0.03301738
-0.03136126
-0.02994277
-0.02901619
-0.02744315
-0.02507622
-0.02194766
-0.01814526
-0.0145127
-0.01196528
-0.009860726
-0.007652769
-0.005718308
-0.003951838
-0.002446943
-0.0009306443
0.001272097
0.003211945
0.004825823
0.005411158
0.005763872
0.007941879
0.01014498
0.0110414
0.01206706
0.01311598
0.01403032
0.01490984
0.01560095
0.01608863
0.01799753
0.02055327
0.02348946
0.0261664
0.02699719
0.02760245
0.02770921
0.02636276
0.02421641
0.02224599
0.0197669
0.01700614
0.01420185
0.01149822
0.009555698
0.007893728
0.007042865
0.005593678
0.004798532
0.006021624
0.008767149
0.01231051
0.01631054
0.02073963
0.02558351
0.0295839
0.03310085
0.03597455
0.03857264
0.04051807
0.04213238
0.04282825
0.04366285
0.04499955
0.04556843
0.04499643
0.04365613
0.04164007
0.03822152
0.03286492
0.02755105
0.02398619
0.02138161
0.01863337
0.01605382
0.01425872
0.01178308
0.008595255
0.005119209
0.001100065
-0.002623171
-0.006166757
-0.008888519
-0.01135424
-0.0145797
-0.01710234
-0.01842288
-0.01972654
-0.02022139
-0.02153638
-0.02322838
-0.02500989
-0.02729798
-0.03005516
-0.03279829
-0.03575472
-0.03918905
-0.04295939
-0.04679178
-0.05029042
-0.05243696
-0.05255971
-0.05215221
-0.04978432
-0.04603847
-0.04122346
-0.03453266
-0.02912828
-0.02451441
-0.01927649
-0.01526157
-0.01302948
-0.01107819
-0.009541329
-0.008737323
-0.008156632
-0.00685556
-0.005379422
-0.003855531
-0.002094356
-0.0004508148
0.00270827
0.006292251
0.009381227
0.0118638
0.01423386
0.01649613
0.0189787
0.02099719
0.02234115
0.02333692
0.0239281
0.02503071
0.02616033
0.02640812
0.02730295
0.0288884
0.03041527
0.03203476
0.03399492
0.03623788
0.03770519
0.03919942
0.03917083
0.03744665
0.03572032
0.03375809
0.03156057
0.02895842
0.02615901
0.02380782
0.02200174
0.0194244
0.01610291
0.01257204
0.008320248
0.004358568
0.0001168357
-0.003588566
-0.006426324
-0.009077759
-0.01182878
-0.01458527
-0.01745755
-0.01995133
-0.02211451
-0.02387278
-0.02594164
-0.02896969
-0.03321454
-0.03730822
-0.03927226
-0.03988955
-0.04136881
-0.04134247
-0.03956706
-0.0377513
-0.03620511
-0.03444845
-0.03333916
-0.03172024
-0.03046122
-0.02833109
-0.02602973
-0.02554545
-0.02483787
-0.02286166
-0.02077908
-0.01903264
-0.01698229
-0.01420887
-0.01053133
-0.006831714
-0.003076032
0.001571501
0.006549375
0.01045367
0.01457024
0.01800158
0.02065262
0.02339417
0.02566287
0.02677159
0.02821997
0.02887606
0.02938367
0.03122355
0.03322523
0.03424345
0.03574211
0.03687403
0.03648686
0.0345127
0.03240837
0.03097691
0.02937331
0.02704635
0.02513034
0.02288175
0.01980993
0.01597919
0.01292192
0.01004643
0.006493376
0.001869716
-0.001717012
-0.004302836
-0.006614051
-0.008894499
-0.01069831
-0.01274762
-0.01479139
-0.01625194
-0.01741072
-0.01889403
-0.02042495
-0.02002558
-0.01810745
-0.01606288
-0.01343972
-0.01023045
-0.007376511
-0.004731216
-0.002175175
-2.917656e-05
0.001032476
0.001604012
0.002043846
0.0019023
0.002731339
0.003621127
0.004403225
0.005803077
0.006311073
0.006330289
0.007069344
0.007243936
0.006259675
0.005281355
0.003602198
0.001638281
-0.0001150577
-0.001938067
-0.002498059
-0.002287989
-0.002298757
-0.002444327
-0.002450701
-0.002405556
-0.002520678
-0.004012412
-0.005294509
-0.006374563
-0.00838301
-0.01041072
-0.01076895
-0.01056988
-0.01065075
-0.01073867
-0.01074366
-0.01129205
-0.01291493
-0.01453136
-0.01654768
-0.01851398
-0.01912954
-0.02002709
-0.0216467
-0.02201753
-0.02179102
-0.02167195
-0.02044466
-0.01919521
-0.01912345
-0.0187173
-0.01705019
-0.01638626
-0.01664087
-0.01675388
-0.01641487
-0.014912
-0.01263927
-0.01078259
-0.008871491
-0.006620051
-0.004113336
-0.002222558
-0.0005431274
0.001546251
0.004155927
0.006103476
0.007733527
0.009554365
0.01048003
0.0104098
0.01027433
0.009370243
0.007824895
0.007425782
0.00671835
0.006160543
0.007662966
0.009844597
0.01161669
0.01352328
0.0161119
0.0183609
0.02016154
0.02115245
0.0211586
0.02104544
0.02041605
0.01874195
0.01748512
0.01585237
0.01382204
0.01306743
0.01499676
0.01609902
0.01697979
0.01825688
0.01853294
0.01829012
0.01769251
0.01502757
0.01180273
0.00910654
0.00697028
0.004963076
0.004346194
0.004773671
0.006341037
0.00716535
0.005610472
0.003776813
0.002208555
0.0004753472
-0.001420963
-0.003297125
-0.005071108
-0.007122473
-0.009413957
-0.01136749
-0.01245266
-0.01398182
-0.01483157
-0.01467385
-0.01371696
-0.01313444
-0.0143019
-0.01575457
-0.01718554
-0.01801777
-0.01969514
-0.02198869
-0.02383123
-0.02546565
-0.02699174
-0.0281947
-0.02888241
-0.03042601
-0.0312212
-0.03109604
-0.03123131
-0.03295505
-0.03389176
-0.03215246
-0.03006633
-0.0284521
-0.02620833
-0.02271121
-0.01950273
-0.01675323
-0.01322776
-0.0101254
-0.006850267
-0.003462579
-0.0005264822
0.002884687
0.005557156
0.008423543
0.01122389
0.01334728
0.01503417
0.01696199
0.01927899
0.02138955
0.02345053
0.0252655
0.0267525
0.02786302
0.02801474
0.02831346
0.02914279
0.02978711
0.03044267
0.03051107
0.02952926
0.02814486
0.02767349
0.02781494
0.02783568
0.02775141
0.02685811
0.02502459
0.02286846
0.02023587
0.01741916
0.01466002
0.01208638
0.009903289
0.007741956
0.006015785
0.005492135
0.003980596
0.00194408
-0.0002695193
-0.002695273
-0.005043574
-0.007216363
-0.008150644
-0.008887204
-0.008810467
-0.008049611
-0.007319486
-0.005750153
-0.003794743
-0.002028943
-0.0002958931
0.001478336
0.002573589
0.003106338
0.004246424
0.005194156
0.005240565
0.005242993
0.006625417
0.008092691
0.009121271
0.01018881
0.01060779
0.01055523
0.009474191
0.007613674
0.00541963
0.002910268
0.0007394929
-0.000371462
-0.0003656214
-0.0002640513
4.511473e-05
0.001943596
0.004230722
0.005165785
0.004203294
0.002546608
0.001986106
0.0007520565
-0.0008519323
-0.002627491
-0.003212729
-0.003051454
-0.003028814
-0.003138685
-0.003163535
-0.003131281
-0.003213786
-0.00405965
-0.005670216
-0.006101991
-0.005911366
-0.005923369
-0.006013438
-0.005230574
-0.003633062
-0.002592384
-0.002667898
-0.003411273
-0.004337022
-0.006585312
-0.009097098
-0.01112527
-0.01165874
-0.01152689
-0.01160894
-0.0117301
-0.01171369
-0.01209014
-0.01387715
-0.01475945
-0.01570916
-0.01685116
-0.01572936
-0.01421751
-0.01271855
-0.01057331
-0.007873808
-0.005539525
-0.003171454
-0.0006193279
0.001125964
0.002943872
0.005586256
0.007441915
0.008894203
0.01066324
0.01238848
0.01394633
0.01518215
0.01539147
0.01569316
0.01556778
0.01527757
0.01489645
0.01286814
0.01032907
0.008874152
0.007567216
0.006947099
0.005685538
0.004447554
0.004343809
0.004530441
0.004483573
0.004409173
0.004430363
0.004181996
0.002495977
0.0005080762
-0.001581343
-0.003577166
-0.005745395
-0.00760985
-0.009037004
-0.01028019
-0.01202371
-0.01466254
-0.01771812
-0.02099091
-0.02445363
-0.02716858
-0.02933231
-0.03098325
-0.03121473
-0.03050772
-0.02874617
-0.02653923
-0.02481057
-0.02320332
-0.02131887
-0.02041976
-0.0196936
-0.01763423
-0.01548478
-0.01382226
-0.01185674
-0.009221741
-0.006490835
-0.004212234
-0.001882933
0.001215188
0.004701584
0.008583014
0.01295665
0.01521971
0.01688827
0.01818429
0.01917694
0.02037305
0.02203565
0.0229112
0.02429961
0.02513738
0.02539181
0.02613899
0.02677917
0.02680123
0.02599652
0.02501855
0.02380598
0.022464
0.02150388
0.01983942
0.01779867
0.01634282
0.01477066
0.01341967
0.01169577
0.009772231
0.008002086
0.005971699
0.003922924
0.002986379
0.001715403
0.0003641685
-0.001176821
-0.002914693
-0.004769417
-0.006250127
-0.007638689
-0.008623535
-0.008509057
-0.007874764
-0.007847589
-0.008023814
-0.008033562
-0.007980483
-0.007987136
-0.008039483
-0.00807442
-0.007856272
-0.006723497
-0.004993652
-0.003098936
-0.002630175
-0.002583214
-0.001048131
0.0003719064
0.00182633
0.002661605
0.003999943
0.005569737
0.00676487
0.007713339
0.007957198
0.007869451
0.007764333
0.006421975
0.004597088
0.002779113
0.001714934
7.5331e-05
-0.0006159616
-0.000482624
-0.0004721359
-0.0005872615
-0.0006018033
-0.0005810847
-0.0006409494
-0.0006805814
-0.0006720228
-0.0006782277
-0.0007450235
-0.0007899773
-0.0007998486
-0.001005744
-0.001679062
-0.001251412
-0.0005255825
0.0002993419
0.0005944944
0.001145949
0.001900611
0.002019892
0.001899473
0.001895317
0.001343129
0.001194226
0.001879559
0.002891506
0.004344972
0.005586853
0.007419779
0.009625998
0.01025401
0.009572358
0.008480499
0.007434111
0.007241219
0.006544301
0.004975621
0.004477974
0.004661723
0.00466097
0.004580587
0.004573567
0.004573669
0.004578723
0.004594161
0.004586695
0.003786648
0.001778925
-0.000431477
-0.00219081
-0.003826924
-0.005681806
-0.006496509
-0.006839735
-0.007145537
-0.006619401
-0.006012018
-0.004695001
-0.003531075
-0.003428424
-0.003592599
-0.003567121
-0.004002119
-0.005306455
-0.006265619
-0.006266526
-0.006128162
-0.005171728
-0.003648519
-0.003369609
-0.003605771
-0.003589147
-0.003496944
-0.003539774
-0.003596059
-0.004636613
-0.006259016
-0.006572495
-0.00632736
-0.006627719
-0.008446267
-0.00943936
-0.009229752
-0.009236478
-0.01042374
-0.01183636
-0.01219618
-0.01201117
-0.01205042
-0.01217202
-0.01214231
-0.01213858
-0.01200929
-0.01119381
-0.01074975
-0.01086337
-0.01033494
-0.009512961
-0.009219534
-0.008354637
-0.007119877
-0.006714083
-0.006618627
-0.005180798
-0.003973592
-0.003370487
-0.002183581
-0.0005440481
0.001099282
0.002099363
0.003220773
0.004215713
0.005125684
0.004823534
0.003981015
0.003069967
0.001580897
0.0002931533
-0.001161306
-0.00246341
-0.004040893
-0.005717363
-0.007028515
-0.007356215
-0.008067998
-0.007904052
-0.007230649
-0.006954689
-0.005325119
-0.003119539
-0.002017081
-0.001710719
-0.0002248781
0.0008103916
0.0007124956
0.001217237
0.001583227
0.001774371
0.001892779
0.002591488
0.003517321
0.004665751
0.006446479
0.008032061
0.008889777
0.009654662
0.009921734
0.009860885
0.009177219
0.008480779
0.008474886
0.00859971
0.008512281
0.00841666
0.008456874
0.009184925
0.009852659
0.009877382
0.009788632
0.00983504
0.01051492
0.01120806
0.01218056
0.01361592
0.01393352
0.01369287
0.01341263
0.01232151
0.01106838
0.01023197
0.008589821
0.006879147
0.005475637
0.005237925
0.005286915
0.004467278
0.003763917
0.003415708
0.002678112
0.002381076
0.002106957
0.00120929
0.0001905484
-0.0002791741
-0.0003399478
-0.001776409
-0.003883028
-0.00552698
-0.006552689
-0.007973308
-0.009288974
-0.01074553
-0.01104906
-0.01087057
-0.01106334
-0.01273753
-0.01381531
-0.01450508
-0.01599144
-0.01736025
-0.01881366
-0.01916719
-0.01906441
-0.01909031
-0.01915932
-0.01916161
-0.01919856
-0.01920878
-0.01921407
-0.01926473
-0.01866412
-0.01704495
-0.01578767
-0.0141177
-0.01183423
-0.009665635
-0.007904633
-0.005168825
-0.002555881
-0.001130933
-0.0005689139
-0.0003223072
0.00113001
0.002313261
0.002888901
0.00400947
0.004936416
0.005946985
0.007407917
0.007794941
0.007885315
0.00902018
0.01030304
0.0104986
0.01031169
0.009654239
0.008043978
0.007521215
0.00774387
0.007826943
0.008436417
0.009021815
0.009012144
0.008834147
0.008817052
0.009265239
0.01014368
0.01121218
0.01237964
0.01277052
0.01263381
0.01255998
0.01247007
0.0114135
0.01002001
0.009484169
0.008785786
0.008368069
0.007788939
0.006897489
0.00573003
0.00429068
0.00246644
0.0009215377
-0.0006395022
-0.002897925
-0.005354821
-0.007230235
-0.007726872
-0.007638351
-0.008387499
-0.009056444
-0.00899878
-0.0088901
-0.008913329
-0.008141433
-0.006713657
-0.005059865
-0.002972596
1.224303e-05
0.001808124
0.001765261
0.001889251
0.002898552
0.00393684
0.004656007
0.005460689
0.006401498
0.006958075
0.007310594
0.007032797
0.00674599
0.006078115
0.005151448
0.00445233
0.004409621
0.004102575
0.003916914
0.003890291
0.002570242
0.001142365
0.0001292869
-0.001179971
-0.001597068
-0.001519025
-0.001520555
-0.001854747
-0.002757794
-0.003341011
-0.004115231
-0.004424577
-0.004662905
-0.005500226
-0.005197048
-0.004409103
-0.003544743
-0.002166281
-0.001534737
-0.0002765004
0.0005739676
-0.0008332845
-0.002149543
-0.002893656
-0.004306041
-0.004928574
-0.004809464
-0.004247763
-0.00304117
-0.001124188
0.0004848371
0.0001858011
-0.0004250157
0.0003075512
0.000721351
0.0005286098
0.0003787017
0.0004370954
-0.0002131986
-0.001932757
-0.00281217
-0.003487643
-0.004478817
-0.005082242
-0.004399124
-0.003656814
-0.003910529
-0.00494947
-0.005277728
-0.005122704
-0.005673974
-0.006711858
-0.007722759
-0.007964985
-0.007850324
-0.007886611
-0.007968548
-0.007962202
-0.007942336
-0.008326049
-0.009075861
-0.009530304
-0.009279302
-0.00875112
-0.008041335
-0.007888301
-0.007978415
-0.007970369
-0.007595441
-0.006838709
-0.007344301
-0.008055776
-0.007268226
-0.005775131
-0.005270284
-0.005462913
-0.004810945
-0.004013025
-0.004033983
-0.003591133
-0.002893425
-0.003456918
-0.003634902
-0.003037932
-0.002848533
-0.002327939
-0.00145465
-0.0004762473
0.0004483365
0.001287016
0.002425221
0.003792934
0.005440287
0.007681307
0.009796478
0.01157049
0.01373824
0.01541512
0.01693747
0.01874001
0.0206568
0.02174729
0.02247599
0.02303232
0.0238753
0.02417086
0.02380264
0.02287773
0.02232403
0.02153275
0.02048604
0.01918373
0.01848889
0.01849747
0.01853106
0.01776189
0.01631367
0.01485503
0.01358837
0.01296417
0.01202201
0.01050149
0.009567328
0.007990976
0.007036606
0.005631743
0.003952848
0.002494705
0.001959795
0.002031953
0.002015776
0.001247164
0.0002711545
-0.0005392812
-0.0006665359
-0.0006164456
-0.001149684
-0.002794947
-0.003506943
-0.003339821
-0.003261975
-0.003331869
-0.003342452
-0.003500038
-0.004504077
-0.005823522
-0.006200883
-0.006046586
-0.006038988
-0.006119164
-0.006134365
-0.006167013
-0.006167471
-0.006178057
-0.006197134
-0.006198808
-0.006194431
-0.006213588
-0.006278867
-0.006302051
-0.006293784
-0.006343121
-0.006092668
-0.005265461
-0.005054157
-0.005998276
-0.006782575
-0.007420741
-0.007207742
-0.006716343
-0.007171228
-0.008574547
-0.009600212
-0.01055689
-0.01226161
-0.01405137
-0.01514025
-0.01576951
-0.01699266
-0.01737259
-0.01689271
-0.01758232
-0.01835802
-0.01875942
-0.01919252
-0.02014885
-0.02086498
-0.02084951
-0.02080253
-0.02081573
-0.0199715
-0.01844263
-0.01630109
-0.01399304
-0.01214138
-0.009976733
-0.007648002
-0.005627647
-0.003481739
-0.001386954
0.0002189335
0.001948148
0.003525107
0.004903979
0.006237001
0.008030021
0.009764083
0.01065054
0.0114042
0.01236946
0.01368282
0.0144316
0.01510522
0.01562666
0.01597566
0.01629773
0.01531587
0.01423294
0.01415753
0.01384574
0.01295388
0.01258772
0.01241013
0.01277073
0.01352537
0.01417754
0.01488206
0.01552579
0.01561881
0.016189
0.01686679
0.01656207
0.01526984
0.01480217
0.01449503
0.01394738
0.01289758
0.01156662
0.01093459
0.009707622
0.008225835
0.006611746
0.005405579
0.004288959
0.003107241
0.002724753
0.002750705
0.002699266
0.002584758
0.001855105
0.001147757
0.0003385295
-0.0001602567
-0.0002499932
-0.001506736
-0.002947246
-0.00306953
-0.002834636
-0.002928482
-0.003079106
-0.003062698
-0.003020463
-0.003031007
-0.003296953
-0.004128247
-0.004492198
-0.005141955
-0.005819082
-0.006218902
-0.00586808
-0.005654724
-0.005723054
-0.005713166
-0.005699833
-0.005868165
-0.006717782
-0.007204017
-0.007139676
-0.006868481
-0.005817877
-0.004220016
-0.00406474
-0.003798135
-0.003082247
-0.002956433
-0.003125313
-0.003133289
-0.003065259
-0.003155152
-0.003960432
-0.005033106
-0.005888841
-0.00610748
-0.006827031
-0.007847156
-0.008691007
-0.008782215
-0.008666159
-0.008697138
-0.008782046
-0.008824907
-0.008786757
-0.008761693
-0.008593467
-0.007735446
-0.007261515
-0.006670585
-0.006040442
-0.005935272
-0.005275137
-0.004475958
-0.003664459
-0.003122586
-0.003095102
-0.003150554
-0.003119278
-0.003063456
-0.003044947
-0.00265504
-0.001493493
-0.0007820244
-0.0009427968
-0.001713163
-0.001856582
-0.001724626
-0.00172998
-0.001818886
-0.001356649
-0.0005553663
0.0001546155
0.00160647
0.002194765
0.001995103
0.002417605
0.003803929
0.004725189
0.004639117
0.00449537
0.004544019
0.004062827
0.003242386
0.003045525
0.003147747
0.003145075
0.003093878
0.003082358
0.003068452
0.003072663
0.003253873
0.004072381
0.004498399
0.004414124
0.004912306
0.005669592
0.005750133
0.005612689
0.006173509
0.006927995
0.007185867
0.00785782
0.008218231
0.008761516
0.009457138
0.009510169
0.009329852
0.008738715
0.007842344
0.007039537
0.007751424
0.009092333
0.009377923
0.008943831
0.007860528
0.006666036
0.006341851
0.006417535
0.005800802
0.005011519
0.004962483
0.005691069
0.006433629
0.006477778
0.006367342
0.00637793
0.006432685
0.006568296
0.006837169
0.00652725
0.006296165
0.006360258
0.006421358
0.006344303
0.005818474
0.00492807
0.003926433
0.003576375
0.003626241
0.003584241
0.003340402
0.002422182
0.001949322
0.002535333
0.003354898
0.003377845
0.003176246
0.00319671
0.003649431
0.00444919
0.005035652
0.005677167
0.005886422
0.006569398
0.007183942
0.007582971
0.007993548
0.00834527
0.007511882
0.006167672
0.006475061
0.006581832
0.006288146
0.00554227
0.005361996
0.005044302
0.004101013
0.003025872
0.00206773
0.0005253743
-0.0002577919
-0.0006043658
-0.001485116
-0.002736702
-0.003408738
-0.004018962
-0.004124788
-0.003708511
-0.00392526
-0.003846527
-0.004505036
-0.005487936
-0.005775057
-0.00656968
-0.007936341
-0.0085598
-0.009647497
-0.01095626
-0.01116397
-0.01100102
-0.01117678
-0.0125097
-0.01384475
-0.01393858
-0.01418154
-0.01518462
-0.01614021
-0.01573626
-0.01504401
-0.01432022
-0.01393388
-0.01385438
-0.01311701
-0.01246956
-0.01168392
-0.01079924
-0.009573469
-0.008590485
-0.008484568
-0.008623645
-0.008499359
-0.00806715
-0.008381051
-0.009135542
-0.009986307
-0.01054644
-0.01097825
-0.01131149
-0.01128667
-0.01123483
-0.01131016
-0.01134699
-0.01132837
-0.01141219
-0.01191968
-0.01245828
-0.01318344
-0.01402207
-0.0141918
-0.01417068
-0.01507043
-0.01652823
-0.01704599
-0.01688101
-0.01640369
-0.01555459
-0.01460424
-0.01418161
-0.01423348
-0.01426526
-0.01421716
-0.01420451
-0.01422181
-0.01424938
-0.01383271
-0.01291805
-0.01194053
-0.01147566
-0.01072107
-0.009757964
-0.008756024
-0.007030062
-0.005626201
-0.004457355
-0.003502042
-0.002146517
-0.0007605482
0.0006176191
0.001882715
0.003321587
0.005834596
0.008589986
0.01045615
0.01211205
0.01394503
0.01532086
0.01628066
0.01747364
0.01808429
0.01920545
0.02100799
0.02322451
0.02468219
0.02548848
0.02587763
0.02605912
0.02689284
0.0274667
0.02815852
0.02841608
0.02794369
0.02734217
0.02694511
0.02612492
0.02565213
0.02569413
0.02556366
0.0246748
0.023675
0.0229525
0.02285027
0.02224582
0.02053008
0.01970006
0.01897028
0.0177277
0.01719786
0.01678842
0.01549989
0.01420421
0.01250753
0.01065104
0.00898545
0.007466393
0.006240139
0.005290048
0.004404041
0.003629423
0.002837436
0.001291438
0.0006703468
0.0008409496
0.000903299
0.0007932328
0.0001850063
-0.000549427
-0.0006562246
-0.0009282113
-0.001406458
-0.001936204
-0.002243105
-0.002470001
-0.003332397
-0.004895854
-0.006374087
-0.007035218
-0.007406941
-0.007499165
-0.007475353
-0.007472802
-0.007498076
-0.007545277
-0.00771396
-0.008766625
-0.01006563
-0.01037802
-0.01023133
-0.01087057
-0.01231451
-0.01308291
-0.01300606
-0.01415526
-0.01579711
-0.0159989
-0.01650882
-0.01773866
-0.01847528
-0.01857876
-0.01852761
-0.01860933
-0.01869657
-0.01873231
-0.01876676
-0.01879247
-0.01882413
-0.01884588
-0.01824507
-0.0169409
-0.0161814
-0.01620478
-0.0150813
-0.01295525
-0.0114528
-0.01091243
-0.01090846
-0.01032321
-0.009534549
-0.008729784
-0.008201458
-0.008142263
-0.007453017
-0.006041124
-0.005331509
-0.005467843
-0.005282256
-0.004290363
-0.003674249
-0.002978141
-0.002645856
-0.002680867
-0.002451094
-0.001494615
-0.0008676816
-0.000109454
0.000465183
0.001630859
0.002812781
0.00404288
0.005721189
0.006935895
0.007862184
0.009090205
0.01007426
0.0108879
0.01110034
0.01101198
0.01107009
0.01188614
0.01285343
0.01363275
0.01418242
0.01531672
0.01637601
0.01652371
0.0163871
0.01641895
0.01647345
0.01643299
0.01640815
0.01642336
0.01639465
0.01635394
0.01635121
0.01591502
0.01458196
0.01356609
0.01351316
0.01310524
0.01221258
0.01142617
0.01142332
0.01186003
0.01114517
0.01058229
0.009987019
0.009792229
0.00948024
0.00896687
0.00806773
0.007750964
0.007796278
0.006745532
0.005220642
0.004827627
0.004162708
0.002812065
0.00216086
0.001851418
0.0009966485
-7.547067e-05
-0.0004977273
-0.001056518
-0.00262787
-0.003464339
-0.004128925
-0.004492457
-0.005089951
-0.006062573
-0.007267583
-0.008342237
-0.009254475
-0.01054957
-0.01124614
-0.01156962
-0.01309694
-0.01408476
-0.01397913
-0.01379758
-0.01388465
-0.01430242
-0.01430799
-0.01394049
-0.01388099
-0.01396788
-0.0139687
-0.01397283
-0.01403229
-0.0140532
-0.01404255
-0.01405683
-0.0141256
-0.01415188
-0.01414131
-0.01440917
-0.01533202
-0.0156835
-0.01556356
-0.0155573
-0.01565164
-0.01557066
-0.01471663
-0.01415239
-0.01421943
-0.01389273
-0.01290924
-0.01188489
-0.0115162
-0.01147349
-0.01119793
-0.01091301
-0.01032024
-0.01017433
-0.01010066
-0.009276619
-0.008830729
-0.008676262
-0.007655495
-0.006425981
-0.005252424
-0.003845491
-0.002734464
-0.001534459
-0.0005842514
0.0009072426
0.002179535
0.003669725
0.00478663
0.006352693
0.007330139
0.007548632
0.009481646
0.01188829
0.01313481
0.0137684
0.01465597
0.01584915
0.01696585
0.01725135
0.01770186
0.01837234
0.01908933
0.01973714
0.01976851
0.0196217
0.01960849
0.0196136
0.01958841
0.01957666
0.0195824
0.01958142
0.01952897
0.01953752
0.01956391
0.01948195
0.01872439
0.01804449
0.01757398
0.01714306
0.0167749
0.01675503
0.01627265
0.01457707
0.01361994
0.01222575
0.01119775
0.0106346
0.009466137
0.008515173
0.008465776
0.007533706
0.005920864
0.004657592
0.003038256
0.001036141
-0.0004881964
-0.001910058
-0.003510399
-0.00526727
-0.007135703
-0.008947371
-0.01026243
-0.01038003
-0.01028283
-0.01167024
-0.0131518
-0.0141574
-0.01543119
-0.01587864
-0.01579707
-0.01577499
-0.0158397
-0.01590288
-0.01592619
-0.01594391
-0.0159779
-0.01604313
-0.01612091
-0.01618937
-0.01592677
-0.01572759
-0.01532936
-0.01527666
-0.01533627
-0.01507107
-0.01497375
-0.01461503
-0.01383755
-0.01363511
-0.01375364
-0.01328036
-0.01191484
-0.01097378
-0.01098603
-0.01058486
-0.009613998
-0.008604646
-0.008232715
-0.008163321
-0.007378637
-0.006688519
-0.005881858
-0.005483846
-0.005519498
-0.005542082
-0.00491427
-0.003589027
-0.002791264
-0.002255777
-0.001590711
-0.0008473679
0.0007088715
0.002389323
0.002687203
0.002682511
0.003570628
0.003979169
0.004075618
0.004890097
0.005278894
0.005186016
0.005830621
0.007237825
0.007938251
0.007841801
0.007723794
0.007790426
0.007879776
0.007876063
0.007913769
0.008709307
0.00969102
0.01041213
0.01017588
0.01035252
0.01054004
0.01007421
0.009533397
0.009359107
0.009736179
0.009425783
0.009122146
0.009188248
0.009283482
0.009109214
0.008215928
0.007712493
0.007819615
0.007867042
0.007791956
0.007808731
0.007855114
0.007684759
0.007213842
0.006591551
0.005505711
0.005023299
0.004927235
0.003546764
0.002317703
0.001720777
0.001400159
0.002149745
0.002563161
0.002434259
0.001983279
0.001548067
0.001105098
0.000459651
-0.0002411916
-0.0003322686
-0.0002578907
-9.406126e-05
0.0001468816
-0.0001746938
-0.0003679175
-0.000312585
-0.0002766625
-0.0003053052
-0.0003172518
-0.0003063446
-0.0005092649
-0.001395825
-0.001808271
-0.001720885
-0.002111059
-0.002028405
-0.001511657
-0.001230558
-0.001488485
-0.001527992
-0.002459882
-0.003315973
-0.004668955
-0.005903877
-0.006514859
-0.008099069
-0.008894598
-0.008829202
-0.01012035
-0.01158198
-0.01164788
-0.01139042
-0.0114508
-0.01119925
-0.01115883
-0.009900137
-0.008900323
-0.009000372
-0.00923389
-0.009560659
-0.009314704
-0.008833893
-0.00799353
-0.007059951
-0.006491361
-0.005827651
-0.004546451
-0.003821255
-0.003913154
-0.003797171
-0.002873871
-0.001858999
-0.001367102
-0.001417677
-0.001277785
0.0002209207
0.001566425
0.002544284
0.003602398
0.004565106
0.005763474
0.006721001
0.007800573
0.008555697
0.008948805
0.009120756
0.009106105
0.009089716
0.009102516
0.008914968
0.008090116
0.007691997
0.007729599
0.007748534
0.007699002
0.007479634
0.006613772
0.006219079
0.00636965
0.006389324
0.006286174
0.005784325
0.005549711
0.006188487
0.006421261
0.00628637
0.006241147
0.0062265
0.005178613
0.003590091
0.003330274
0.003525796
0.003474111
0.003424093
0.003416321
0.003408832
0.003401652
0.003389288
0.003328632
0.003294261
0.003479989
0.005077042
0.006133129
0.005985947
0.005376594
0.005090433
0.005767241
0.00602468
0.005939772
0.006680615
0.007668978
0.008413531
0.008474634
0.008360289
0.008383009
0.008755716
0.009558258
0.01012064
0.01082013
0.01105442
0.01137881
0.01262109
0.01336378
0.01357975
0.01329796
0.012622
0.01179122
0.01085682
0.01017095
0.008477391
0.007731256
0.007916104
0.007749914
0.006486894
0.005227263
0.005036087
0.005194248
0.004680745
0.003802194
0.002526807
0.002193792
0.00235503
0.002343288
0.001454515
-0.0001403566
-0.0006316821
-0.0008530173
-0.002555642
-0.003472
-0.003823637
-0.005012339
-0.0060373
-0.006113342
-0.006021407
-0.006621165
-0.007191457
-0.007066156
-0.007651925
-0.008574972
-0.009091708
-0.009164643
-0.009198084
-0.009327614
-0.009394854
-0.009405633
-0.009481068
-0.009516062
-0.009531773
-0.009589153
-0.009638662
-0.009693914
-0.009686956
-0.009002101
-0.007657539
-0.006967654
-0.007063279
-0.00716951
-0.007108793
-0.007077726
-0.0067057
-0.005014106
-0.004211227
-0.004400377
-0.004527519
-0.004458957
-0.004412568
-0.004410181
-0.00441258
-0.004406265
-0.004403233
-0.004135667
-0.002999387
-0.002781749
-0.003047587
-0.003284752
-0.002644979
-0.001976705
-0.001686565
-0.001754179
-0.001829422
-0.00180704
-0.001759614
-0.001836784
-0.002623069
-0.002698164
-0.002384979
-0.002032945
-0.001802417
-0.001768101
-0.001741473
-0.001773931
-0.001771149
-0.001713058
-0.001708069
-0.001771207
-0.001755478
-0.001743851
-0.001783329
-0.001813659
-0.001809659
-0.001804586
-0.001845654
-0.00190608
-0.001914394
-0.001914681
-0.001987802
-0.002050856
-0.002030948
-0.002071382
-0.002153237
-0.002210937
-0.002353808
-0.003326656
-0.004687645
-0.005155737
-0.005071033
-0.006086238
-0.007745139
-0.009036403
-0.01039245
-0.01074242
-0.01066181
-0.01118126
-0.01218929
-0.01265217
-0.01222645
-0.01188043
-0.01157511
-0.01111665
-0.01067707
-0.009662339
-0.008442174
-0.008156421
-0.00828838
-0.008284396
-0.008245832
-0.00829071
-0.008309479
-0.007906414
-0.006759716
-0.006057619
-0.005673094
-0.005500777
-0.005506685
-0.005528009
-0.005513187
-0.005455819
-0.005478937
-0.005525341
-0.005516293
-0.005482174
-0.005487451
-0.004449925
-0.002842899
-0.002628982
-0.00271539
-0.001597442
-0.0002041478
3.567156e-05
6.32233e-05
0.00114355
0.002476422
0.002707691
0.002524863
0.003251173
0.004298969
0.00514234
0.005305617
0.005227678
0.004865222
0.004402379
0.005026636
0.005397513
0.005225087
0.00511242
0.005204796
0.005263847
0.005191083
0.005071163
0.004323123
0.00377566
0.003853135
0.004741093
0.004854795
0.004427044
0.005090937
0.00627124
0.007175849
0.007790386
0.008027903
0.008854059
0.009855279
0.01054908
0.01059261
0.01052063
0.01056024
0.01059177
0.01057588
0.01074533
0.01220413
0.01336848
0.01333715
0.01315941
0.01324435
0.01331191
0.01327797
0.01325469
0.01289048
0.012396
0.01136605
0.01077495
0.01100328
0.01073646
0.01050665
0.01054023
0.01059273
0.01057211
0.01050468
0.009099898
0.007640584
0.007549483
0.007757731
0.007583072
0.006698224
0.00554039
0.004998531
0.004627815
0.004468239
0.00443641
0.004351255
0.004554532
0.006043897
0.005835547
0.004154884
0.00371656
0.004309195
0.004768396
0.005345604
0.005881722
0.006277345
0.005700846
0.004691611
0.00384624
0.003715444
0.003085752
0.001299893
0.0007287188
0.0009451551
0.0002036017
-0.0009879219
-0.001181493
-0.001252721
-0.001671931
-0.00182489
-0.001754068
-0.001731604
-0.001763625
-0.00177095
-0.001814687
-0.00258703
-0.003644373
-0.003787169
-0.004285554
-0.004615162
-0.004588532
-0.004534289
-0.004560328
-0.004580023
-0.004574616
-0.004598032
-0.00458518
-0.004593056
-0.004656983
-0.004680334
-0.004670587
-0.004689893
-0.004728877
-0.004762673
-0.005034552
-0.005090459
-0.00479311
-0.004721954
-0.004977186
-0.006604761
-0.007674354
-0.007612309
-0.007534018
-0.007672627
-0.00772387
-0.00768207
-0.007706814
-0.007781698
-0.007795695
-0.007781516
-0.007819839
-0.007884809
-0.007894582
-0.0078837
-0.007880306
-0.007392976
-0.006499678
-0.005891569
-0.005502085
-0.005254897
-0.005187816
-0.005213246
-0.005276483
-0.005284611
-0.005245287
-0.005250305
-0.005262657
-0.005249502
-0.005206912
-0.004276985
-0.003148248
-0.002607689
-0.00252577
-0.002533189
-0.002501645
-0.002464602
-0.001519281
1.924654e-05
0.0003516065
0.0001780831
0.0006245498
0.001544336
0.002748165
0.003011424
0.002827585
0.00286879
0.00342883
0.004383923
0.005381873
0.004760342
0.003733113
0.003777935
0.004344959
0.004737452
0.00432213
0.003603236
0.002853533
0.002739844
0.00283121
0.002808511
0.002765939
0.002774549
0.002787915
0.00275611
0.002710838
0.002695171
0.00272742
0.002108367
0.001149276
0.0002577829
5.514589e-06
3.240839e-05
-8.191713e-07
-4.196436e-05
-5.5802e-05
-8.874566e-05
-5.374165e-05
-0.0001236236
-0.001557712
-0.00294158
-0.002967305
-0.003131194
-0.004109232
-0.005199042
-0.005678524
-0.005618431
-0.005589222
-0.005648171
-0.005847238
-0.007152739
-0.008248486
-0.008484188
-0.008385654
-0.00841272
-0.008470828
-0.008462109
-0.00844304
-0.008448084
-0.008455719
-0.00845479
-0.008453394
-0.008455003
-0.008456681
-0.00845726
-0.008471581
-0.008491474
-0.008467392
-0.008456634
-0.008511235
-0.008566635
-0.008567586
-0.008541515
-0.00853184
-0.00856295
-0.008572824
-0.008592217
-0.00865041
-0.008639699
-0.008594327
-0.008593358
-0.008660569
-0.008683613
-0.008646976
-0.008643274
-0.008676102
-0.008683128
-0.008650999
-0.008648436
-0.008059657
-0.006419903
-0.005801657
-0.006018254
-0.006079065
-0.005967697
-0.005950098
-0.005769955
-0.004274844
-0.003089579
-0.002958701
-0.002104648
-0.000729952
-0.000348083
-0.0005428313
-0.000289858
0.0009555171
0.002159758
0.002326673
0.002941291
0.004137483
0.004433481
0.004486489
0.004837878
0.005272936
0.005760774
0.007018982
0.007710307
0.007705043
0.008791504
0.009945496
0.01039341
0.01036069
0.01035194
0.0104052
0.01054385
0.01132661
0.01197019
0.01275952
0.01313008
0.01304467
0.01298446
0.01300822
0.01300455
0.01298596
0.01298309
0.01298746
0.01298612
0.01229398
0.01060021
0.0100905
0.01031453
0.01030571
0.01017607
0.01005594
0.008913874
0.00791158
0.007498336
0.007947843
0.009545543
0.01023475
0.01004373
0.009969978
0.01004061
0.01000558
0.01009718
0.01092278
0.01138148
0.01190216
0.01258356
0.01265243
0.01251929
0.0124876
0.0125278
0.01251374
0.01245583
0.01244693
0.01243963
0.01237406
0.01234384
0.01202009
0.01118279
0.01086922
0.01091385
0.01022501
0.009524779
0.009487761
0.00960145
0.009560397
0.009454769
0.009247297
0.007673547
0.006588142
0.006404096
0.004838409
0.003755299
0.003193981
0.001689269
0.0009719236
0.0007931497
-0.0008880444
-0.001940051
-0.001801075
-0.002443362
-0.004198848
-0.004775311
-0.004767444
-0.006267809
-0.006095081
-0.004699031
-0.005440227
-0.007322418
-0.007712661
-0.007381948
-0.00750632
-0.009182654
-0.01044712
-0.01036247
-0.0102004
-0.0103492
-0.01111265
-0.0127275
-0.01325494
-0.01305125
-0.01301931
-0.01312599
-0.01316812
-0.01319215
-0.01320543
-0.01321031
-0.01322139
-0.01328413
-0.0133581
-0.01341139
-0.01341731
-0.01345103
-0.01336506
-0.01215731
-0.0112472
-0.01091929
-0.01093994
-0.01096412
-0.01078597
-0.009361606
-0.008207089
-0.008283626
-0.007660223
-0.005966737
-0.005508145
-0.005794789
-0.005835689
-0.005043517
-0.004089487
-0.003250655
-0.003064478
-0.003228203
-0.004615924
-0.004739717
-0.003256006
-0.00285583
-0.003106411
-0.002408494
-0.001331936
-0.0004466292
-0.0003328354
-0.0004303164
1.107483e-05
0.0008753464
0.001465958
0.002115124
0.002116619
0.0004544444
-0.0006707973
-0.000540007
-0.0003613998
-0.0004808145
-0.0005921497
-0.0005540492
-0.0004650452
-0.0004838549
-0.0005589316
-0.0005307116
-0.000457695
-0.0004800783
-0.0004873231
-0.0004321394
-0.0004186754
-0.000477731
-0.0004656
-0.0003838777
-0.0003731633
-0.000452382
-0.0004820658
-0.0004677892
-0.0004826672
-0.000523857
-0.0002679745
0.001102336
0.002050758
0.002198978
0.002603609
0.003577838
0.004563988
0.004871204
0.004784163
0.004779749
0.00483246
0.004832729
0.005382531
0.00671725
0.007503683
0.007427491
0.007328685
0.007376041
0.007376287
0.007315194
0.007298417
0.007311706
0.007312118
0.007261449
0.007185057
0.006547465
0.005848437
0.005507343
0.00466741
0.004282362
0.004344663
0.004349268
0.004248801
0.003748957
0.003265687
0.002861682
0.002779136
0.002812155
0.002802251
0.002782708
0.002785351
0.0027909
0.002786659
0.002733117
0.002701647
0.002764448
0.00279366
0.002461266
0.001534376
0.001248734
0.001461142
0.001479423
0.001004451
0.0001137012
-9.020896e-05
-0.0002554272
-0.001110734
-0.00144572
-0.001321828
-0.001334
-0.00150075
-0.001921597
-0.001654109
-0.001425763
-0.001512257
-0.001579153
-0.001604939
-0.001687151
-0.001770943
-0.00183197
-0.001868722
-0.00228461
-0.003129494
-0.00270281
-0.002108173
-0.003288346
-0.004930376
-0.004448924
-0.00358157
-0.003724013
-0.004045063
-0.004000789
-0.003934261
-0.004051565
-0.004524448
-0.005405488
-0.005703521
-0.00562749
-0.005643335
-0.005757798
-0.005786434
-0.005814655
-0.005858782
-0.005869301
-0.006199232
-0.006897988
-0.006023273
-0.006675398
-0.00750122
-0.007467013
-0.007287367
-0.007338059
-0.007045926
-0.006147875
-0.005862869
-0.00600215
-0.006031923
-0.006022662
-0.005705097
-0.004909003
-0.005409006
-0.00586254
-0.004645135
-0.003364194
-0.003318133
-0.003564069
-0.003173838
-0.002267263
-0.002018004
-0.001798979
-0.002051869
-0.002310499
-0.001952013
-0.001085471
-0.0009405033
-0.001797485
-0.002336257
-0.001544703
-0.0008638973
-0.0009736873
-0.001143058
-0.001087093
-0.001058964
-0.001037875
-0.0003414175
0.0003127514
0.001008873
0.00183222
0.002724618
0.003623159
0.004176567
0.004930231
0.005848963
0.006741507
0.007669997
0.008214799
0.008481192
0.009305278
0.009613847
0.009485693
0.009464244
0.009543941
0.009111029
0.009237311
0.009582007
0.009586366
0.009466043
0.009467625
0.009521086
0.009529236
0.009215996
0.008280736
0.008612491
0.009475422
0.009493
0.00882934
0.008589063
0.008415983
0.007947172
0.007762553
0.007373688
0.006829469
0.006600977
0.007420951
0.007509697
0.006460627
0.005972584
0.006343724
0.007235418
0.007453665
0.007251493
0.007214994
0.007797382
0.008479799
0.008514204
0.008338818
0.008323398
0.008312277
0.008273531
0.008259616
0.00822232
0.008153833
0.008037787
0.00796152
0.007755541
0.006881221
0.006463537
0.006565597
0.00641189
0.005468861
0.00503872
0.00515174
0.005144975
0.005046036
0.005020536
0.005017649
0.005008713
0.004965038
0.004746496
0.003904631
0.002924646
0.00179315
0.001707358
0.002105662
0.00197996
0.0009923026
0.0004541866
0.000541473
0.0001171736
-0.0007192702
-0.0009284816
-0.000821638
-0.001180655
-0.001196895
-0.001363792
-0.002591131
-0.003596409
-0.003557672
-0.00356856
-0.004478028
-0.004989815
-0.004875275
-0.004794234
-0.004862369
-0.004896518
-0.005402229
-0.006210084
-0.006350643
-0.006222123
-0.006232666
-0.006430608
-0.007153065
-0.007288217
-0.007543145
-0.007755523
-0.008254178
-0.009006581
-0.009158915
-0.009106792
-0.009149149
-0.009192837
-0.009184304
-0.009199739
-0.009238397
-0.009248379
-0.009266592
-0.009321758
-0.009355034
-0.009309481
-0.009283266
-0.009351476
-0.009393772
-0.009378404
-0.008993521
-0.009067092
-0.008911395
-0.008181663
-0.007992183
-0.008041409
-0.007234617
-0.007073052
-0.007113013
-0.006905549
-0.006451224
-0.006543859
-0.006931244
-0.007409967
-0.007310306
-0.00695651
-0.006949455
-0.007093462
-0.007116074
-0.007089851
-0.007153093
-0.007203167
-0.007206362
-0.007232476
-0.00727704
-0.007130412
-0.006318753
-0.005769664
-0.005058865
-0.004688331
-0.004516451
-0.003718928
-0.003316377
-0.003452208
-0.002924442
-0.002088465
-0.001417308
-0.0006946825
0.000250261
0.0007992586
0.001604353
0.001991923
0.002506086
0.003231535
0.003375877
0.003808688
0.004524799
0.004678172
0.004773676
0.006167996
0.007542282
0.008427781
0.008645115
0.008570243
0.008563415
0.00876009
0.009463733
0.009362542
0.008679226
0.008574966
0.009504989
0.009283344
0.007728077
0.006841116
0.006333506
0.005557342
0.00530236
0.004796582
0.003472362
0.002576242
0.00234751
0.00130132
-4.426768e-05
-0.0003915939
-0.0008729106
-0.00185483
-0.002891304
-0.003216329
-0.003165191
-0.003179565
-0.003760166
-0.004586614
-0.004767319
-0.0051744
-0.005997555
-0.006179991
-0.006070259
-0.006086391
-0.00633489
-0.007208785
-0.007695854
-0.00763205
-0.007488473
-0.00672518
-0.006315672
-0.006410881
-0.006443422
-0.00639314
-0.006393772
-0.005897169
-0.005138229
-0.004542474
-0.00387312
-0.003677908
-0.003739638
-0.003745227
-0.003738809
-0.003591963
-0.002714308
-0.002090601
-0.001366206
-0.0009482787
-0.0009315882
-0.0009903068
-0.001012862
-0.0004784382
0.0003363099
0.0004667725
0.000700421
0.001190597
0.001668128
0.001714075
0.001645629
0.00166437
0.001834985
0.002650828
0.003071949
0.003188043
0.004012979
0.004435645
0.004279294
0.004345236
0.005261214
0.005658746
0.005683005
0.006453279
0.006872467
0.006716625
0.006601757
0.006629166
0.006617726
0.006532283
0.006663413
0.00748793
0.008084839
0.008804143
0.009046535
0.008964148
0.009138198
0.00999763
0.01033948
0.01017117
0.01013103
0.01056973
0.01045253
0.01012358
0.01005335
0.01010014
0.010096
0.01007187
0.01005791
0.009448197
0.008685679
0.008608121
0.00873211
0.008691971
0.008215741
0.007729887
0.007297528
0.00653205
0.005913671
0.005630149
0.00484068
0.004216187
0.003405373
0.003118265
0.003200667
0.002477733
0.001048545
0.000368062
0.0004860758
0.0002528464
-0.0007224026
-0.001059831
-0.0009020087
-0.0008660626
-0.001271631
-0.002097208
-0.002315882
-0.002192807
-0.002245005
-0.00306804
-0.004039508
-0.004843737
-0.004971883
-0.004909758
-0.005000289
-0.005450399
-0.006345774
-0.006262307
-0.005268482
-0.005401312
-0.006492485
-0.006768432
-0.006582037
-0.006630174
-0.006664424
-0.00595425
-0.005770327
-0.005575379
-0.005437489
-0.005485292
-0.005544889
-0.005536464
-0.00552306
-0.00552889
-0.005543795
-0.005603248
-0.005636528
-0.005631636
-0.005665097
-0.005727194
-0.005738059
-0.005727164
-0.005727998
-0.00576055
-0.005794578
-0.00582574
-0.005833096
-0.005873146
-0.005898778
-0.00591425
-0.005943926
-0.006009493
-0.006036978
-0.006029485
-0.006040225
-0.006063325
-0.006056802
-0.006106669
-0.006137069
-0.006131302
-0.006126124
-0.00612959
-0.006133008
-0.006162577
-0.006690342
-0.008469694
-0.008843622
-0.007261352
-0.007051344
-0.007613794
-0.007629028
-0.007439576
-0.007399503
-0.00708617
-0.006208963
-0.005925015
-0.006054679
-0.006078939
-0.006017465
-0.006010822
-0.006032947
-0.006034153
-0.005893784
-0.005080901
-0.004463823
-0.003702654
-0.00329314
-0.00330684
-0.002776678
-0.002033415
-0.001947721
-0.002076167
-0.001786079
-0.0008336202
-0.0005291701
-0.0007683508
-0.000808187
-0.0004704153
5.6404e-06
0.0001634307
0.0001809964
0.0005456582
0.001414293
0.001946264
0.001890254
0.00191363
0.00278603
0.003316497
0.003642284
0.00440753
0.004668823
0.004560522
0.005002761
0.005833665
0.006104146
0.006040419
0.005512074
0.006363332
0.007326738
0.007322525
0.007143194
0.007229852
0.007269464
0.007193163
0.007165544
0.007185484
0.007191803
0.00723899
0.007893401
0.007771128
0.007109465
0.006988064
0.007125714
0.007119382
0.007005144
0.00696746
0.006990901
0.006957518
0.006888842
0.006878426
0.006891823
0.006862891
0.006582995
0.006078125
0.005576965
0.005367925
0.005618631
0.006233304
0.006345352
0.006576924
0.00663231
0.006640174
0.006681826
0.00667168
0.006627617
0.006669169
0.006700588
0.006686944
0.006653183
0.006678146
0.006698219
0.006655643
0.006602723
0.006763105
0.00750084
0.007103556
0.006696686
0.007593018
0.008529241
0.008224604
0.0077781
0.007818864
0.00747184
0.00691821
0.00648784
0.006458313
0.00649909
0.006448886
0.006385604
0.005972918
0.004344245
0.003441126
0.00358562
0.003705748
0.003595432
0.003526991
0.003585384
0.003522803
0.002586749
0.001190973
0.000693233
0.0008640656
0.0008957052
0.0007841092
0.000896507
0.001249656
0.001468411
0.002007965
0.002161847
0.002086441
0.002424136
0.002321648
0.002612579
0.003348679
0.003481773
0.003287584
0.003257234
0.00331938
0.003321353
0.0032736
0.002797992
0.002280754
0.001644675
0.0007227625
0.0004263234
0.0004769975
-0.0001826486
-0.0001241765
0.0005056704
0.0005543302
-0.0003191383
-0.001274629
-0.002052623
-0.002217458
-0.002155179
-0.002173316
-0.0030631
-0.004285606
-0.003887402
-0.004237432
-0.005024197
-0.006348613
-0.007589204
-0.007764449
-0.008253659
-0.009917283
-0.01059337
-0.01036733
-0.01056231
-0.012347
-0.01334142
-0.01315555
-0.01298593
-0.01308516
-0.01314784
-0.01316803
-0.01316798
-0.01312678
-0.01313167
-0.01317555
-0.01319527
-0.01317382
-0.01312277
-0.01314481
-0.01311919
-0.01308427
-0.01310087
-0.01312832
-0.01235966
-0.01094258
-0.01022883
-0.01037528
-0.01047275
-0.01036306
-0.0102865
-0.01035935
-0.01035113
-0.01028111
-0.01029525
-0.01031564
-0.009867509
-0.009270026
-0.008177304
-0.007575883
-0.007588332
-0.007635076
-0.007606307
-0.007287994
-0.006049669
-0.005322551
-0.005669343
-0.005223053
-0.004826732
-0.004843227
-0.004944496
-0.00335338
-0.001577808
-0.002235229
-0.002557956
-0.002277954
-0.002173865
-0.002268617
-0.001805146
-0.0009671519
-0.0002857884
0.0003459685
0.0004682857
0.0004035239
0.0004142984
0.0004458363
0.0005838617
0.00143798
0.002135707
0.002934972
0.003232211
0.003336026
0.004187003
0.004852507
0.005592795
0.0058804
0.005828165
0.005808516
0.005802631
0.005816495
0.006459417
0.00644317
0.005784303
0.006560381
0.008205084
0.008536825
0.00820282
0.008157988
0.008278485
0.008261276
0.008151753
0.008129384
0.008153025
0.008127048
0.008697173
0.008647625
0.007969904
0.007837292
0.007955559
0.00797763
0.007940245
0.007935544
0.007897245
0.007819514
0.007356656
0.006149807
0.005198753
0.00520756
0.005397937
0.005379143
0.00532538
0.005344033
0.005369504
0.005392022
0.005372258
0.005388518
0.005408494
0.005427532
0.005391547
0.005352799
0.004941692
0.003711715
0.002668189
0.002562427
0.002660549
0.00258594
0.002342654
0.0007082191
-0.0004577786
-0.0003914947
-0.0002535391
-0.000411872
-0.0004897339
-0.0004737856
-0.0005132504
-0.0005553217
-0.0006137177
-0.0006515108
-0.000708944
-0.0007408482
-0.0007375412
-0.0007381704
-0.0001570038
0.001491313
0.002136618
0.001775162
0.0008441699
0.0008102187
0.00168909
0.001910114
0.001717283
0.001581916
0.0007690367
-0.0005466206
-0.001101374
-0.001005608
-0.000963666
-0.001012467
-0.001026294
-0.001025244
-0.001025706
-0.001035632
-0.001094969
-0.001133697
-0.001129692
-0.001660622
-0.003344505
-0.004009998
-0.003434666
-0.003645869
-0.004069188
-0.004090212
-0.003989228
-0.004007976
-0.003575153
-0.002842794
-0.003756864
-0.003995155
-0.003506919
-0.003663575
-0.003447576
-0.003725892
-0.004088058
-0.002579251
-0.001383582
-0.001553841
-0.001825503
-0.001746665
-0.001723155
-0.001777452
-0.001624446
-7.039812e-05
0.00100134
0.001073454
0.00246775
0.003590742
0.003524506
0.003328875
0.003410785
0.003478932
0.003442937
0.00339181
0.003368025
0.00345621
0.004704586
0.00608449
0.006177523
0.005895928
0.005957616
0.006106824
0.005995916
0.00471412
0.003369267
0.003256712
0.003453592
0.003387898
0.00285747
0.001967287
0.001010461
0.0005256404
0.0005472444
0.0006139057
0.0005950849
0.0005285099
0.0004323237
-0.0004036046
-0.001413449
-0.001573322
-0.001427915
-0.001794782
-0.002237262
-0.002269484
-0.00219431
-0.002210996
-0.002270003
-0.002319347
-0.00231942
-0.002309923
-0.002309896
-0.002333488
-0.002330327
-0.002299692
-0.002321507
-0.002208386
-0.00107315
-0.001207528
-0.002315363
-0.002542125
-0.002299287
-0.002228916
-0.002302629
-0.002325729
-0.002268996
-0.002230533
-0.002234206
-0.002234071
-0.00222228
-0.002213315
-0.002208268
-0.00220181
-0.002193808
-0.002185528
-0.001785106
-0.0006322482
0.0002889514
0.0003153133
0.0001791343
0.0001565601
0.0001475877
5.581204e-05
-2.63709e-05
-7.262951e-05
-8.254967e-05
-0.0001343353
0.0001146856
0.0004275669
0.0007541082
0.0004878225
0.0006196093
0.0007845539
0.0007297914
0.0002693746
-0.0005595252
-0.0003820219
0.001176566
0.001939221
0.001717503
0.00155424
0.001642338
0.001676491
0.001627624
0.001605297
0.001611647
0.001714266
0.002767371
0.002783391
0.001699028
0.001389536
0.001623411
0.001627215
0.001507568
0.001494756
0.001549679
0.001526575
0.001484965
0.001521414
0.001547829
0.001479323
0.001438583
0.001483942
0.001506655
0.00143448
0.0013932
0.001394612
0.001389053
0.001560573
0.0017376
0.002093612
0.003004307
0.00356235
0.003625477
0.003508085
0.003506951
0.003363936
0.002898846
0.002219773
0.00160466
0.001171159
0.0009723081
0.0007991569
7.765336e-05
-0.000806255
-0.001351122
-0.001389006
-0.001379448
-0.001444886
-0.001484833
-0.001604961
-0.002190989
-0.002050987
-0.002275278
-0.002640865
-0.002260397
-0.001599953
-0.001648645
-0.002478919
-0.003288528
-0.003861911
-0.003501594
-0.002823602
-0.002927496
-0.002423609
-0.002466764
-0.002431605
-0.001929476
-0.002409281
-0.002498064
-0.001833824
-0.00162448
-0.001751066
-0.001765977
-0.001698076
-0.001680137
-0.00168909
-0.001567721
-0.0008726706
-7.736469e-05
0.0004540918
0.0004798531
0.0004556611
0.0004925189
0.0004990343
0.0002074947
-0.0001199889
-0.0001841303
-0.0002898279
-0.0005041164
-0.0004431836
-0.0001696283
-0.0003941482
-0.0003022919
-0.0007239806
-0.001411315
-0.0005636588
0.0004698461
0.0004824868
0.0002829849
0.0003326472
0.0003999405
0.0003632298
0.0002873283
0.0002384005
0.00020391
0.000395695
0.001499716
0.001434757
0.0003333446
-6.040911e-05
0.0001200504
0.0001704763
6.306727e-05
-6.314772e-05
-0.0006279604
-0.0006204839
-0.0003004762
-0.0004782984
-0.0008872495
-0.0009691184
-0.0009225564
-0.001014115
-0.001330822
-0.001695441
-0.001876492
-0.001743379
-0.001491729
-0.001756248
-0.001912647
-0.001865536
-0.001849855
-0.001863082
-0.001875517
-0.001883413
-0.001867653
-0.001872859
-0.001887975
-0.001872166
-0.001872778
-0.001886184
-0.001749175
-0.001209531
-0.0009672645
-0.001430134
-0.00180968
-0.0009038181
-0.0001155176
-0.0001662143
-0.0003084208
-0.0002607082
-0.0002293156
-0.0002512168
9.8238e-05
0.0006466138
0.001192272
0.001321762
0.001226798
0.001205886
0.001231811
0.001667356
0.002550199
0.002792295
0.002631579
0.002578688
0.002601425
0.00256782
0.002508987
0.002462894
0.002405511
0.002362464
0.002313305
0.002271583
0.002236084
0.002199814
0.002161683
0.001996996
0.00136723
0.0006460751
0.000468414
0.0004198355
-5.602598e-05
-0.000407368
-0.0007918839
-0.0009872659
-0.001283142
-0.001629952
-0.001997375
-0.002341615
-0.002391126
-0.002329698
-0.00230598
-0.002321772
-0.00262677
-0.003255676
-0.003303824
-0.002584597
-0.002122092
-0.002158143
-0.002208102
-0.002129065
-0.002080008
-0.002156969
-0.00225694
-0.002258401
-0.002102747
-0.001948841
-0.001923264
-0.002026746
-0.002358607
-0.002290013
-0.002167733
-0.002143999
-0.00210211
-0.002133272
-0.002023398
-0.002047936
-0.00211824
-0.002064475
-0.002010988
-0.001979524
-0.001935333
-0.001880236
-0.001822869
-0.001618534
-0.001371376
-0.001189293
-0.00113799
-0.001109174
-0.001071893
-0.00103082
-0.0009110133
-0.0007313848
-0.0005128721
-0.0004088028
-0.0003041553
-0.0001279304
6.709201e-05
0.0001623987
0.0001767805
0.0001712579
0.0001917263
0.0002230218
0.0002289663
-6.62968e-05
-0.0004490985
-0.0001100193
0.0001588762
-1.508481e-05
-0.0001177596
0.000154289
0.0004076673
0.0004071995
0.0003689653
0.0003964374
0.0004308491
0.0006142058
0.000956208
0.001127951
0.001104591
0.001078847
0.001257121
0.001575295
0.001711439
0.001646858
0.001598417
0.00158615
0.001560582
0.001526503
0.001640965
0.001853218
0.001915663
0.001918389
0.001886523
0.001838704
0.001798641
0.001756213
0.001701194
0.001654085
0.001614949
0.001575024
0.001533832
0.001493822
0.00145808
0.001426581
0.00138432
0.001351079
0.001318002
0.001280154
0.001242167
0.001205979
0.001170536
0.001107421
0.001012342
0.0008794678
0.0007208149
0.0006952287
0.0007420143
0.0006996823
0.0006129996
0.0005876759
0.0005817442
0.0005605448
0.0005349313
0.000514112
0.0004983648
0.0004876853
0.0005055594
0.0004600029
0.0004172364
0.0004059535
0.0003964361
0.0003747745
0.0003550738
0.0003426257
0.0003305513
0.0003149058
0.0002970214
0.0002836483
0.0002725821
0.0002604477
0.0002446397
0.0002326544
0.0002225148
0.000210754
0.0001999455
0.000190213
0.0001568538
0.0001019944
8.440109e-05
6.845074e-05
4.086378e-05
1.120588e-05
2.948443e-06
3.594357e-06
2.066135e-06
-1.129201e-07
-8.565188e-07
-1.292485e-06
-2.220798e-06
-6.076273e-06
-1.001094e-05
-1.496714e-05
-4.482737e-05
-5.724377e-05
-2.6493e-05
-8.910527e-06
-1.362541e-05
-1.666145e-05
-1.445092e-05
-1.370671e-05
-1.477149e-05
-1.634536e-05
-1.750281e-05
-1.758671e-05
-1.751574e-05
-1.763133e-05
-1.773215e-05
-1.776617e-05
-1.781766e-05
-1.789775e-05
-1.809602e-05
-1.863688e-05
-1.83388e-05
-1.862505e-05
-1.967464e-05
-1.993666e-05
-1.98204e-05
-1.537377e-05
-9.868779e-06
-3.133364e-06
6.112049e-06
7.361632e-06
3.628525e-06
8.62383e-07
-5.894502e-07
-2.770962e-06
-5.404367e-06
-7.260231e-06
-8.885589e-06
-1.082549e-05
-1.221194e-05
-1.360848e-05
-1.503915e-05
-1.643745e-05
-1.757461e-05
-1.582878e-05
-1.263431e-05
-1.303288e-05
-1.377009e-05
-1.511339e-05
-1.767713e-05
-2.026023e-05
-2.149167e-05
-2.31414e-05
-2.743251e-05
-2.945022e-05
-2.944429e-05
-2.971116e-05
-3.055418e-05
-3.116352e-05
-3.141339e-05
-3.171384e-05
-3.212874e-05
-3.245316e-05
-3.273128e-05
-3.296092e-05
-3.322398e-05
-3.340015e-05
-3.350779e-05
-3.364755e-05
-3.378714e-05
-3.382761e-05
-3.382009e-05
-3.39796e-05
-3.43944e-05
-3.475071e-05
-3.473273e-05
-3.489722e-05
-3.51118e-05
-3.479699e-05
-3.432201e-05
-3.394195e-05
-3.359463e-05
-3.318815e-05
-3.277402e-05
-3.251395e-05
-3.240638e-05
-3.204527e-05
-3.173228e-05
-3.138887e-05
-3.088676e-05
-3.035657e-05
-2.993973e-05
-2.958337e-05
-2.916412e-05
-2.872336e-05
-2.81875e-05
-2.762926e-05
-2.709703e-05
-2.657544e-05
-2.60505e-05
-2.552831e-05
-2.502168e-05
-2.454623e-05
-2.405653e-05
-2.350195e-05
-2.297404e-05
-2.247587e-05
-2.197504e-05
-2.146849e-05
-2.096368e-05
-2.047076e-05
-1.997051e-05
-1.94541e-05
-1.893442e-05
-1.840793e-05
-1.788235e-05
-1.736037e-05
-1.683562e-05
-1.630563e-05
-1.577162e-05
-1.523392e-05
-1.469168e-05
-1.414316e-05
-1.359024e-05
-1.303512e-05
-1.247619e-05
-1.191199e-05
-1.134262e-05
-1.076827e-05
-1.018867e-05
-9.604303e-06
-9.015153e-06
-8.421017e-06
-7.821913e-06
-7.217925e-06
-6.609189e-06
-5.995672e-06
-5.377461e-06
-4.754632e-06
-4.127246e-06
-3.495385e-06
-2.859131e-06
-2.218558e-06
-1.573741e-06
-9.247576e-07
-2.716874e-07
3.853898e-07
1.046393e-06
1.711241e-06
2.379852e-06
