9.906189e-05
9.731194e-05
9.53128e-05
9.319128e-05
9.115258e-05
8.93987e-05
8.821754e-05
8.788869e-05
8.875206e-05
9.110445e-05
9.525246e-05
0.0001013957
0.000109652
0.0001199371
0.000131993
0.0001452965
0.0001591043
0.0001724349
0.0001842102
0.0001933351
0.0001990165
0.0002010013
0.0001999322
0.0001964905
0.0001912922
0.0001852395
0.0001796436
0.00017607
0.000176322
0.0001821432
0.0001950118
0.0002156333
0.0002435075
0.0002770949
0.0003154679
0.0003571456
0.0003999008
0.0004407284
0.0004759834
0.0005015226
0.000513171
0.0005072739
0.0004816536
0.000436888
0.0003770281
0.0003046641
0.0002198825
0.0001224017
1.189993e-05
-0.0001119966
-0.0002494444
-0.0004000947
-0.0005625849
-0.0007340926
-0.0009096376
-0.001082032
-0.001241872
-0.00137809
-0.00147889
-0.001533574
-0.001534952
-0.00148304
-0.001387868
-0.001260574
-0.001103902
-0.0009205481
-0.0007148468
-0.0004925676
-0.000261195
-3.022647e-05
0.0001889016
0.0003831096
0.0005387889
0.0006433777
0.0006882924
0.000672389
0.0006065297
0.0005084669
0.0003851278
0.0002437146
9.464798e-05
-4.948695e-05
-0.000173773
-0.000261825
-0.0002968312
-0.0002635968
-0.0001516027
4.113707e-05
0.0003015481
0.0006021165
0.0009352324
0.001296434
0.001679993
0.002081021
0.002494252
0.002907784
0.003303402
0.003657824
0.003943246
0.004129537
0.004187703
0.004096305
0.003848695
0.003466041
0.002996436
0.002452741
0.001844401
0.001186935
0.0004991336
-0.0001953169
-0.0008685923
-0.001488528
-0.002020682
-0.002431064
-0.002691742
-0.002787999
-0.002729056
-0.002555939
-0.00231199
-0.00201345
-0.001675091
-0.001314569
-0.000950262
-0.0006012468
-0.000286422
-2.377659e-05
0.0001714504
0.0002892776
0.0003278592
0.0002971394
0.0002215701
0.0001189909
-3.374682e-06
-0.0001395644
-0.0002842891
-0.000433623
-0.0005850101
-0.0007372062
-0.0008899537
-0.001043721
-0.001199309
-0.001357627
-0.001519409
-0.001685176
-0.001855208
-0.002029508
-0.002206145
-0.00238111
-0.002549247
-0.002704981
-0.002843101
-0.00296005
-0.003055255
-0.003132785
-0.003202647
-0.003281961
-0.003395158
-0.00357338
-0.003852076
-0.004267213
-0.004849026
-0.005614349
-0.006556163
-0.007632633
-0.008755514
-0.009803824
-0.01066986
-0.0112405
-0.01140351
-0.01106935
-0.0101953
-0.008820552
-0.007089873
-0.005154853
-0.003075806
-0.0009039346
0.001308451
0.003517416
0.005692162
0.007817333
0.009871583
0.01180754
0.01356773
0.01509036
0.01631518
0.01719654
0.01772038
0.01793263
0.01794273
0.01779498
0.01750347
0.01708897
0.01657996
0.01601667
0.01545415
0.01496493
0.01463312
0.01455245
0.01481981
0.01552108
0.01671142
0.01838525
0.02045954
0.02285336
0.02549236
0.02825489
0.03096058
0.03336158
0.03516312
0.0361638
0.03627256
0.03554027
0.03420444
0.0325063
0.03051507
0.02827738
0.02583988
0.0232357
0.02048671
0.01760609
0.01460764
0.01151489
0.008374846
0.005259595
0.002220361
-0.000689937
-0.003418158
-0.005922999
-0.008189752
-0.01020595
-0.01188621
-0.01313111
-0.01385432
-0.01399999
-0.01357409
-0.01268131
-0.011553
-0.01044136
-0.009514965
-0.008934372
-0.008848561
-0.009359083
-0.01048697
-0.01212985
-0.01412361
-0.01643093
-0.01902102
-0.02183711
-0.0248024
-0.02781008
-0.03072075
-0.03335691
-0.03550708
-0.03693617
-0.03740959
-0.03673065
-0.0347947
-0.03166361
-0.02762331
-0.02298779
-0.01791274
-0.01257954
-0.007229904
-0.002156723
0.002306578
0.005862199
0.008294157
0.009499104
0.009558055
0.008789705
0.007512906
0.005821438
0.003781158
0.001463655
-0.00106611
-0.003741276
-0.006486138
-0.00920298
-0.0117625
-0.0140103
-0.01579879
-0.01698393
-0.01744404
-0.01711592
-0.01603793
-0.01440163
-0.01246783
-0.01031291
-0.007981548
-0.005521293
-0.002964854
-0.000335189
0.002355989
0.005100617
0.007890554
0.01070916
0.01352653
0.01629298
0.01893894
0.02137524
0.02349995
0.02520919
0.02641545
0.02707222
0.02720562
0.02694941
0.0264882
0.02588143
0.02516875
0.02439161
0.02358051
0.02275551
0.0219234
0.02108037
0.02021263
0.01929806
0.01830891
0.01721792
0.01600337
0.01465582
0.01318499
0.01162753
0.01005487
0.008573065
0.007274601
0.006220999
0.005446516
0.004940031
0.004629382
0.004432795
0.004307508
0.004205564
0.004067956
0.003831537
0.003433364
0.002818455
0.001948741
0.0008155189
-0.0005459208
-0.0020449
-0.003575744
-0.005057319
-0.006402223
-0.007518195
-0.008320959
-0.00874991
-0.008786818
-0.008485869
-0.007971423
-0.007293534
-0.00650635
-0.005691305
-0.004950445
-0.004407331
-0.004201569
-0.004479751
-0.00537905
-0.007001579
-0.009382397
-0.01243692
-0.0159551
-0.01983641
-0.02402331
-0.02843125
-0.03294584
-0.03741423
-0.04164158
-0.04542357
-0.04863536
-0.05121066
-0.05317372
-0.05464402
-0.05563352
-0.05610664
-0.05604427
-0.05546504
-0.05442758
-0.0528649
-0.05056525
-0.04726381
-0.0426844
-0.03658829
-0.02885237
-0.01954384
-0.008861141
0.002919008
0.01525058
0.02724431
0.03760713
0.04543588
0.05151944
0.05580822
0.05821622
0.05896931
0.05818105
0.05602115
0.05283364
0.04914579
0.04527219
0.04141245
0.0377295
0.03434176
0.03130485
0.02859918
0.0261253
0.0238066
0.02160582
0.01949289
0.01744121
0.01543494
0.01346438
0.0115268
0.009618766
0.007734233
0.005855333
0.003954314
0.002016474
5.028558e-05
-0.001922695
-0.003861901
-0.005707075
-0.007375686
-0.008768849
-0.009777819
-0.01030051
-0.01026155
-0.009642292
-0.008519096
-0.007081413
-0.00548902
-0.003853198
-0.002300406
-0.0009743577
-2.086703e-05
0.0004248559
0.0002639936
-0.000541195
-0.00191713
-0.00368792
-0.005824809
-0.008310247
-0.01109114
-0.01408363
-0.01715511
-0.02011797
-0.02271773
-0.02463977
-0.02556454
-0.02523921
-0.02350607
-0.02037032
-0.01610562
-0.01128414
-0.006343447
-0.001501515
0.003071172
0.007280235
0.01110969
0.01439711
0.01695854
0.01863434
0.0192996
0.01890502
0.01752351
0.01541215
0.0129035
0.01008645
0.007003897
0.003699118
0.0002013187
-0.003463851
-0.007267035
-0.01116065
-0.01506339
-0.01885425
-0.02241715
-0.02565456
-0.02847769
-0.03082602
-0.03269003
-0.03415404
-0.03538331
-0.03637984
-0.03710439
-0.03751261
-0.0375473
-0.03715429
-0.03629671
-0.03498204
-0.03329237
-0.03140756
-0.02950997
-0.02769408
-0.02603504
-0.02458958
-0.02337179
-0.02234121
-0.02144764
-0.02067411
-0.01999407
-0.01936315
-0.01872027
-0.01798648
-0.01706687
-0.01585408
-0.01423935
-0.012126
-0.009459147
-0.006232827
-0.002382726
0.002165405
0.007431203
0.01335501
0.01974444
0.02625378
0.03228748
0.03719812
0.0412536
0.04441327
0.04663951
0.04806041
0.04866374
0.04847884
0.04762735
0.04632806
0.04470183
0.04274597
0.04041883
0.03765972
0.0343999
0.03058812
0.02622173
0.02138406
0.01629291
0.0113009
0.006665944
0.002587926
-0.0007651903
-0.003303453
-0.005070227
-0.006282414
-0.007167234
-0.007809116
-0.008283513
-0.008676011
-0.009066845
-0.009528881
-0.01012146
-0.01088785
-0.01184938
-0.01300014
-0.01429714
-0.01565763
-0.01699374
-0.01822
-0.01924029
-0.01995398
-0.02026735
-0.02011061
-0.01945877
-0.01836389
-0.01696528
-0.01535281
-0.01354609
-0.01155859
-0.009405547
-0.007105564
-0.004687435
-0.002198663
0.0002851147
0.002650847
0.004750249
0.006455054
0.007659523
0.008293982
0.008352936
0.007944325
0.007280211
0.006418489
0.005394805
0.004258719
0.003060021
0.001853956
0.0006992431
-0.0003384219
-0.001188182
-0.001775932
-0.002032185
-0.001903691
-0.001371002
-0.0004742958
0.0006758275
0.002000662
0.003465953
0.005031309
0.006642762
0.008232904
0.009718906
0.0110036
0.01197835
0.01253231
0.01256577
0.01201412
0.0108738
0.00925001
0.007348381
0.005227438
0.002927419
0.000506665
-0.001969962
-0.0044255
-0.006772873
-0.008912763
-0.01073843
-0.01214086
-0.01302739
-0.0133756
-0.01327385
-0.01293087
-0.01256072
-0.01227142
-0.01214905
-0.01225729
-0.01261444
-0.01316936
-0.01380322
-0.01444136
-0.01500018
-0.01537745
-0.01546921
-0.01518035
-0.0144463
-0.01325184
-0.01166882
-0.009846439
-0.007815273
-0.005586983
-0.003184469
-0.0006331739
0.002029543
0.004750973
0.007452174
0.01002104
0.01231691
0.01425887
0.0158226
0.01705537
0.01806849
0.01885722
0.01939496
0.01966264
0.01964581
0.01934807
0.01880694
0.01809687
0.01723404
0.01620463
0.01499374
0.01358983
0.01199332
0.01022563
0.008345628
0.006445243
0.004559448
0.002708645
0.0009075552
-0.0008437933
-0.002563451
-0.004288423
-0.006045971
-0.007845717
-0.009684684
-0.01154273
-0.0133767
-0.01511745
-0.0166692
-0.01791353
-0.01871874
-0.01895595
-0.01852322
-0.01737773
-0.01557996
-0.01332382
-0.01080275
-0.008083286
-0.00521808
-0.002263079
0.0007311246
0.003718412
0.006656428
0.009505507
0.01222732
0.01478615
0.01715048
0.01928491
0.02114516
0.02269785
0.02393533
0.02489333
0.02562304
0.02610697
0.0263187
0.02624443
0.02588891
0.0252947
0.02454605
0.02368569
0.02270118
0.02156413
0.02023583
0.0186707
0.01682538
0.01467107
0.01221111
0.009499992
0.006664935
0.003866955
0.001188262
-0.001311391
-0.003591843
-0.005656499
-0.0075616
-0.009367669
-0.01108895
-0.01273568
-0.01431878
-0.01584641
-0.01732361
-0.01875342
-0.02013892
-0.0214868
-0.02281167
-0.02413503
-0.02545793
-0.02677368
-0.02806975
-0.02932566
-0.03051256
-0.03159469
-0.03252954
-0.03325645
-0.0337099
-0.033831
-0.03358115
-0.03296318
-0.03203655
-0.03084673
-0.02936172
-0.02753815
-0.02534111
-0.02275397
-0.01979774
-0.01655857
-0.01319199
-0.009790506
-0.006417653
-0.003137022
-8.501223e-06
0.002895328
0.005502036
0.007755485
0.009629168
0.01114747
0.01239882
0.0134655
0.01435805
0.01507567
0.01561881
0.01598974
0.01620259
0.01628505
0.01623612
0.0160425
0.01569777
0.01520858
0.01460715
0.01394844
0.01324803
0.01251365
0.01175405
0.01097504
0.01018099
0.009374021
0.008555586
0.007726973
0.006891219
0.006053378
0.005218138
0.00438926
0.003571417
0.002769917
0.001990474
0.001238394
0.0005177115
-0.0001700684
-0.0008284277
-0.001463774
-0.002062905
-0.002603307
-0.003056306
-0.003387555
-0.003561017
-0.003544406
-0.003318114
-0.002887502
-0.002291925
-0.001561509
-0.0006782608
0.0003855175
0.001656272
0.003155525
0.00488917
0.006835725
0.008929742
0.01105268
0.01308411
0.01495366
0.01660952
0.01802535
0.01922132
0.02027058
0.02122715
0.02211378
0.02295374
0.02377146
0.02458892
0.02542384
0.026288
0.02718601
0.02811378
0.02905761
0.02999306
0.0308846
0.03168669
0.03234502
0.03279407
0.03296254
0.03278553
0.03222013
0.03126231
0.02997748
0.02849419
0.02683418
0.02499969
0.02299808
0.02083709
0.01853181
0.01611438
0.01363234
0.01108434
0.008454723
0.005726847
0.002883841
-8.37278e-05
-0.003171314
-0.006351742
-0.009582961
-0.01281344
-0.01597133
-0.01896144
-0.0216706
-0.02397535
-0.0257577
-0.02692608
-0.02744538
-0.0273753
-0.02689935
-0.02620337
-0.02536224
-0.02443928
-0.02350058
-0.0226036
-0.02179481
-0.0211043
-0.02054314
-0.02009625
-0.01972495
-0.01940997
-0.0191426
-0.01891414
-0.01871684
-0.01854258
-0.01838193
-0.01822173
-0.01804354
-0.01782207
-0.01752527
-0.01711566
-0.0165542
-0.01580636
-0.01485078
-0.01369052
-0.01236702
-0.01097008
-0.009604067
-0.008353665
-0.007309057
-0.006562221
-0.006192809
-0.006249662
-0.006730897
-0.007548606
-0.00853882
-0.009662253
-0.01090554
-0.01225494
-0.01370736
-0.0152647
-0.01693188
-0.01870775
-0.02057766
-0.02250256
-0.02441132
-0.02619158
-0.02769307
-0.0287667
-0.02927316
-0.02909947
-0.02819336
-0.02660898
-0.0245397
-0.02217968
-0.01959338
-0.01683358
-0.01396079
-0.0110349
-0.008116937
-0.005269526
-0.002558443
-5.271298e-05
0.002179568
0.004077452
0.005599571
0.006740034
0.007553987
0.008165333
0.008661407
0.00907546
0.009434711
0.00976262
0.01007619
0.01038541
0.0106944
0.01100264
0.01130715
0.01160407
0.01189137
0.0121703
0.01244714
0.01273399
0.01304947
0.01341827
0.01386988
0.01443542
0.01514402
0.01601621
0.01705653
0.01824156
0.01951753
0.02085456
0.02225645
0.02373634
0.02531519
0.02701948
0.02887709
0.03090881
0.0331189
0.03548016
0.03793007
0.04041401
0.04285686
0.04515405
0.04717716
0.04877988
0.04981365
0.05014745
0.04970172
0.0484841
0.0466533
0.04450444
0.04212164
0.03955226
0.03685212
0.03406584
0.03123193
0.02838106
0.02554174
0.02274314
0.02002034
0.0174158
0.01497962
0.0127658
0.01082544
0.009195344
0.007881736
0.006836247
0.005954273
0.005190242
0.004526563
0.003942379
0.003414352
0.002915422
0.00241309
0.001867706
0.001231711
0.0004504976
-0.0005345902
-0.001779468
-0.003327215
-0.005192873
-0.007345362
-0.009692354
-0.01213546
-0.01462149
-0.01709659
-0.01949976
-0.02177081
-0.02385427
-0.02570912
-0.02731729
-0.02869828
-0.02991745
-0.03104118
-0.03209312
-0.03309228
-0.03405762
-0.03500627
-0.03595295
-0.03691037
-0.03788967
-0.03890073
-0.03995172
-0.04104791
-0.0421897
-0.04337047
-0.04457327
-0.04576807
-0.04690972
-0.04793731
-0.04877597
-0.04934162
-0.04955053
-0.0493328
-0.04865309
-0.04753494
-0.04609017
-0.04447031
-0.04272345
-0.04088127
-0.03897895
-0.03704468
-0.03510228
-0.03316917
-0.03125943
-0.02938328
-0.02754951
-0.02576404
-0.02403074
-0.02234708
-0.02071329
-0.01913599
-0.01762012
-0.01616256
-0.01474948
-0.01335095
-0.01191922
-0.01038503
-0.008660542
-0.006643471
-0.00422909
-0.001325307
0.002121456
0.006103375
0.01057304
0.01546438
0.02062901
0.02580611
0.03060541
0.03463515
0.03782599
0.04030227
0.04218972
0.04368283
0.04486056
0.04573983
0.04632889
0.04662125
0.04659954
0.04624292
0.04554451
0.04453271
0.04329716
0.0419488
0.04050029
0.03894046
0.03725249
0.03540771
0.03337182
0.03110859
0.02859185
0.02581695
0.02281959
0.01968599
0.01650307
0.01330804
0.01013047
0.006992984
0.003905473
0.0008594923
-0.00216375
-0.005172049
-0.008173133
-0.01117697
-0.01419121
-0.01722146
-0.02026792
-0.02332498
-0.02637897
-0.02940833
-0.03238239
-0.03526158
-0.03800203
-0.04059215
-0.0430462
-0.04541166
-0.04774176
-0.05002015
-0.05220018
-0.05421211
-0.0559594
-0.05732519
-0.0581835
-0.05841822
-0.05795235
-0.05678199
-0.05503101
-0.05295171
-0.05066125
-0.04820481
-0.04562232
-0.04294018
-0.04017191
-0.03731654
-0.03436559
-0.03130834
-0.02814298
-0.02488456
-0.02157658
-0.01830115
-0.01517665
-0.01229592
-0.009744919
-0.007592133
-0.005867529
-0.004528935
-0.003452827
-0.002551437
-0.001791168
-0.001135757
-0.0005423379
3.773513e-05
0.0006580949
0.001379345
0.00226705
0.00338945
0.004810075
0.006577746
0.008710479
0.0111727
0.01386487
0.016721
0.01971958
0.0228371
0.02603993
0.02928371
0.03250851
0.03563676
0.03857079
0.04119683
0.04339135
0.04503577
0.04603783
0.04636226
0.04607132
0.04535397
0.04439684
0.04326428
0.04200451
0.04066609
0.03928832
0.03790209
0.03652938
0.03518569
0.03388167
0.03262524
0.03142217
0.03027639
0.02918848
0.02815326
0.02715524
0.02616902
0.02518371
0.02418924
0.02317298
0.0221206
0.02101661
0.01984505
0.01859197
0.01724788
0.01581519
0.01430352
0.01267718
0.01088266
0.008859904
0.006546691
0.003890938
0.0008669579
-0.002504203
-0.006124919
-0.009824368
-0.01351501
-0.01711507
-0.02053304
-0.0236845
-0.02650271
-0.02895857
-0.03107268
-0.03284864
-0.03421261
-0.03507865
-0.03537106
-0.03504327
-0.03410516
-0.03266893
-0.03095093
-0.02905512
-0.02702828
-0.02491713
-0.02276247
-0.02059994
-0.01845731
-0.01635754
-0.01431763
-0.01235096
-0.01046546
-0.008663598
-0.006937566
-0.005268491
-0.003644232
-0.002078231
-0.0005920625
0.0007871097
0.002030094
0.003110506
0.004013773
0.004747674
0.005351734
0.005864475
0.006295469
0.006654376
0.006958686
0.007233285
0.00751406
0.007848558
0.008297545
0.008932238
0.009830767
0.01106853
0.01270435
0.01476182
0.01720035
0.0199107
0.02284471
0.02597555
0.0292577
0.032623
0.035971
0.03917624
0.04215733
0.04485515
0.04723562
0.04931714
0.05116175
0.0527249
0.05393337
0.05471359
0.05499442
0.05472954
0.05391976
0.05265338
0.05111574
0.04942895
0.04762286
0.04570719
0.04367319
0.04149121
0.03911135
0.03647228
0.03351009
0.03017722
0.02646121
0.02241507
0.01816624
0.01381514
0.009417125
0.005031051
0.0007169061
-0.003469093
-0.007483107
-0.01129977
-0.01492574
-0.01840051
-0.02174106
-0.02492995
-0.02794471
-0.03076025
-0.03335392
-0.03571331
-0.03784796
-0.03980687
-0.04167677
-0.04347336
-0.04516611
-0.0467022
-0.04800562
-0.0489811
-0.04952377
-0.04953482
-0.04894644
-0.04775081
-0.04604687
-0.04404131
-0.04181939
-0.03940181
-0.03680296
-0.03402711
-0.03107128
-0.0279305
-0.02460793
-0.02112877
-0.01755155
-0.01393796
-0.01032345
-0.006746651
-0.003252827
0.0001106096
0.003301483
0.006288185
0.009032703
0.01147787
0.01357446
0.01529892
0.0166683
0.01776913
0.01874981
0.01965677
0.02051383
0.02134162
0.02214605
0.02291893
0.02363536
0.02425677
0.02473388
0.02501411
0.02504944
0.02481019
0.02429803
0.02356967
0.02273115
0.02181398
0.02083576
0.01981652
0.01876942
0.01770264
0.01661658
0.01550663
0.01436313
0.01317541
0.01193346
0.01063284
0.00927886
0.007889226
0.006473296
0.005030087
0.003556924
0.002052032
0.0005143792
-0.001053395
-0.002643357
-0.004238804
-0.00581335
-0.00732649
-0.008709041
-0.009870622
-0.01070679
-0.01110852
-0.01097811
-0.0102543
-0.008940198
-0.007152611
-0.005111351
-0.002871599
-0.0004594983
0.002090451
0.004748949
0.007484502
0.01026292
0.01303907
0.01575348
0.01832696
0.02066139
0.02264228
0.02415021
0.02507618
0.02534905
0.02496564
0.02404157
0.02281225
0.02139288
0.01983715
0.01819708
0.01651511
0.0148217
0.013132
0.01144704
0.009755035
0.008033826
0.00625442
0.004385749
0.002399912
0.000278734
-0.001978898
-0.004347137
-0.006771393
-0.00921039
-0.01162578
-0.01397375
-0.01620879
-0.01828931
-0.02018408
-0.0218812
-0.02339736
-0.02479025
-0.02613561
-0.02746413
-0.02879559
-0.03014384
-0.03150917
-0.03287591
-0.0342092
-0.03545526
-0.03654311
-0.03738957
-0.03790843
-0.03802331
-0.03768765
-0.03690564
-0.03576991
-0.0344526
-0.03300599
-0.03146158
-0.02985607
-0.028218
-0.0265704
-0.02492695
-0.02329557
-0.02167721
-0.02006945
-0.01846659
-0.01686247
-0.01525028
-0.01362484
-0.01198217
-0.01032199
-0.008645838
-0.006959663
-0.005271717
-0.0035877
-0.001911197
-0.0002445348
0.001413753
0.003068385
0.004729911
0.006413517
0.008139816
0.009932159
0.01181543
0.01381033
0.01592904
0.01816389
0.02048883
0.02289823
0.02538236
0.02791694
0.03046298
0.0329626
0.0353392
0.03749781
0.03933144
0.04073093
0.04160091
0.04188445
0.04159049
0.04084143
0.03986234
0.03872047
0.03745489
0.03611012
0.03471977
0.03330986
0.03189519
0.03048366
0.02907694
0.02767525
0.02627861
0.0248907
0.02351962
0.02217996
0.02089152
0.01967869
0.01856651
0.0175768
0.01672038
0.0159885
0.01534807
0.01477776
0.01427148
0.01382053
0.01340979
0.01301745
0.01261223
0.01215313
0.01158879
0.01086014
0.00990428
0.008662977
0.007094595
0.005190981
0.003000121
0.000629642
-0.00186864
-0.00446722
-0.007132595
-0.009825791
-0.01250223
-0.01511117
-0.01759709
-0.01990095
-0.02196524
-0.0237392
-0.02519228
-0.02632783
-0.02720711
-0.02794791
-0.02860608
-0.02920288
-0.02975423
-0.03026613
-0.03073446
-0.03114415
-0.03147202
-0.03169032
-0.031773
-0.0317031
-0.03148155
-0.03114046
-0.03074071
-0.0303022
-0.02983816
-0.0293633
-0.02888827
-0.02841921
-0.0279556
-0.02749009
-0.0270077
-0.02648696
-0.02590084
-0.02521986
-0.02441529
-0.02346521
-0.02236096
-0.02111734
-0.01977824
-0.01838807
-0.01696346
-0.01551773
-0.01406252
-0.01260595
-0.01115122
-0.009696738
-0.008235339
-0.006755485
-0.005241834
-0.003677886
-0.002047216
-0.0003380801
0.001453322
0.003315575
0.005223179
0.007165288
0.009130131
0.01109891
0.01304865
0.01495061
0.0167725
0.01847938
0.02003823
0.02142247
0.02262033
0.02364369
0.02454003
0.02536889
0.02613724
0.02683683
0.02745302
0.02796146
0.02833147
0.02853001
0.02852983
0.02831932
0.02791524
0.02737613
0.02677934
0.02615134
0.02550787
0.02486081
0.02421125
0.02354829
0.02284697
0.02206927
0.02116574
0.02008095
0.01876034
0.01716202
0.0152694
0.0131108
0.01077185
0.008343422
0.005870724
0.003397806
0.0009721727
-0.001361069
-0.003564044
-0.005611746
-0.007498446
-0.009248091
-0.01091318
-0.01251185
-0.01404216
-0.01549621
-0.01686039
-0.01811658
-0.01924572
-0.02023381
-0.02107967
-0.02180583
-0.0224623
-0.0230842
-0.02368482
-0.02427361
-0.02485625
-0.02543228
-0.02599402
-0.02652612
-0.02700626
-0.02740668
-0.02769743
-0.02785095
-0.02784857
-0.02768837
-0.02739711
-0.02703065
-0.02661644
-0.02616766
-0.02569702
-0.0252151
-0.02472954
-0.0242443
-0.02375965
-0.02327239
-0.02277621
-0.02226272
-0.0217216
-0.0211421
-0.020514
-0.01982983
-0.01908659
-0.01828954
-0.0174533
-0.01658404
-0.01566151
-0.01465321
-0.01351721
-0.01220461
-0.01066538
-0.008857539
-0.00676029
-0.004390173
-0.001823784
0.0008060999
0.003441735
0.006037127
0.008545385
0.01093187
0.01317965
0.01530234
0.01733972
0.01928346
0.02111304
0.02280574
0.02433557
0.02567854
0.02682053
0.02776684
0.02855968
0.02927554
0.02994073
0.03057491
0.03120257
0.03184717
0.03253083
0.03327063
0.03407703
0.03494963
0.03587371
0.03681707
0.03773561
0.03857346
0.03926171
0.03972203
0.03987479
0.03965027
0.03900676
0.03794978
0.03656605
0.03501584
0.03334807
0.03159265
0.02978352
0.02794731
0.02610483
0.02426877
0.02244526
0.02063424
0.01883125
0.01702925
0.01521905
0.01339127
0.0115377
0.009653065
0.007736532
0.005792884
0.003826473
0.001844528
-0.0001412595
-0.002113381
-0.00404857
-0.005917743
-0.007688057
-0.009325493
-0.01080037
-0.01209413
-0.01320765
-0.01413809
-0.01486077
-0.01535706
-0.01562728
-0.01570294
-0.0156521
-0.01552346
-0.01533902
-0.01512037
-0.01489137
-0.01467725
-0.01450472
-0.01440146
-0.01439487
-0.0145094
-0.01476255
-0.01515878
-0.01568025
-0.01628377
-0.01694129
-0.0176457
-0.01839215
-0.0191756
-0.01999057
-0.02082947
-0.02168033
-0.0225247
-0.02333583
-0.0240779
-0.02470666
-0.02517217
-0.02542441
-0.02542151
-0.02514204
-0.02459998
-0.02386203
-0.02301931
-0.02210085
-0.02112667
-0.02011838
-0.0190938
-0.01806711
-0.01704814
-0.01604285
-0.01505359
-0.0140794
-0.01311686
-0.01215936
-0.01119769
-0.01021961
-0.009210702
-0.008154315
-0.007033448
-0.005832331
-0.004540627
-0.003156428
-0.001693826
-0.0001826288
0.001362907
0.002936494
0.004530468
0.006136916
0.007745838
0.009346879
0.0109274
0.01247341
0.0139691
0.01539915
0.01674989
0.01801364
0.01919171
0.02030255
0.02137925
0.02243091
0.02346178
0.02447727
0.02548116
0.02647713
0.02746791
0.02845733
0.02944995
0.03045239
0.03147302
0.03252223
0.03361092
0.03474914
0.03594252
0.03719016
0.03848909
0.03983878
0.04123212
0.04265198
0.04406864
0.04543828
0.0467025
0.04779039
0.04862329
0.04912372
0.04922852
0.04890761
0.04818676
0.04717368
0.04601481
0.04476341
0.0434581
0.04213766
0.04083046
0.03955211
0.03830195
0.03706184
0.03579636
0.03445257
0.03296423
0.03125669
0.02925641
0.02690194
0.02416213
0.02105437
0.0176757
0.01420002
0.01073131
0.007333407
0.00405994
0.0009399628
-0.002035828
-0.004917284
-0.007716483
-0.01042811
-0.01304341
-0.01554924
-0.01792743
-0.02015862
-0.02222722
-0.0241308
-0.02588904
-0.02753188
-0.02905318
-0.03044498
-0.03170736
-0.03285494
-0.033915
-0.03488446
-0.03575334
-0.03651549
-0.03716911
-0.03772487
-0.03820693
-0.03862387
-0.03896423
-0.03921229
-0.039351
-0.03936609
-0.0392512
-0.03901514
-0.03869
-0.03831848
-0.03791374
-0.03748437
-0.03703913
-0.03658513
-0.03612778
-0.03567027
-0.03521437
-0.03476054
-0.03430865
-0.0338581
-0.03340846
-0.03295942
-0.03251128
-0.03206476
-0.03162111
-0.03118178
-0.03074814
-0.03032115
-0.02990099
-0.02948632
-0.02907581
-0.02866887
-0.0282649
-0.0278627
-0.0274609
-0.02705763
-0.02665103
-0.02623905
-0.02582017
-0.02539347
-0.02495943
-0.02452004
-0.02407957
-0.02364457
-0.02322453
-0.02283075
-0.02247602
-0.02217269
-0.02193081
-0.02175451
-0.02163842
-0.02156402
-0.02150887
-0.02145441
-0.02137823
-0.0212529
-0.02104863
-0.02073544
-0.02028776
-0.01969016
-0.01894498
-0.01808315
-0.01716226
-0.01620006
-0.01520763
-0.01419707
-0.01317798
-0.0121575
-0.01114033
-0.01012854
-0.009122567
-0.008121549
-0.007124346
-0.006129475
-0.005136012
-0.004144797
-0.003163555
-0.002203255
-0.001278718
-0.0004072008
0.0003929926
0.001105824
0.001721148
0.002239833
0.002680606
0.003080656
0.003457517
0.003817979
0.004166254
0.004502819
0.00482341
0.005118961
0.005375837
0.005577957
0.005708672
0.005754531
0.005709419
0.005580753
0.005393294
0.005172065
0.004925616
0.004660882
0.004384901
0.004103639
0.003821683
0.003542239
0.003267088
0.002996858
0.00273088
0.0024677
0.002204837
0.001939079
0.001666409
0.00138246
0.001082726
0.0007634055
0.0004220692
5.948614e-05
-0.0003204549
-0.0007169038
-0.001128005
-0.001548967
-0.001971897
-0.002384904
-0.002772241
-0.003114229
-0.003388616
-0.003572633
-0.003646442
-0.003598108
-0.003429476
-0.00316591
-0.00285441
-0.00250935
-0.002139692
-0.001755539
-0.001365
-0.0009742752
-0.0005870804
-0.0002046624
0.0001731968
0.000549224
0.0009274084
0.001312997
0.001711811
0.002130055
0.002573285
0.003045803
0.003548921
0.004080066
0.004630631
0.005190032
0.005755824
0.006328314
0.006909033
0.007501787
0.008111612
0.008745032
0.009408136
0.01010531
0.01083656
0.01159587
0.01237384
0.01316101
0.01394274
0.01469899
0.01540437
0.01602972
0.01654448
0.01692092
0.01714027
0.0172001
0.01712617
0.01697303
0.01676644
0.01651801
0.01623973
0.01594284
0.01563785
0.01533434
0.01504172
0.01476954
0.01452778
0.01432654
0.01417509
0.01407985
0.01404211
0.01405334
0.01409554
0.01416208
0.01424575
0.01433503
0.01441452
0.01446433
0.01446089
0.0143779
0.01418907
0.0138718
0.01341338
0.01281827
0.01211702
0.0113523
0.0105366
0.009679105
0.008792564
0.007891166
0.006992096
0.0061154
0.005284928
0.004527375
0.003871149
0.003343013
0.002963597
0.002740205
0.00265781
0.002672317
0.002740318
0.002846698
0.002980349
0.003130293
0.003288172
0.003447823
0.003605659
0.003759965
0.003910576
0.004058111
0.004203661
0.004348261
0.004492806
0.004637732
0.004783161
0.004928897
0.005074636
0.005220059
0.005365093
0.005509937
0.005655437
0.00580273
0.005953403
0.006109164
0.006271614
0.006441639
0.00661898
0.00680152
0.006984857
0.007161697
0.007321755
0.007451917
0.007537084
0.007561606
0.007511604
0.007378437
0.007162923
0.006881682
0.006566058
0.006225407
0.005865573
0.005493495
0.005115141
0.004735682
0.004359308
0.00398909
0.0036271
0.003274333
0.002930731
0.002594651
0.002262791
0.001929602
0.001587803
0.001227283
0.0008362348
0.000401604
-8.917441e-05
-0.0006465288
-0.001275438
-0.001972458
-0.002719981
-0.003487374
-0.004257942
-0.005023831
-0.005780269
-0.006528242
-0.007275444
-0.008037822
-0.008838744
-0.009709
-0.01068344
-0.01179723
-0.01307934
-0.01454486
-0.01618478
-0.01795392
-0.01976301
-0.0215174
-0.02315486
-0.02462215
-0.02588028
-0.02691851
-0.02777309
-0.02852408
-0.02919306
-0.029795
-0.03035057
-0.03088026
-0.03140527
-0.03194622
-0.03252368
-0.03315728
-0.03386477
-0.03465981
-0.03554861
-0.03652554
-0.03756702
-0.03862954
-0.03966995
-0.04063958
-0.04148093
-0.04213142
-0.04253077
-0.04263046
-0.04240831
-0.04188485
-0.0411433
-0.04029499
-0.03937926
-0.03842175
-0.03744661
-0.0364675
-0.03548767
-0.03449655
-0.03347162
-0.03237826
-0.03117545
-0.02981734
-0.02826246
-0.02648215
-0.02447284
-0.02227191
-0.01995932
-0.01757344
-0.01513285
-0.01265494
-0.01015511
-0.007644909
-0.005133077
-0.002624862
-0.0001242949
0.002365634
0.004839744
0.00729254
0.009715928
0.0121005
0.01442761
0.01666616
0.01877808
0.02072486
0.02247134
0.02399762
0.02530771
0.02644918
0.0275076
0.02850806
0.0294633
0.0303876
0.03128815
0.03216889
0.03302729
0.03385753
0.03465065
0.0353987
0.03609661
0.03674684
0.03736182
0.03796033
0.03855026
0.03913886
0.03973313
0.04033875
0.04095805
0.04158933
0.04222479
0.04285076
0.04344643
0.04398505
0.04443474
0.04476227
0.04493708
0.04493896
0.0447656
0.04444636
0.04404219
0.04358349
0.04308516
0.04256249
0.04202893
0.04149555
0.04097022
0.04045727
0.0399574
0.03946796
0.03898261
0.03849169
0.03798226
0.03743874
0.03684417
0.03618152
0.03543624
0.03460022
0.0336759
0.03268307
0.03165739
0.03061033
0.02954924
0.02848116
0.02741063
0.0263395
0.02526635
0.02418616
0.02309055
0.02196804
0.02080524
0.01958693
0.01829843
0.01692757
0.01546869
0.01392611
0.01232022
0.0106699
0.008950681
0.007117052
0.005111874
0.002867465
0.0003158015
-0.002600423
-0.005908432
-0.009584171
-0.01353233
-0.01762951
-0.02171352
-0.02556061
-0.02885237
-0.03130294
-0.03323233
-0.0349087
-0.03637066
-0.03765965
-0.03882574
-0.03992104
-0.04098878
-0.04206354
-0.04316616
-0.04430649
-0.04548358
-0.04668863
-0.04790288
-0.04910029
-0.05024696
-0.05130471
-0.05223263
-0.05299434
-0.05355838
-0.05387514
-0.05389014
-0.05356283
-0.0528804
-0.05187857
-0.05065526
-0.04930556
-0.04786034
-0.04634042
-0.04476531
-0.04314897
-0.04150133
-0.03982955
-0.03813904
-0.03641902
-0.03464877
-0.03280196
-0.03085082
-0.02876973
-0.02654215
-0.02416694
-0.0216701
-0.01910497
-0.01650441
-0.01389151
-0.01129317
-0.008736947
-0.006250245
-0.003855987
-0.001570075
0.0006041028
0.002681559
0.004695318
0.00664074
0.008503231
0.01026508
0.01190627
0.013408
0.01475971
0.0159655
0.0170584
0.0180969
0.01909838
0.02007224
0.02102961
0.02197812
0.02292326
0.02386588
0.02480443
0.02573347
0.0266455
0.02753068
0.02837907
0.02918112
0.02993074
0.03062659
0.03127716
0.03189894
0.03249204
0.03304495
0.03354141
0.03396004
0.03427696
0.0344685
0.03451764
0.03442031
0.03419637
0.03389259
0.03354274
0.03316039
0.03275766
0.03234554
0.03193252
0.03152354
0.03111974
0.03071793
0.03031058
0.02988568
0.02942717
0.02891579
0.02833028
0.02764978
0.02685785
0.02594741
0.02492914
0.02383332
0.02266681
0.02140699
0.02002246
0.01847844
0.01674197
0.01479024
0.01262103
0.01026438
0.007794784
0.005341354
0.003097018
0.00130437
0.0001574898
-0.000188195
0.0003570719
0.00176436
0.00383799
0.006148142
0.008042443
0.009002836
0.008610054
0.006530292
0.00260595
-0.003029724
-0.009846537
-0.01674564
-0.02218912
-0.02552868
-0.02654599
-0.0255069
-0.02330148
-0.02058253
-0.01762902
-0.01468387
-0.01193849
-0.009465243
-0.007298081
-0.005505329
-0.004103553
-0.003031261
-0.002171507
-0.001461441
-0.0008521442
-0.0002985836
0.0002296746
0.000750285
0.001267009
0.001774764
0.002262771
0.002721234
0.003146481
0.003546183
0.003925553
0.004275441
0.00458285
0.004833284
0.005009605
0.00509399
0.005069501
0.004924662
0.004658305
0.004287397
0.003851462
0.003389337
0.002916271
0.002442744
0.001975692
0.001516072
0.001057569
0.0005861158
7.979703e-05
-0.0004896371
-0.001154754
-0.001947714
-0.002896034
-0.004014511
-0.005297012
-0.006705831
-0.00815982
-0.009533611
-0.01073812
-0.01174093
-0.0125548
-0.01324746
-0.01397628
-0.01495682
-0.0162086
-0.01755822
-0.0186756
-0.01901181
-0.01848783
-0.01850406
-0.01938708
-0.02107684
-0.02337048
-0.02568107
-0.02714162
-0.02752065
-0.02713091
-0.02680436
-0.02771224
-0.02940767
-0.03063249
-0.03040303
-0.02874867
-0.02625831
-0.02398504
-0.02263888
-0.02237502
-0.02306253
-0.02425794
-0.02562872
-0.02701516
-0.02823655
-0.02909564
-0.0294205
-0.02910423
-0.02814928
-0.02671233
-0.0250308
-0.02320008
-0.02130151
-0.0194229
-0.01763554
-0.01598636
-0.01448311
-0.01309308
-0.01178832
-0.01055625
-0.009381885
-0.008249217
-0.007143893
-0.006054859
-0.004974064
-0.003895808
-0.002815073
-0.001725997
-0.0006239155
0.0004895447
0.001609781
0.002729751
0.003839528
0.004926191
0.005974135
0.006965746
0.007882923
0.008709804
0.009436446
0.01006321
0.01060767
0.01110627
0.01158504
0.01205387
0.01251834
0.01297948
0.01343207
0.01386366
0.01425485
0.01458034
0.0148115
0.01491996
0.01488337
0.01469232
0.01436033
0.01393004
0.01344419
0.01291761
0.01236168
0.01178747
0.01120389
0.0106172
0.01003119
0.009447542
0.008866567
0.008287656
0.007710219
0.007133859
0.006559277
0.005987988
0.005422839
0.00486739
0.004325937
0.003802382
0.003299656
0.002818147
0.002354357
0.001900583
0.001455086
0.001016672
0.0005837897
0.0001545927
-0.0002727983
-0.0007006105
-0.001131
-0.001566427
-0.002009033
-0.002460688
-0.002922141
-0.003392825
-0.003869833
-0.004347642
-0.00481719
-0.005266136
-0.005678746
-0.006037074
-0.006322556
-0.006518906
-0.006616145
-0.006615457
-0.006537091
-0.006418773
-0.006271616
-0.006102255
-0.005918398
-0.005726279
-0.005531027
-0.005336245
-0.005144503
-0.004957355
-0.004775748
-0.004600123
-0.004430477
-0.004266226
-0.004105956
-0.003947134
-0.003785813
-0.003616295
-0.003431083
-0.00322112
-0.002976431
-0.002687241
-0.002345775
-0.001948658
-0.001500648
-0.001016482
-0.000510687
1.238071e-05
0.00054954
0.0010973
0.001652358
0.002211293
0.002770199
0.003324498
0.003868576
0.004395683
0.004898169
0.00536817
0.005798682
0.006185258
0.006527924
0.006834473
0.007121184
0.00739991
0.007675678
0.007951871
0.008229995
0.008508684
0.008783138
0.009044955
0.009282323
0.009480655
0.009624105
0.009697624
0.00969026
0.009598978
0.009434463
0.009222874
0.008983027
0.008722279
0.008447174
0.008163659
0.00787657
0.00758924
0.007303721
0.007020743
0.006740157
0.00646097
0.006181808
0.005900859
0.005616303
0.005326295
0.005029463
0.004724933
0.004413038
0.004094336
0.003767737
0.003431888
0.003086134
0.002730655
0.002367407
0.002000435
0.00163678
0.001286605
0.000963494
0.0006836641
0.0004649628
0.0003244795
0.0002755562
0.0003231794
0.0004583132
0.0006536584
0.0008821054
0.001133828
0.001401432
0.001677672
0.001957093
0.002236009
0.002512833
0.002787642
0.003062015
0.003338411
0.003619761
0.003908693
0.004206961
0.004514612
0.004829415
0.005146065
0.005455894
0.005746553
0.006002531
0.006205909
0.00633841
0.006383818
0.006332395
0.006185184
0.005962155
0.005700185
0.005410371
0.005099173
0.004774309
0.004441655
0.004106094
0.003770675
0.003437464
0.003107285
0.002780551
0.002457092
0.002136812
0.001819267
0.001504033
0.001190195
0.0008764894
0.0005606759
0.0002396805
-9.083328e-05
-0.0004359409
-0.0008015602
-0.001193307
-0.001615587
-0.002069635
-0.002551755
-0.003055679
-0.003581417
-0.004128435
-0.004693777
-0.005271261
-0.00585054
-0.006416212
-0.006947523
-0.007418664
-0.007800228
-0.008062173
-0.008178048
-0.008131985
-0.00792623
-0.007594387
-0.007198442
-0.006757054
-0.006281306
-0.005784075
-0.005275338
-0.004763093
-0.004252271
-0.003745736
-0.003244183
-0.002747164
-0.002253208
-0.001760769
-0.001268016
-0.0007735137
-0.0002760999
0.0002247271
0.000729055
0.001236273
0.001745271
0.00225411
0.002760476
0.003261419
0.003753735
0.004234043
0.004699462
0.005148047
0.005579754
0.005997236
0.006406455
0.00681035
0.007210498
0.007608391
0.008005462
0.008402872
0.008801529
0.009201857
0.009604049
0.01000783
0.01041252
0.01081692
0.01121946
0.01161806
0.0120103
0.01239356
0.01276543
0.01312406
0.01346887
0.01380125
0.01412527
0.01444493
0.01476177
0.01507684
0.01539118
0.01570542
0.01601984
0.01633425
0.0166481
0.01696043
0.01727004
0.01757545
0.0178751
0.01816744
0.01845106
0.01872491
0.01898854
0.01924241
0.01948836
0.01972976
0.01996617
0.02018876
0.0203833
0.02053106
0.02060937
0.02059399
0.02046236
0.02019941
0.01980325
0.01929588
0.01872321
0.01810779
0.01746028
0.01679194
0.01611277
0.01543186
0.01475592
0.01409007
0.01343702
0.01279765
0.01217003
0.01154983
0.01092916
0.01029763
0.00964069
0.008941469
0.008181234
0.007342092
0.006409249
0.005376184
0.004249296
0.003055052
0.001828794
0.0005854845
-0.0006629494
-0.001903428
-0.003125492
-0.004321436
-0.005488904
-0.00663098
-0.007755507
-0.008866596
-0.009969749
-0.01107178
-0.0121809
-0.01330538
-0.01445329
-0.01563031
-0.01683933
-0.01807766
-0.01933564
-0.02059417
-0.02182395
-0.02298494
-0.02402927
-0.02490291
-0.0255527
-0.02593425
-0.02602516
-0.02584032
-0.0254503
-0.02495086
-0.02437288
-0.02373692
-0.02306512
-0.02237479
-0.02167932
-0.02098702
-0.02030247
-0.01962694
-0.01895974
-0.01829893
-0.0176421
-0.01698678
-0.01633082
-0.01567231
-0.01500963
-0.01434117
-0.01366524
-0.01298004
-0.01228349
-0.01157351
-0.01084838
-0.01010744
-0.00935183
-0.00858565
-0.007813704
-0.007035831
-0.006250129
-0.005454447
-0.004646341
-0.003823924
-0.002986523
-0.002135953
-0.001277477
-0.0004211476
0.0004178237
0.001218611
0.001955568
0.002599822
0.003122723
0.003500471
0.003721171
0.003793095
0.003754746
0.003658301
0.00352064
0.003352973
0.00316712
0.002972076
0.002774363
0.00257741
0.002382368
0.002188423
0.001993764
0.001796217
0.001594177
0.001387229
0.001176879
0.0009667855
0.0007633476
0.0005754226
0.0004139816
0.0002911481
0.0002187483
0.0002060698
0.000256981
0.0003659755
0.0005155363
0.0006881583
0.0008777435
0.001079623
0.001289147
0.001502598
0.001717199
0.001931129
0.002143423
0.002353697
0.00256196
0.002768417
0.002973353
0.003177079
0.003379888
0.003582083
0.0037841
0.003986533
0.004190171
0.004396019
0.004605231
0.004818963
0.005038123
0.005263007
0.005492959
0.005725934
0.005958072
0.00618346
0.006394014
0.006579784
0.006729561
0.006832192
0.006878362
0.00686336
0.006790296
0.006674018
0.006534607
0.006378429
0.00620958
0.0060326
0.005850931
0.005667337
0.005483554
0.005300787
0.005119623
0.004940533
0.004763777
0.004589797
0.004418857
0.00425122
0.004086701
0.003924654
0.003763365
0.003600042
0.003430385
0.003248787
0.003048294
0.00282141
0.002560801
0.002261112
0.001920524
0.001544117
0.001143876
0.0007252881
0.0002907677
-0.0001559275
-0.0006099133
-0.001064477
-0.001511244
-0.001939683
-0.00233764
-0.002691576
-0.002988472
-0.003217481
-0.003373388
-0.003460161
-0.003495769
-0.003504373
-0.003493908
-0.003469538
-0.003436937
-0.00340045
-0.003363472
-0.003327947
-0.003294906
-0.003264325
-0.003235682
-0.00320778
-0.003179429
-0.003149266
-0.003116205
-0.003079384
-0.003038602
-0.002994288
-0.002947908
-0.002901856
-0.002859829
-0.002826562
-0.002807801
-0.002809676
-0.002838172
-0.002897839
-0.002990518
-0.003113091
-0.003256432
-0.003411326
-0.003574486
-0.003743285
-0.003915228
-0.004088275
-0.004261046
-0.004432649
-0.004602896
-0.004771983
-0.004940558
-0.005109415
-0.005279572
-0.005451922
-0.005627265
-0.005805837
-0.005987465
-0.006171073
-0.006354709
-0.006535239
-0.006708528
-0.006869421
-0.007012247
-0.007131252
-0.00722178
-0.007281416
-0.0073118
-0.007320376
-0.00731736
-0.007305995
-0.007288512
-0.007267178
-0.007243844
-0.007219866
-0.007196104
-0.007172977
-0.007150619
-0.007128929
-0.007107761
-0.007086914
-0.007066284
-0.007045816
-0.007025559
-0.007005581
-0.006985978
-0.006966751
-0.006947793
-0.006928751
-0.006909054
-0.006887808
-0.006863881
-0.006835904
-0.006802474
-0.006762306
-0.006714615
-0.006659438
-0.006598292
-0.006534007
-0.006467445
-0.006399127
-0.006329705
-0.006259722
-0.006189678
-0.006119949
-0.006050827
-0.005982471
-0.005914963
-0.005848236
-0.005782126
-0.005716288
-0.005650263
-0.005583455
-0.005515185
-0.005444755
-0.005371613
-0.005295451
-0.005216453
-0.005135467
-0.005054202
-0.004975466
-0.004903098
-0.004841948
-0.004797607
-0.004775799
-0.004781586
-0.004818008
-0.004884703
-0.004975356
-0.005078272
-0.005189936
-0.005308277
-0.005430854
-0.005555769
-0.005681451
-0.005806909
-0.005931498
-0.006054957
-0.006177214
-0.006298397
-0.006418692
-0.00653839
-0.006657801
-0.00677735
-0.006897545
-0.007019061
-0.007142692
-0.007269403
-0.007400226
-0.007536192
-0.007678119
-0.007826386
-0.007980636
-0.008139212
-0.008299373
-0.008460748
-0.008623688
-0.008788816
-0.008957163
-0.009129968
-0.009308498
-0.009493617
-0.009685352
-0.009882352
-0.01008143
-0.01027705
-0.01046115
-0.01062313
-0.01075045
-0.0108296
-0.0108479
-0.01079613
-0.01067203
-0.010485
-0.01025781
-0.01000659
-0.009737829
-0.009456952
-0.009169019
-0.008877976
-0.008586667
-0.008296703
-0.008008797
-0.007722799
-0.007438476
-0.007154979
-0.006871566
-0.00658751
-0.006302409
-0.006015965
-0.005728264
-0.005439553
-0.005150602
-0.004862224
-0.004575556
-0.004291791
-0.004012312
-0.003738194
-0.003470271
-0.003208577
-0.00295242
-0.002699606
-0.002448729
-0.002199174
-0.001950646
-0.001702798
-0.001455569
-0.001208911
-0.0009631506
-0.0007183777
-0.0004747688
-0.0002322056
9.549594e-06
0.0002513139
0.0004942305
0.0007401359
0.0009908274
0.001248786
0.001516253
0.001795128
0.002086106
0.002388328
0.002698502
0.003013099
0.003329736
0.003646146
0.003959621
0.004267737
0.004568374
0.004860611
0.005144947
0.005424218
0.005703557
0.00599154
0.006299692
0.006642466
0.007035909
0.007496245
0.008036741
0.008664193
0.009373156
0.0101427
0.01095085
0.01178891
0.01264758
0.01351492
0.01437661
0.01521631
0.0160154
0.01675478
0.01741588
0.01798379
0.0184511
0.01882329
0.01912458
0.01938793
0.01962472
0.01984347
0.02005344
0.02026267
0.02047783
0.02070364
0.02094266
0.02119488
0.0214572
0.0217232
0.0219827
0.02222162
0.02242232
0.02256456
0.02262748
0.02259214
0.02244622
0.02218886
0.02183921
0.02143634
0.02099937
0.0205371
0.02005828
0.01957006
0.01907834
0.01858679
0.01809762
0.01761143
0.01712819
0.01664708
0.01616729
0.01568779
0.01520809
0.01472775
0.01424679
0.01376524
0.01328352
0.01280186
0.01232054
0.01183935
0.01135823
0.01087638
0.01039304
0.009907041
0.009417439
0.008923366
0.008424776
0.007922372
0.007418574
0.006917137
0.006423898
0.005946347
0.005493714
0.005075651
0.004701439
0.004377456
0.004105704
0.003878686
0.003680035
0.003501988
0.00334096
0.00319217
0.003050199
0.002908354
0.002759196
0.002593719
0.002402096
0.002173823
0.001899255
0.001570815
0.001185884
0.0007497006
0.0002783876
-0.0002125177
-0.0007173359
-0.001231923
-0.001751874
-0.002273888
-0.002795289
-0.003314586
-0.00383073
-0.004343821
-0.004854375
-0.005363714
-0.00587345
-0.006385954
-0.00690382
-0.007430225
-0.007967837
-0.008519542
-0.009087086
-0.009670858
-0.01026853
-0.01087493
-0.01148475
-0.01209584
-0.01270636
-0.01331526
-0.01392214
-0.01452778
-0.01513374
-0.01574279
-0.0163582
-0.01698367
-0.0176221
-0.01827536
-0.01894279
-0.01962046
-0.02029984
-0.0209673
-0.02160352
-0.02218422
-0.02268123
-0.02306571
-0.02331196
-0.02340438
-0.02334445
-0.02316347
-0.02291978
-0.02263114
-0.02230853
-0.021965
-0.02161135
-0.02125686
-0.02090824
-0.02056995
-0.02024418
-0.01993089
-0.01962776
-0.01932994
-0.01902989
-0.01871721
-0.01837874
-0.01799894
-0.01756114
-0.01704925
-0.01645105
-0.01576161
-0.0149892
-0.01415871
-0.01329459
-0.01240418
-0.01149257
-0.01056466
-0.009624764
-0.008676514
-0.007723761
-0.006771166
-0.005825297
-0.004894774
-0.003990854
-0.003126715
-0.00231721
-0.001575857
-0.0009126839
-0.0003300952
0.0001824153
0.0006505186
0.001091965
0.001513256
0.001919403
0.002315199
0.002704163
0.003088915
0.003471105
0.003852301
0.004234211
0.004619484
0.005011504
0.005415368
0.005837175
0.006283862
0.006761996
0.007276723
0.007829663
0.008416485
0.009025461
0.009648608
0.01028279
0.0109251
0.01157225
0.0122211
0.01286851
0.01351151
0.01414669
0.01477143
0.01538331
0.01598099
0.01656454
0.01713658
0.01770219
0.01826554
0.01883052
0.01940176
0.0199838
0.02058067
0.02119465
0.0218255
0.02246913
0.02311646
0.02375233
0.02435533
0.02489803
0.02534849
0.02567311
0.02584145
0.02583328
0.02564684
0.02531246
0.02489261
0.02441768
0.02390172
0.02335874
0.02280049
0.02223643
0.02167271
0.02111323
0.02055922
0.02001061
0.01946604
0.01892384
0.018382
0.01783877
0.01729243
0.01674192
0.01618627
0.01562516
0.01505841
0.01448685
0.01391168
0.01333499
0.01275773
0.01218075
0.01160417
0.01102813
0.01045225
0.009876151
0.009298967
0.008719976
0.008138228
0.007553462
0.006965504
0.006375165
0.005784004
0.005195024
0.004612128
0.004040613
0.003486307
0.002955984
0.002455196
0.001987881
0.001554263
0.001148778
0.0007594532
0.0003807611
1.007479e-05
-0.0003547657
-0.0007158819
-0.001074732
-0.001432481
-0.001789702
-0.002147084
-0.002505171
-0.002865006
-0.003227545
-0.003594633
-0.003968217
-0.004350636
-0.004743833
-0.005149348
-0.005567261
-0.005995632
-0.006429842
-0.006868029
-0.00730929
-0.007752945
-0.008198172
-0.008644543
-0.009091582
-0.009539183
-0.009986746
-0.01043415
-0.01088089
-0.0113266
-0.01177055
-0.01221227
-0.01265117
-0.0130872
-0.01352036
-0.01395138
-0.01438131
-0.01481193
-0.01524534
-0.01568427
-0.0161314
-0.01658906
-0.01705834
-0.01753873
-0.01802682
-0.01851587
-0.01899481
-0.01944847
-0.01985757
-0.02019999
-0.02045297
-0.02059661
-0.0206188
-0.02052114
-0.02032881
-0.02008826
-0.01981348
-0.01951274
-0.0191957
-0.01886975
-0.01854076
-0.01821228
-0.01788637
-0.01756348
-0.01724338
-0.01692506
-0.01660766
-0.01629033
-0.01597269
-0.01565464
-0.01533661
-0.01501908
-0.01470276
-0.01438813
-0.01407552
-0.01376438
-0.01345342
-0.01314026
-0.01282166
-0.01249329
-0.01215036
-0.01178781
-0.01140146
-0.01098879
-0.01055061
-0.01009279
-0.009626211
-0.009155043
-0.00868264
-0.008212242
-0.007746669
-0.007287025
-0.00683276
-0.006380964
-0.005926325
-0.00546063
-0.004973314
-0.004451717
-0.003882853
-0.00325455
-0.00255887
-0.001794927
-0.0009748326
-0.0001224633
0.0007535623
0.001645886
0.002543685
0.003435103
0.004306304
0.005142734
0.005929438
0.006653221
0.007304611
0.007881407
0.008392933
0.008862252
0.009305672
0.009729878
0.01014065
0.01054384
0.01094453
0.01134725
0.01175535
0.01217182
0.01259861
0.01303665
0.01348525
0.01394181
0.01440113
0.0148549
0.01529118
0.01569485
0.01604791
0.01633129
0.01652703
0.01662228
0.01661386
0.01651542
0.01635964
0.0161696
0.01595416
0.01572084
0.01547642
0.01522626
0.01497411
0.0147223
0.01447215
0.01422427
0.01397911
0.01373702
0.01349869
0.01326488
0.01303637
0.01281349
0.01259586
0.01238159
0.01216699
0.011946
0.01171021
0.01144874
0.01114911
0.01079831
0.01038499
0.00990214
0.009350631
0.008744731
0.008111129
0.007457833
0.006789843
0.006112815
0.005431661
0.004750124
0.004070867
0.003395421
0.002724471
0.002057732
0.001394254
0.0007322921
7.011195e-05
-0.0005936945
-0.001260011
-0.001929378
-0.002601426
-0.003275066
-0.003947968
-0.004616815
-0.005276554
-0.005921518
-0.006545118
-0.007140953
-0.007703628
-0.008230966
-0.008724536
-0.009182535
-0.009599049
-0.009969381
-0.01029185
-0.01057025
-0.01081623
-0.01104534
-0.01126332
-0.01147461
-0.01168386
-0.0118953
-0.01211235
-0.01233733
-0.01257103
-0.01281237
-0.01305797
-0.01330176
-0.0135347
-0.01374498
-0.01391831
-0.01403918
-0.01409258
-0.01406679
-0.01395718
-0.01377115
-0.01353179
-0.01326191
-0.01296918
-0.01265934
-0.01233825
-0.01201062
-0.01168027
-0.01135007
-0.01102239
-0.0106991
-0.01038198
-0.01007263
-0.009772433
-0.009481883
-0.009200333
-0.008925078
-0.008651086
-0.008369898
-0.008069718
-0.007735392
-0.007349429
-0.006893499
-0.006351268
-0.005712334
-0.004977236
-0.004164845
-0.003311586
-0.002431386
-0.001536461
-0.0006423522
0.0002344418
0.001076899
0.001868562
0.002595786
0.003249891
0.003830269
0.004349383
0.004832845
0.005293201
0.005736394
0.006167926
0.006592572
0.007014035
0.007434946
0.00785702
0.008281477
0.008709173
0.009140932
0.009577274
0.01001881
0.01046561
0.01091612
0.01136643
0.01181028
0.01223869
0.01264022
0.01300119
0.0133074
0.01354585
0.01370787
0.0137927
0.01381343
0.01379719
0.01375701
0.01369876
0.01362838
0.01355084
0.01347019
0.01338925
0.01330974
0.01323264
0.01315832
0.01308679
0.01301786
0.01295119
0.01288635
0.01282267
0.01275911
0.01269412
0.01262552
0.01255049
0.01246551
0.01236678
0.01225041
0.01211347
0.01195468
0.01177588
0.01158293
0.01138169
0.01117398
0.01096123
0.01074496
0.01052665
0.01030758
0.01008909
0.009872292
0.00965866
0.009449177
0.009244749
0.009045671
0.008851581
0.008660792
0.008470216
0.008274825
0.008067925
0.007840826
0.007583713
0.007286384
0.00694005
0.00653928
0.006084872
0.005587985
0.005069705
0.004536175
0.0039912
0.003438987
0.002882998
0.002325768
0.001768949
0.001213247
0.0006590082
0.0001058367
-0.0004467348
-0.000999364
-0.001552411
-0.002106238
-0.002660761
-0.003215838
-0.003770448
-0.004323804
-0.004874644
-0.005421769
-0.005963848
-0.006500121
-0.007030297
-0.007555359
-0.008077089
-0.008596724
-0.009114959
-0.009632783
-0.01015098
-0.01067054
-0.0111921
-0.01171632
-0.01224306
-0.01277206
-0.0133022
-0.01383181
-0.01435822
-0.01487828
-0.01538809
-0.01588378
-0.01636145
-0.01681849
-0.01725403
-0.0176703
-0.01807372
-0.01847506
-0.01888064
-0.01929389
-0.01971606
-0.02014562
-0.02057697
-0.02099976
-0.02139853
-0.02175317
-0.02203989
-0.02223369
-0.0223118
-0.02225898
-0.02207379
-0.02177865
-0.02141994
-0.02102014
-0.02058972
-0.02013905
-0.019677
-0.01921051
-0.01874417
-0.01828062
-0.01782089
-0.01736476
-0.01691125
-0.01645904
-0.01600691
-0.01555376
-0.01509897
-0.01464229
-0.01418398
-0.01372456
-0.01326491
-0.01280598
-0.01234902
-0.01189473
-0.01144351
-0.01099506
-0.01054836
-0.0101013
-0.009650665
-0.009191964
-0.008719985
-0.008228643
-0.007712145
-0.007165626
-0.006586913
-0.00597786
-0.005346695
-0.004704062
-0.004053114
-0.003394949
-0.00273067
-0.002060391
-0.001383917
-0.0007005166
-9.901488e-06
0.0006875342
0.001389415
0.002091437
0.002786291
0.003463771
0.004110607
0.00471164
0.005251055
0.005715055
0.00609471
0.006391047
0.0066212
0.006817251
0.006988604
0.007140985
0.007281075
0.007414406
0.00754545
0.007677523
0.007812919
0.007953023
0.008098467
0.008249313
0.008404986
0.008564229
0.008724711
0.008883211
0.009035164
0.009174781
0.009295122
0.00938871
0.009448311
0.009468348
0.009446607
0.009386975
0.009301024
0.009200079
0.009087626
0.008966067
0.008837757
0.008704556
0.008567906
0.00842918
0.008289914
0.008152151
0.00801873
0.007893466
0.007781116
0.00768709
0.007616839
0.007574978
0.007563852
0.007581873
0.007621529
0.007672622
0.00773198
0.007797531
0.007866998
0.007938624
0.008011046
0.00808342
0.008155259
0.008226405
0.008296881
0.008366808
0.008436302
0.00850547
0.008574365
0.008642985
0.008711311
0.00877935
0.008847186
0.008915053
0.008983206
0.009052138
0.009122436
0.009194693
0.009269447
0.009346957
0.009427077
0.009508983
0.009591026
0.009670538
0.009743801
0.009806104
0.009852054
0.009876078
0.009873295
0.009840717
0.009778778
0.009693607
0.009596615
0.009491098
0.009378983
0.009262411
0.009143062
0.00902219
0.008900678
0.008779015
0.008657535
0.008536504
0.008416323
0.008297456
0.008180573
0.00806631
0.00795544
0.007848233
0.007744493
0.007643069
0.007541753
0.007436826
0.007323171
0.007194186
0.007042426
0.006860068
0.006640296
0.006378917
0.006076521
0.005741641
0.005390223
0.005026946
0.004654835
0.004277091
0.003896365
0.00351467
0.003133413
0.00275328
0.002374542
0.001996996
0.001620435
0.001244306
0.0008681709
0.0004915064
0.0001140391
-0.0002645532
-0.0006443307
-0.001025359
-0.001407102
-0.001789168
-0.002170695
-0.002550667
-0.002927643
-0.003300165
-0.003666617
-0.004025714
-0.004376475
-0.004719113
-0.005055211
-0.005387132
-0.005715241
-0.006039871
-0.006361469
-0.006680798
-0.006998638
-0.007316345
-0.007635508
-0.007958099
-0.008286131
-0.0086216
-0.008965875
-0.009319328
-0.009680436
-0.01004547
-0.01040763
-0.01075689
-0.01107977
-0.01136011
-0.01158012
-0.01172265
-0.01177421
-0.01172964
-0.01159769
-0.01140514
-0.01117862
-0.01092747
-0.01065874
-0.0103794
-0.01009495
-0.009809454
-0.009525342
-0.009243741
-0.008964794
-0.008688027
-0.008412631
-0.008137691
-0.007862456
-0.007586346
-0.007309079
-0.007030637
-0.006751287
-0.00647143
-0.006191591
-0.005912261
-0.005633888
-0.005356658
-0.005080493
-0.004804934
-0.004529167
-0.00425197
-0.003971879
-0.00368729
-0.003396881
-0.003099778
-0.002795523
-0.002484367
-0.00216804
-0.001850134
-0.00153653
-0.001235522
-0.0009577465
-0.000715534
-0.0005218213
-0.000388343
-0.0003229135
-0.0003261809
-0.0003864761
-0.0004796741
-0.0005940577
-0.0007241469
-0.000864515
-0.001010549
-0.00115858
-0.001306177
-0.001451938
-0.001595418
-0.001736812
-0.001876808
-0.002016312
-0.002156329
-0.002297766
-0.002441334
-0.002587414
-0.002735995
-0.002886511
-0.003037825
-0.003188122
-0.003334934
-0.003475188
-0.003605419
-0.003722078
-0.003822066
-0.003903487
-0.003966516
-0.004014885
-0.004055566
-0.00409061
-0.004121265
-0.004148995
-0.004175017
-0.004200426
-0.00422605
-0.004252582
-0.004280563
-0.004310425
-0.004342458
-0.004376758
-0.004413122
-0.004450953
-0.004489078
-0.004525658
-0.004558106
-0.004583147
-0.004596931
-0.00459541
-0.004574831
-0.004532799
-0.004468977
-0.004386953
-0.00429421
-0.00419434
-0.004088948
-0.003979703
-0.003868088
-0.00375549
-0.003642977
-0.003531482
-0.003421735
-0.003314371
-0.00320978
-0.003108121
-0.003009104
-0.002912014
-0.002815282
-0.002716536
-0.002612415
-0.002498717
-0.002370486
-0.002222566
-0.002050232
-0.001850455
-0.001622943
-0.001372439
-0.001108643
-0.0008363473
-0.000557731
-0.0002750104
1.000647e-05
0.0002956677
0.0005810466
0.0008655166
0.001148902
0.00143122
0.001712797
0.001994032
0.002275479
0.002557564
0.002840823
0.003125611
0.003412196
0.003700518
0.003990317
0.004280907
0.00457127
0.004859794
0.005144637
0.005423603
0.005694465
0.005955138
0.006204243
0.006441492
0.006668362
0.00688871
0.007108847
0.007332922
0.00756362
0.007802498
0.008049289
0.008301092
0.008551753
0.008791301
0.009006055
0.009179015
0.009291054
0.009323149
0.009259481
0.009092101
0.008826431
0.008487807
0.008110565
0.007705749
0.007280592
0.006842801
0.006398154
0.005950923
0.005503374
0.005056558
0.004610277
0.004163993
0.003717096
0.003269616
0.002822364
0.002377421
0.001938029
0.001508754
0.001094843
0.000701844
0.0003344969
-4.392212e-06
-0.0003157822
-0.0006060548
-0.0008843031
-0.001153137
-0.001414595
-0.001671033
-0.00192475
-0.002177909
-0.002432571
-0.002690596
-0.002953646
-0.003222897
-0.003498979
-0.003781489
-0.0040687
-0.004357056
-0.004640958
-0.004912497
-0.005161664
-0.005376729
-0.005545522
-0.005656945
-0.005703667
-0.0056851
-0.005612386
-0.005508456
-0.005384449
-0.005245502
-0.005096702
-0.004942337
-0.004785812
-0.004629378
-0.004474363
-0.004321231
-0.00416991
-0.004019988
-0.003870874
-0.003721964
-0.003572744
-0.003422867
-0.003272132
-0.003120506
-0.002968072
-0.002815058
-0.002661713
-0.002508323
-0.002355165
-0.002202493
-0.002050472
-0.00189918
-0.001748543
-0.001598428
-0.001448486
-0.001298258
-0.001147166
-0.0009946301
-0.0008400705
-0.0006831034
-0.0005236346
-0.0003621275
-0.00019963
-3.804463e-05
0.0001198544
0.0002703698
0.0004091117
0.0005312858
0.0006323546
0.0007087605
0.0007593061
0.0007865834
0.0007980994
0.0008012135
0.0007984504
0.0007915204
0.0007819268
0.0007705032
0.0007575434
0.000742761
0.000725557
0.0007052278
0.000681363
0.0006541771
0.0006249303
0.0005961189
0.0005718787
0.000557919
0.0005613803
0.000590312
0.0006527919
0.000755558
0.0009021005
0.001090181
0.001309251
0.001544893
0.001792569
0.002049228
0.002311643
0.002577256
0.002844124
0.003110935
0.003376967
0.003641896
0.003905627
0.004168142
0.004429465
0.004689573
0.004948449
0.005206023
0.005462438
0.005717991
0.005973347
0.006229471
0.006487741
0.006749772
0.007017282
0.007291654
0.00757367
0.007862894
0.008157136
0.008451876
0.008739926
0.009011201
0.00925299
0.009450645
0.009589151
0.009655267
0.009641
0.009547368
0.009390977
0.009202577
0.008991375
0.008762902
0.008523496
0.008278139
0.008030806
0.007784024
0.007539239
0.007296936
0.007056977
0.006818889
0.00658199
0.006345594
0.006109084
0.005872006
0.005633973
0.005394725
0.005154022
0.004911831
0.004668042
0.004422728
0.004176074
0.003928574
0.003680974
0.003434487
0.003190691
0.002951726
0.002719945
0.002497888
0.002287818
0.00209131
0.001908457
0.00173698
0.00157204
0.001411487
0.001254213
0.001099204
0.0009455321
0.0007924903
0.0006394796
0.0004861023
0.000332016
0.0001770791
2.111116e-05
-0.0001359219
-0.0002940119
-0.0004529096
-0.0006122355
-0.0007712782
-0.0009290673
-0.001084155
-0.001234925
-0.001379485
-0.001515994
-0.001642853
-0.001759304
-0.001865866
-0.001965108
-0.002060378
-0.002152735
-0.002242779
-0.002331214
-0.002418511
-0.002505113
-0.002591296
-0.002677363
-0.002763481
-0.002850013
-0.002937314
-0.003025852
-0.003116056
-0.003208353
-0.003302939
-0.003399682
-0.003497871
-0.003596156
-0.003692315
-0.003783272
-0.003865104
-0.003933328
-0.003983315
-0.004011009
-0.004013918
-0.003992381
-0.003951511
-0.003900802
-0.003843084
-0.003780067
-0.003713701
-0.003645518
-0.003576728
-0.0035081
-0.003440058
-0.00337274
-0.003306086
-0.003239928
-0.003174046
-0.003108239
-0.003042325
-0.002976199
-0.002909803
-0.002843135
-0.002776223
-0.002709114
-0.002641878
-0.002574571
-0.002507241
-0.002439923
-0.002372626
-0.002305344
-0.002238064
-0.002170773
-0.002103468
-0.00203615
-0.00196887
-0.00190169
-0.001834697
-0.001768014
-0.001701788
-0.001636166
-0.001571277
-0.00150718
-0.001443859
-0.001381108
-0.001318665
-0.001256463
-0.001194461
-0.001132611
-0.001070888
-0.001009245
-0.0009476961
-0.0008862027
-0.0008247351
-0.0007632527
-0.0007017064
-0.0006400312
-0.0005781484
-0.0005159895
-0.0004535152
-0.0003907039
-0.0003276005
-0.0002643038
-0.0002010138
-0.0001379781
-7.552527e-05
-1.39841e-05
4.631528e-05
0.0001051807
0.0001626059
0.0002188927
0.0002747122
0.0003312055
0.0003899802
0.00045307
0.0005227519
0.0006013173
0.0006905946
0.0007914396
0.0009029064
0.001021837
0.001144599
0.001267188
0.001384125
0.001488501
0.001572295
0.001627066
0.001644967
0.001620365
0.00155181
0.001444967
0.001313615
0.001167542
0.001010616
0.0008461583
0.0006772582
0.0005063823
0.0003353291
0.0001652417
-3.218831e-06
-0.0001698341
-0.0003346342
-0.000497851
-0.0006598171
-0.0008210034
-0.0009819681
-0.001143431
-0.00130619
-0.001471197
-0.00163939
-0.001811624
-0.001988397
-0.002169659
-0.002354425
-0.002540542
-0.002724335
-0.002900542
-0.003062286
-0.003201426
-0.003309228
-0.003377519
-0.003400386
-0.003376334
-0.00331149
-0.003220627
-0.003114239
-0.00299644
-0.002870778
-0.002740488
-0.002608142
-0.002475517
-0.002343728
-0.002213235
-0.002084089
-0.001956042
-0.001828734
-0.001701751
-0.00157474
-0.001447411
-0.001319621
-0.001191267
-0.001062368
-0.0009329482
-0.0008031095
-0.0006729303
-0.0005425098
-0.0004119019
-0.0002812604
-0.0001506472
-2.018553e-05
0.0001100169
0.000239793
0.0003690198
0.0004975598
0.0006253592
0.0007523932
0.0008788132
0.001004902
0.001131131
0.001258112
0.001386608
0.001517408
0.001651229
0.001788456
0.001929022
0.002072088
0.002215838
0.002357242
0.00249202
0.002614663
0.002718763
0.00279757
0.002844972
0.002856895
0.002832991
0.002779341
0.002708518
0.002626628
0.002536484
0.002440861
0.002342115
0.002242123
0.002142117
0.002042841
0.001944565
0.001847281
0.001750766
0.001654756
0.001558954
0.001463137
0.001367134
0.001270875
0.001174319
0.001077489
0.0009803958
0.0008830714
0.0007854858
0.0006876047
0.0005893308
0.0004906025
0.0003913524
0.0002916098
0.000191496
9.134046e-05
-8.354452e-06
-0.0001068275
-0.0002031199
-0.0002960751
-0.0003844913
-0.0004672535
-0.0005436357
-0.0006135421
-0.0006780724
-0.0007394647
-0.0007988272
-0.0008566438
-0.0009134388
-0.0009696431
-0.001025639
-0.001081669
-0.001137917
-0.001194471
-0.001251385
-0.001308626
-0.001366162
-0.001423884
-0.001481681
-0.001539396
-0.00159686
-0.001653871
-0.00171025
-0.001765827
-0.001820527
-0.001874362
-0.001927515
-0.001980347
-0.002033409
-0.002087444
-0.002143321
-0.002201929
-0.002264032
-0.00233002
-0.00239967
-0.002471901
-0.002544439
-0.002613678
-0.002674552
-0.002720697
-0.002744779
-0.002739296
-0.002697604
-0.002615749
-0.002494227
-0.002341357
-0.002172486
-0.001992282
-0.001803486
-0.001609314
-0.001412216
-0.001214256
-0.001016626
-0.0008200476
-0.0006246707
-0.0004304234
-0.000236937
-4.38235e-05
0.0001493807
0.0003429425
0.0005371481
0.0007320828
0.0009277729
0.001124029
0.001320645
0.001517269
0.001713606
0.00190911
0.002103518
0.002296571
0.002488261
0.002678783
0.002868777
0.003059272
0.003251847
0.003448436
0.003651467
0.003863476
0.004086916
0.004323505
0.004573765
0.004835981
0.005105999
0.005380769
0.005659231
0.005940389
0.006223337
0.006507222
0.006791412
0.007075342
0.007358583
0.007640675
0.007921316
0.008200229
0.008477305
0.008752581
0.009026436
0.009299568
0.009573134
0.009848562
0.01012767
0.01041234
0.01070422
0.01100428
0.01131231
0.01162631
0.01194191
0.01225189
0.01254606
0.01281126
0.01303216
0.01319265
0.0132781
0.01327884
0.01319396
0.01303802
0.01284107
0.0126177
0.01237462
0.01211859
0.01185512
0.01158876
0.01132238
0.01105784
0.01079574
0.01053606
0.01027821
0.01002157
0.009765331
0.009508929
0.009251804
0.008993904
0.008735016
0.008475242
0.008214637
0.007953451
0.007691768
0.00742977
0.007167467
0.006905073
0.006642571
0.006380105
0.006117728
0.005855735
0.0055943
0.005333768
0.005074328
0.004816403
0.004559971
0.004304919
0.004050626
0.003796183
0.003539939
0.003279813
0.003013038
0.002736789
0.002447976
0.002144167
0.001823999
0.001488403
0.001141205
0.0007878199
0.0004297977
6.858851e-05
-0.0002947005
-0.0006589752
-0.001023481
-0.001387541
-0.001750887
-0.002113296
-0.00247489
-0.002835615
-0.003195832
-0.003555816
-0.003916095
-0.004277053
-0.004639314
-0.005003343
-0.005369689
-0.005738307
-0.006109153
-0.006481468
-0.006853944
-0.00722433
-0.007589704
-0.007946283
-0.008289897
-0.008616039
-0.008920977
-0.009202407
-0.009460781
-0.009700971
-0.009932116
-0.01015689
-0.01037703
-0.01059398
-0.01080914
-0.01102332
-0.01123696
-0.01145013
-0.01166275
-0.01187458
-0.01208559
-0.01229577
-0.01250564
-0.01271596
-0.012928
-0.01314316
-0.01336293
-0.01358848
-0.01382039
-0.01405799
-0.01429909
-0.01453945
-0.01477254
-0.01498939
-0.01517888
-0.01532854
-0.01542591
-0.0154606
-0.01542734
-0.01532968
-0.01518405
-0.01501286
-0.01482332
-0.01462032
-0.01440899
-0.01419346
-0.01397681
-0.01376097
-0.01354689
-0.01333491
-0.01312473
-0.01291578
-0.01270732
-0.01249874
-0.0122894
-0.01207895
-0.01186713
-0.01165407
-0.01143998
-0.0112253
-0.01101053
-0.01079642
-0.01058357
-0.01037263
-0.01016404
-0.009958033
-0.009754224
-0.009551678
-0.009348595
-0.009142466
-0.008929769
-0.008706386
-0.008467727
-0.008209445
-0.00792804
-0.007622158
-0.007293823
-0.006950033
-0.006597382
-0.006238279
-0.005874533
-0.005508114
-0.005140535
-0.004773083
-0.004406538
-0.004041567
-0.0036783
-0.003316715
-0.002956401
-0.00259682
-0.002236972
-0.001875639
-0.001511163
-0.001141939
-0.0007659636
-0.0003814899
1.29003e-05
0.0004175945
0.0008317351
0.001252336
0.001675618
0.002099833
0.002523926
0.002946868
0.003368231
0.003788017
0.004207086
0.004626864
0.00504954
0.00547733
0.005912802
0.006357889
0.006813497
0.007278554
0.007749517
0.008219474
0.008677827
0.009109928
0.009497881
0.009821507
0.01006077
0.01019891
0.0102275
0.01015214
0.009999438
0.00980543
0.009581764
0.009336196
0.009077077
0.008810957
0.00854292
0.008276124
0.008012323
0.007752001
0.007494894
0.007240198
0.006986939
0.006734113
0.006480813
0.006226283
0.005969958
0.005711404
0.005450378
0.005186809
0.004920858
0.004653012
0.004384134
0.004115605
0.003849355
0.003587969
0.00333451
0.0030924
0.002865009
0.002655146
0.00246416
0.002291021
0.002131085
0.001978128
0.00183008
0.001685556
0.001543064
0.001401483
0.001259925
0.001117899
0.0009751731
0.0008318383
0.0006881064
0.0005443621
0.0004010112
0.0002584898
0.0001171084
-2.292925e-05
-0.0001616607
-0.0002993222
-0.0004364956
-0.000574019
-0.0007130062
-0.0008546804
-0.001000286
-0.001150776
-0.001306576
-0.001467145
-0.001630673
-0.001793681
-0.001950842
-0.002094852
-0.002216734
-0.002306398
-0.00235381
-0.002350618
-0.002292594
-0.002182562
-0.002033818
-0.001864463
-0.00168032
-0.001485304
-0.001283601
-0.001078549
-0.0008726811
-0.00066756
-0.0004640237
-0.0002622551
-6.201467e-05
0.0001372174
0.0003361046
0.0005352306
0.0007351754
0.0009363653
0.001139023
0.001343138
0.001548454
0.001754421
0.001960186
0.002164549
0.002366082
0.002563139
0.002754047
0.002937285
0.003111891
0.003277823
0.003436676
0.003591487
0.003743277
0.003892809
0.004041095
0.004189159
0.004338078
0.004488871
0.004642425
0.004799351
0.004959856
0.005123508
0.005289035
0.0054541
0.005615188
0.005767554
0.005905381
0.006022156
0.006111419
0.006167827
0.006188682
0.006175892
0.006138113
0.006087064
0.006026265
0.00595791
0.00588425
0.005806948
0.005727201
0.005645772
0.005563165
0.0054799
0.005396654
0.005314561
0.005235076
0.005160077
0.005091538
0.005031256
0.004980172
0.004937847
0.004901607
0.004866009
0.004822087
0.004757247
0.004655439
0.004498117
0.004266002
0.003941927
0.003515055
0.002986122
0.002375337
0.001720985
0.001033105
0.0003170082
-0.0004207222
-0.001174419
-0.001938524
-0.002707319
-0.003474204
-0.004230945
-0.004967119
-0.005670013
-0.006325248
-0.006918022
-0.007435352
-0.007869269
-0.008221075
-0.00850749
-0.008760659
-0.008996438
-0.009221685
-0.0094415
-0.009657695
-0.009868027
-0.01006563
-0.01023923
-0.01037375
-0.01045198
-0.0104568
-0.01037461
-0.01019966
-0.009939906
-0.009620885
-0.009268194
-0.008890486
-0.00849431
-0.008086085
-0.007670856
-0.007252237
-0.006832553
-0.006413108
-0.005994737
-0.005578227
-0.005164865
-0.004756611
-0.004356366
-0.003967771
-0.00359507
-0.003242207
-0.002912072
-0.002605169
-0.002317907
-0.002042293
-0.001774491
-0.001512524
-0.001254304
-0.0009976444
-0.0007405259
-0.0004811702
-0.0002182601
4.90473e-05
0.0003208081
0.0005962296
0.0008731618
0.001148287
0.001416747
0.001672334
0.001907664
0.002114945
0.002286856
0.002418182
0.002507565
0.002560528
0.002590264
0.002606175
0.002611935
0.002610727
0.002605445
0.002598388
0.002591109
0.002584577
0.002579185
0.00257497
0.002571692
0.002569018
0.002566589
0.002564109
0.002561342
0.002558184
0.002554611
0.002550679
0.002546462
0.002542066
0.002537571
0.002533028
0.002528426
0.002523734
0.002518876
0.002513764
0.002508313
0.002502481
0.00249629
0.002489871
0.002483462
0.002477427
0.002472223
0.002468343
0.002466253
0.002466267
0.002468409
0.002472252
0.002476783
0.002480248
0.002480076
0.002472915
0.002454785
0.002421403
0.002368769
0.002293967
0.002196276
0.002078655
0.00194832
0.001810376
0.001666845
0.001519435
0.001369748
0.001219024
0.001068177
0.0009177227
0.0007679203
0.0006187882
0.0004702412
0.0003220933
0.0001741625
2.625658e-05
-0.0001217361
-0.0002699361
-0.0004184053
-0.0005671983
-0.0007163165
-0.0008657856
-0.001015602
-0.001165764
-0.001316204
-0.001466875
-0.001617639
-0.001768337
-0.001918722
-0.002068532
-0.002217478
-0.00236532
-0.00251188
-0.002657148
-0.002801332
-0.002944923
-0.0030887
-0.003233755
-0.003381385
-0.003532972
-0.003689709
-0.003852329
-0.004020677
-0.004193325
-0.004367119
-0.00453686
-0.004695152
-0.00483251
-0.004937874
-0.004999638
-0.00500725
-0.004953693
-0.004838396
-0.004671832
-0.004475703
-0.004260442
-0.004030861
-0.003791588
-0.003546573
-0.003298876
-0.003050584
-0.002802885
-0.002556341
-0.00231108
-0.002067156
-0.00182455
-0.001583403
-0.00134398
-0.001106692
-0.0008718173
-0.0006394118
-0.0004088942
-0.0001791335
5.228639e-05
0.0002888625
0.0005353608
0.000797493
0.001081639
0.001393918
0.001739152
0.002119072
0.002530467
0.002963474
0.003408594
0.003862966
0.004324946
0.004793028
0.005266425
0.005744555
0.006227248
0.006713959
0.007203517
0.007693431
0.008179713
0.008656446
0.009115974
0.009549027
0.009945894
0.01029751
0.01059772
0.01084563
0.01104971
0.01122785
0.01138879
0.01153672
0.01167617
0.0118114
0.01194627
0.01208396
0.01222693
0.01237681
0.01253425
0.01269853
0.01286752
0.01303718
0.01320143
0.01335203
0.01347876
0.01356998
0.01361389
0.01360011
0.01352251
0.013382
0.01319179
0.01297633
0.01274284
0.01249548
0.01223901
0.01197722
0.01171299
0.01144812
0.01118375
0.01092054
0.01065877
0.01039882
0.01014106
0.009886385
0.009635372
0.009388636
0.009146281
0.008907727
0.008671019
0.008432731
0.008187434
0.007928017
0.007645496
0.007330007
0.006971762
0.006563119
0.006100664
0.005588801
0.005041789
0.004474445
0.003892166
0.003299864
0.002702931
0.002106885
0.00151691
0.0009379532
0.0003742164
-0.0001707262
-0.0006951951
-0.001199656
-0.001688465
-0.002169161
-0.002644765
-0.003117469
-0.003590023
-0.004064413
-0.004542796
-0.005026481
-0.005516091
-0.006010932
-0.006509128
-0.007006962
-0.007499053
-0.007977835
-0.008434416
-0.008858709
-0.009240879
-0.009572633
-0.00984996
-0.01007575
-0.01026343
-0.01043081
-0.01058382
-0.01072623
-0.01086221
-0.01099479
-0.0111263
-0.01125797
-0.01139044
-0.01152363
-0.01165727
-0.01179089
-0.01192419
-0.01205701
-0.01218964
-0.0123227
-0.01245722
-0.01259413
-0.01273453
-0.01287906
-0.0130278
-0.01317977
-0.01333267
-0.0134825
-0.01362358
-0.01374842
-0.01384836
-0.01391432
-0.01393803
-0.01391394
-0.01384152
-0.01372891
-0.01359302
-0.01344204
-0.01327971
-0.01310968
-0.01293507
-0.01275838
-0.01258125
-0.01240475
-0.01222938
-0.01205546
-0.01188298
-0.01171203
-0.01154255
-0.01137469
-0.01120837
-0.01104347
-0.01087943
-0.0107154
-0.01054972
-0.01038012
-0.01020367
-0.01001684
-0.009815849
-0.009597179
-0.009358315
-0.009098818
-0.008821572
-0.008533417
-0.008239057
-0.007940268
-0.00763828
-0.007334083
-0.007028074
-0.006720377
-0.006410536
-0.006098042
-0.005782405
-0.00546367
-0.005142515
-0.004820762
-0.004501429
-0.004189139
-0.00388969
-0.003610034
-0.003357405
-0.003138533
-0.002957831
-0.002815773
-0.002705769
-0.002614464
-0.00253522
-0.002465059
-0.002400944
-0.002340366
-0.002281223
-0.002222138
-0.00216218
-0.002101032
-0.002038566
-0.001974945
-0.001910371
-0.001845198
-0.001779686
-0.001714178
-0.001648928
-0.001584384
-0.001520846
-0.001458727
-0.001398335
-0.00133998
-0.001283676
-0.001229168
-0.001175645
-0.001121837
-0.00106563
-0.001004273
-0.0009342963
-0.0008519337
-0.0007533275
-0.0006353466
-0.0004963307
-0.0003375566
-0.000164062
1.716473e-05
0.0002038895
0.000394506
0.0005874348
0.0007813805
0.0009754841
0.001169136
0.001362238
0.001554889
0.001747476
0.001940389
0.002134139
0.002329085
0.002525488
0.002723131
0.0029216
0.003119927
0.003316703
0.003509939
0.003697339
0.003876316
0.004044458
0.004199759
0.00434151
0.004470896
0.004591721
0.004707678
0.004820152
0.004930137
0.005038755
0.005146679
0.005254596
0.00536286
0.005471681
0.005581018
0.005690797
0.005800796
0.005910815
0.006020533
0.006129751
0.006238245
0.006345936
0.006452768
0.006558894
0.006664585
0.006770331
0.00687667
0.006984354
0.007094109
0.007206608
0.007322215
0.007440869
0.007561812
0.00768342
0.007802933
0.007916503
0.008019162
0.008105133
0.008168332
0.008203256
0.00820623
0.008176958
0.00812089
0.008049353
0.007967841
0.007878902
0.007785046
0.007688411
0.007590695
0.007493023
0.007396079
0.007300101
0.007205075
0.007110779
0.007016944
0.006923245
0.006829421
0.006735247
0.006640621
0.006545455
0.006449765
0.006353597
0.006257079
0.006160347
0.006063602
0.005967028
0.005870889
0.005775367
0.005680655
0.005586824
0.005493872
0.005401572
0.005309498
0.005216879
0.005122786
0.00502587
0.004924634
0.004817462
0.004702946
0.004580094
0.004448826
0.00431051
0.004168131
0.004023102
0.003876165
0.003728032
0.003579414
0.003430842
0.00328275
0.003135342
0.002988785
0.00284295
0.002697625
0.002552387
0.002406757
0.002260085
0.002111745
0.001961116
0.001807882
0.001651987
0.001493981
0.001335079
0.001177441
0.001024112
0.0008791113
0.0007471319
0.0006333335
0.0005424272
0.0004778606
0.0004404825
0.0004267747
0.0004281407
0.0004385082
0.0004554557
0.0004769666
0.0005011355
0.0005264955
0.0005519966
0.0005770559
0.0006014027
0.0006250454
0.0006481149
0.0006708887
0.0006935697
0.0007163603
0.0007393547
0.0007626083
0.0007860612
0.0008096235
0.0008331426
0.0008565164
0.0008796229
0.0009024308
0.0009249779
0.0009474327
0.0009700368
0.0009931397
0.001017102
0.001042384
0.001069235
0.001097754
0.001127687
0.001158374
0.001188564
0.001216401
0.001239379
0.001254521
0.001258506
0.001248139
0.001220924
0.001175902
0.001114668
0.001042193
0.0009633851
0.0008800233
0.000793376
0.0007047575
0.0006151617
0.000525373
0.0004358253
0.0003467589
0.0002581819
0.0001700722
8.225261e-05
-5.416568e-06
-9.310203e-05
-0.000180882
-0.0002688566
-0.0003570366
-0.000445469
-0.0005340393
-0.0006227582
-0.0007115532
-0.0008004019
-0.0008892298
-0.0009780286
-0.00106675
-0.001155424
-0.001243991
-0.001332508
-0.001420956
-0.001509393
-0.001597814
-0.001686272
-0.001774781
-0.001863422
-0.001952145
-0.002041008
-0.002129984
-0.002219067
-0.002308147
-0.002397145
-0.002485879
-0.002574193
-0.002661802
-0.002748495
-0.002834036
-0.002918301
-0.003001227
-0.00308304
-0.003164165
-0.003244951
-0.003325373
-0.003405499
-0.003485293
-0.003564731
-0.003643708
-0.003722185
-0.003800121
-0.003877585
-0.003954694
-0.004031754
-0.004109168
-0.00418749
-0.004267288
-0.004349158
-0.0044335
-0.004520455
-0.004609594
-0.004699872
-0.004789359
-0.004875192
-0.004953516
-0.005019714
-0.005068687
-0.00509552
-0.005096372
-0.005069744
-0.005018128
-0.004949179
-0.004870502
-0.004784768
-0.004693988
-0.004600164
-0.004504869
-0.004409268
-0.004314074
-0.004219639
-0.004126028
-0.004033115
-0.003940683
-0.003848469
-0.003756243
-0.003663797
-0.003571005
-0.003477788
-0.003384146
-0.003290111
-0.003195758
-0.00310119
-0.003006566
-0.002912023
-0.002817717
-0.002723781
-0.002630358
-0.002537515
-0.002445266
-0.00235352
-0.00226211
-0.002170714
-0.002078912
-0.001986164
-0.00189192
-0.001795664
-0.001697062
-0.001596073
-0.001493197
-0.001389545
-0.001287057
-0.001188546
-0.001097687
-0.001018833
-0.0009566635
-0.0009155503
-0.00089868
-0.0009068444
-0.0009367935
-0.0009806491
-0.001032814
-0.001091082
-0.001153555
-0.001218498
-0.001284526
-0.001350673
-0.001416342
-0.001481279
-0.001545459
-0.001609012
-0.001672146
-0.001735116
-0.001798143
-0.001861409
-0.001925042
-0.001989128
-0.002053685
-0.002118682
-0.002184033
-0.002249619
-0.002315245
-0.002380677
-0.002445629
-0.002509786
-0.002572827
-0.002634457
-0.002694488
-0.002752894
-0.002809918
-0.002866097
-0.002921873
-0.002977696
-0.003034104
-0.003091654
-0.003150882
-0.00321216
-0.0032756
-0.003340874
-0.003407114
-0.003472731
-0.003535369
-0.003591877
-0.003638461
-0.003670954
-0.003685342
-0.003678499
-0.003649193
-0.003599456
-0.003535565
-0.003463715
-0.003386084
-0.003304261
-0.003219921
-0.003134299
-0.003048332
-0.002962583
-0.002877365
-0.002792737
-0.002708671
-0.002625034
-0.002541749
-0.002458705
-0.00237585
-0.002293134
-0.002210557
-0.002128042
-0.002045495
-0.001962704
-0.001879464
-0.001795411
-0.001710188
-0.001623453
-0.001535034
-0.001444965
-0.001353684
-0.001262083
-0.001171734
-0.001084806
-0.001004107
-0.0009329057
-0.0008746634
-0.0008325091
-0.0008085296
-0.000802868
-0.0008124615
-0.0008308379
-0.000854871
-0.0008830984
-0.0009141056
-0.0009466621
-0.0009798135
-0.001012904
-0.001045588
-0.001077731
-0.001109376
-0.001140664
-0.001171801
-0.00120298
-0.00123437
-0.001266059
-0.001298138
-0.001330565
-0.001363257
-0.001396049
-0.001428767
-0.001461181
-0.00149309
-0.001524302
-0.001554755
-0.001584446
-0.001613549
-0.001642396
-0.001671536
-0.001701636
-0.00173349
-0.00176782
-0.001805322
-0.001846201
-0.001890127
-0.001935917
-0.001981371
-0.002023029
-0.002056218
-0.002075135
-0.00207334
-0.00204435
-0.001982814
-0.001885979
-0.001755705
-0.001600527
-0.001432097
-0.001254108
-0.00106914
-0.000879825
-0.0006882851
-0.0004960962
-0.0003042964
-0.000113388
7.648646e-05
0.000265484
0.000453799
0.000641797
0.0008297521
0.001017928
0.001206431
0.001395368
0.001584712
0.001774479
0.001964443
0.002154571
0.002344723
0.002534829
0.002724753
0.002914464
0.003103897
0.003293077
0.003481929
0.003670532
0.003858927
0.004047251
0.004235554
0.004423819
0.004611916
0.004799736
0.004986996
0.005173554
0.005359238
0.005544005
0.005727891
0.00591118
0.006094341
0.006278117
0.006463346
0.006651064
0.006842209
0.007037508
0.007237109
0.007440384
0.007645548
0.007849448
0.008047235
0.008232579
0.008397775
0.008534386
0.008634227
0.008690962
0.008702087
0.008671753
0.008612664
0.008537466
0.008450585
0.008355367
0.008255138
0.008152497
0.008049373
0.007946911
0.007845688
0.007745754
0.007646896
0.007548693
0.007450707
0.007352519
0.007253838
0.007154475
0.007054436
0.006953812
0.006852835
0.006751798
0.006651074
0.00655098
0.006451802
0.006353643
0.00625652
0.006160066
0.006063652
0.005966245
0.005866498
0.005762681
0.005652911
0.005535262
0.005408209
0.005270907
0.005123892
0.004969604
0.004811449
0.004650494
0.004487494
0.004323204
0.004158357
0.003993403
0.003828683
0.003664354
0.003500509
0.003337068
0.003173947
0.00301093
0.002847894
0.002684578
0.002520795
0.002356328
0.0021911
0.002025033
0.001858253
0.001690954
0.001523798
0.001357457
0.001192978
0.001031577
0.0008747016
0.0007236914
0.0005797206
0.0004433056
0.0003141278
0.0001902792
6.928575e-05
-4.967825e-05
-0.0001670522
-0.0002834039
-0.0003990939
-0.0005144851
-0.0006296471
-0.0007447528
-0.0008598371
-0.0009750143
-0.00109033
-0.001205978
-0.001322137
-0.001439087
-0.001556979
-0.001676013
-0.001796145
-0.001917153
-0.002038392
-0.00215888
-0.002277116
-0.002391259
-0.002498943
-0.002597825
-0.002685644
-0.002760863
-0.00282312
-0.002874266
-0.002918517
-0.002958891
-0.002996428
-0.003032013
-0.003066265
-0.003099563
-0.003131904
-0.00316311
-0.00319284
-0.003220835
-0.003246951
-0.003271556
-0.003295555
-0.003320655
-0.003349331
-0.003384947
-0.003431467
-0.003493225
-0.003574211
-0.003677389
-0.003803501
-0.003949587
-0.004108372
-0.004274752
-0.004446733
-0.004622692
-0.004801009
-0.004980564
-0.005160536
-0.005340486
-0.005520172
-0.005699573
-0.005878677
-0.006057476
-0.006235791
-0.006413371
-0.006589792
-0.006764585
-0.006937237
-0.007107441
-0.007275194
-0.007440956
-0.007604978
-0.007767828
-0.00793045
-0.008094161
-0.008260549
-0.008431329
-0.008608061
-0.008791812
-0.008982664
-0.009179226
-0.009378123
-0.00957356
-0.009757079
-0.009917607
-0.010042
-0.01011615
-0.01012683
-0.0100644
-0.009926378
-0.009722461
-0.009476377
-0.00920493
-0.008914704
-0.008611319
-0.008300124
-0.007985349
-0.007670146
-0.007356538
-0.00704576
-0.006738268
-0.006434102
-0.006132861
-0.005834055
-0.005536676
-0.005239472
-0.004940649
-0.004637998
-0.004328642
-0.004009336
-0.003676512
-0.003327019
-0.002958434
-0.002570246
-0.002164959
-0.001748806
-0.001326256
-0.0008994527
-0.0004703217
-4.124982e-05
0.0003857931
0.0008088324
0.001226195
0.001636414
0.002038625
0.00243261
0.002819251
0.00320086
0.003581015
0.003958905
0.004331827
0.004695492
0.005044069
0.005370381
0.005666765
0.005925948
0.006143169
0.00631795
0.006457507
0.006576707
0.006682849
0.006779321
0.006869574
0.006956461
0.007042348
0.007128732
0.007216435
0.007305539
0.007395652
0.007485904
0.007575238
0.007662296
0.007745851
0.007824766
0.007898269
0.007966069
0.00802866
0.008087542
0.008145365
0.008204509
0.008265885
0.008329461
0.008394182
0.008457557
0.008515517
0.008562308
0.008590759
0.008592747
0.008560126
0.008486152
0.008367389
0.008206437
0.008013755
0.007798834
0.007561921
0.007301744
0.007017029
0.006706677
0.006370898
0.006012472
0.005638724
0.005261864
0.004890796
0.004533202
0.004196842
0.003888726
0.003613605
0.00337244
0.003159713
0.002963524
0.002778022
0.002600528
0.002428276
0.002258971
0.002090764
0.001922533
0.001753603
0.001583831
0.001413281
0.00124233
0.001071245
0.0009003107
0.0007296056
0.0005591188
0.0003885906
0.0002176632
4.585029e-05
-0.0001272186
-0.0003018663
-0.0004780738
-0.0006554457
-0.0008329579
-0.001008996
-0.001181194
-0.001346633
-0.001501768
-0.001643115
-0.001767512
-0.001873081
-0.001960004
-0.002032184
-0.002096799
-0.00215599
-0.002210932
-0.002263072
-0.002313485
-0.002363081
-0.002412401
-0.002461852
-0.002511642
-0.002561976
-0.002612973
-0.002664878
-0.002717906
-0.002772326
-0.002828271
-0.002885723
-0.002944326
-0.003003295
-0.003061238
-0.003116167
-0.003165445
-0.003205937
-0.003234257
-0.003247225
-0.003242534
-0.00321961
-0.003180802
-0.003131879
-0.003076914
-0.003017508
-0.002955029
-0.002890736
-0.002825628
-0.00276041
-0.002695499
-0.002631077
-0.00256716
-0.002503654
-0.002440414
-0.002377281
-0.002314118
-0.002250824
-0.002187355
-0.002123677
-0.002059809
-0.001995776
-0.001931636
-0.001867433
-0.001803213
-0.001738997
-0.001674824
-0.001610674
-0.001546546
-0.001482408
-0.001418254
-0.001354057
-0.001289826
-0.001225547
-0.001161297
-0.00109711
-0.001033081
-0.0009693145
-0.0009059484
-0.0008431034
-0.0007808935
-0.0007193566
-0.0006584853
-0.0005980933
-0.0005379643
-0.0004780103
-0.0004181998
-0.0003584713
-0.0002987922
-0.0002391137
-0.0001794573
-0.0001197915
-6.013416e-05
-4.671305e-07
5.917829e-05
0.0001188211
0.0001784453
0.000238085
0.0002977275
0.0003574159
0.0004171559
0.0004769879
0.000536908
0.0005969271
0.0006570247
0.0007171736
0.000777282
0.00083727
0.0008970308
0.000956463
0.00101546
0.001073988
0.001132084
0.001189922
0.001247797
0.001306228
0.001365914
0.001427762
0.0014928
0.001562098
0.001636598
0.001716893
0.001802841
0.001893293
0.001986651
0.002082787
0.002181797
0.002283674
0.002388291
0.00249525
0.002603695
0.002712171
0.002818461
0.002919534
0.003011566
0.00309017
0.003150853
0.003189638
0.003204136
0.003194662
0.003166263
0.003128232
0.003083367
0.003033312
0.002979985
0.002924876
0.002869194
0.002813674
0.002758754
0.002704553
0.002651029
0.002598002
0.002545263
0.00249257
0.002439771
0.002386707
0.002333307
0.002279528
0.002225404
0.002170966
0.002116314
0.002061529
0.002006759
0.001952115
0.001897737
0.001843732
0.001790219
0.001737231
0.001684754
0.001632628
0.00158064
0.001528335
0.001475125
0.001420235
0.001362809
0.00130191
0.001236716
0.001166655
0.00109172
0.001012718
0.0009313847
0.000848538
0.0007645929
0.0006799159
0.000594847
0.0005096173
0.0004244402
0.0003393806
0.0002544858
0.0001697143
8.504397e-05
3.910798e-07
-8.429701e-05
-0.0001690989
-0.0002540233
-0.0003391083
-0.0004243313
-0.0005096697
-0.0005950388
-0.000680365
-0.0007655299
-0.0008504555
-0.0009349882
-0.001019104
-0.001102769
-0.001186069
-0.001269138
-0.001352258
-0.001435778
-0.001520151
-0.001605799
-0.001693144
-0.001782414
-0.001873587
-0.001966173
-0.002059159
-0.002150828
-0.00223877
-0.002319846
-0.002390435
-0.00244672
-0.002485247
-0.002503708
-0.002501908
-0.002483282
-0.002454946
-0.002420347
-0.002381086
-0.002338742
-0.002294657
-0.002249891
-0.002205152
-0.002160856
-0.002117176
-0.002074056
-0.002031375
-0.001988948
-0.001946586
-0.001904113
-0.001861415
-0.001818422
-0.001775112
-0.001731521
-0.001687716
-0.001643789
-0.001599859
-0.001556032
-0.001512428
-0.001469124
-0.001426178
-0.001383591
-0.001341298
-0.001299166
-0.001256995
-0.001214502
-0.001171365
-0.001127265
-0.001081923
-0.001035194
-0.0009871472
-0.0009381721
-0.0008890661
-0.0008411043
-0.0007960718
-0.0007562135
-0.0007241071
-0.0007023993
-0.0006934155
-0.0006985466
-0.0007176057
-0.0007476588
-0.0007832915
-0.0008228172
-0.0008651926
-0.0009092172
-0.0009539409
-0.0009986186
-0.001042812
-0.001086329
-0.001129249
-0.001171832
-0.001214504
-0.001257783
-0.001302203
-0.001348218
-0.001396121
-0.001445904
-0.001497149
-0.001548896
-0.001599563
-0.001646903
-0.001688042
-0.001719643
-0.0017382
-0.001740548
-0.001724586
-0.001690119
-0.001640269
-0.001581558
-0.001517115
-0.001448407
-0.001376856
-0.001303699
-0.001229899
-0.001156103
-0.001082675
-0.001009788
-0.0009374266
-0.0008654937
-0.0007938376
-0.0007223316
-0.0006508464
-0.0005792996
-0.0005076128
-0.0004357951
-0.0003638046
-0.0002916308
-0.0002192297
-0.0001465785
-7.36141e-05
-3.034056e-07
7.339654e-05
0.0001474216
0.0002216713
0.0002959058
0.0003697694
0.0004427169
0.0005141025
0.0005831487
0.0006490969
0.0007111973
0.0007690531
0.0008227002
0.0008730267
0.0009216319
0.0009690189
0.001015473
0.001061365
0.001106956
0.001152499
0.001198147
0.001244015
0.001290131
0.00133651
0.001383093
0.001429825
0.001476554
0.001523164
0.001569485
0.00161537
0.001660658
0.001705277
0.001749218
0.00179263
0.001835812
0.001879305
0.001923878
0.00197054
0.002020471
0.002074972
0.002135238
0.002202169
0.002275967
0.002355781
0.00243947
0.002525551
0.002613442
0.002702679
0.002792798
0.002883433
0.002974272
0.003065083
0.003155671
0.003245869
0.003335509
0.003424445
0.00351257
0.003599827
0.003686253
0.00377204
0.00385756
0.003943394
0.004030298
0.004119167
0.00421093
0.004306357
0.004405859
0.004509199
0.004615218
0.004721535
0.004824355
0.004918355
0.004996853
0.005052129
0.005076318
0.005062436
0.005006299
0.004908442
0.004777627
0.004630009
0.004470468
0.004301866
0.00412758
0.00395019
0.003771788
0.003593629
0.003416484
0.003240519
0.003065657
0.00289154
0.002717896
0.002544318
0.002370585
0.002196509
0.002022081
0.001847311
0.001672328
0.001497219
0.00132216
0.001147177
0.0009722845
0.0007973548
0.0006222601
0.0004467201
0.0002704897
9.325102e-05
-8.502674e-05
-0.0002643789
-0.0004444797
-0.0006247004
-0.0008039163
-0.0009806308
-0.001152885
-0.00131848
-0.001475062
-0.001620635
-0.001753948
-0.001875169
-0.001986774
-0.002093478
-0.002196679
-0.002297271
-0.00239619
-0.002494274
-0.002592159
-0.002690289
-0.00278889
-0.002888056
-0.002987738
-0.003087823
-0.003188073
-0.003288272
-0.003388148
-0.00348746
-0.003585975
-0.003683553
-0.003780139
-0.003875861
-0.003970941
-0.004065877
-0.00416132
-0.004258113
-0.004357148
-0.004459297
-0.00456518
-0.004674964
-0.004788046
-0.00490284
-0.005016479
-0.005124703
-0.005221817
-0.00530095
-0.005354556
-0.005375358
-0.00535768
-0.005299303
-0.005203919
-0.005082858
-0.00494741
-0.004801514
-0.004648156
-0.00449027
-0.00433021
-0.004169667
-0.004009694
-0.003850795
-0.003693076
-0.003536349
-0.0033803
-0.00322453
-0.003068791
-0.002912788
-0.002756378
-0.002599483
-0.002442142
-0.002284406
-0.002126387
-0.001968165
-0.001809894
-0.001651626
-0.001493427
-0.001335313
-0.001177323
-0.001019421
-0.0008615905
-0.0007037624
-0.0005459736
-0.0003881646
-0.000230341
-7.249362e-05
8.532004e-05
0.0002430654
0.0004006727
0.000558102
0.0007152366
0.0008720623
0.001028553
0.001184775
0.001340808
0.00149675
0.001652653
0.001808645
0.001964715
0.002120983
0.002277489
0.00243427
0.002591281
0.002748464
0.002905672
0.003062745
0.00321941
0.00337544
0.003530582
0.00368469
0.003837683
0.003989709
0.004141111
0.004292529
0.004444789
0.004598988
0.004756272
0.004917711
0.005084002
0.005255194
0.00543032
0.005607038
0.005781322
0.005947334
0.006097428
0.006222535
0.006312935
0.0063595
0.006355648
0.006299677
0.006198387
0.00606816
0.005920666
0.005760473
0.005591533
0.005417444
0.005241081
0.005064423
0.004888712
0.004714444
0.004541676
0.004370111
0.004199343
0.00402888
0.003858335
0.003687344
0.003515797
0.003343576
0.003170729
0.00299733
0.00282356
0.002649563
0.002475533
0.002301585
0.00212791
0.001954567
0.001781628
0.001609057
0.001436833
0.001264783
0.001092708
0.0009202292
0.0007470641
0.00057268
0.0003966022
0.000218315
3.750732e-05
-0.0001459924
-0.0003319066
-0.0005195281
-0.0007080526
-0.0008972889
-0.001087058
-0.001277259
-0.001467739
-0.001658472
-0.001849402
-0.002040547
-0.002231772
-0.002423053
-0.002614246
-0.002805197
-0.002995656
-0.003185421
-0.003374266
-0.003562107
-0.00374889
-0.003934852
-0.0041204
-0.004306259
-0.004493318
-0.004682699
-0.004875527
-0.005072792
-0.005274936
-0.005481736
-0.005691783
-0.005902229
-0.006108458
-0.006304066
-0.006480947
-0.00662981
-0.006741093
-0.006806381
-0.006820598
-0.006784409
-0.006708364
-0.006612004
-0.0065012
-0.006379449
-0.006250808
-0.006118423
-0.00598482
-0.005851559
-0.005719549
-0.005589034
-0.005459922
-0.005331813
-0.005204298
-0.005076907
-0.004949302
-0.004821212
-0.004692552
-0.004563277
-0.004433477
-0.00430322
-0.004172723
-0.004042085
-0.003911442
-0.003780863
-0.003650439
-0.003520154
-0.003390024
-0.003259976
-0.003130013
-0.003000046
-0.00287005
-0.002739952
-0.002609782
-0.002479515
-0.002349209
-0.002218878
-0.002088687
-0.001958681
-0.001828982
-0.001699625
-0.001570678
-0.001442056
-0.001313626
-0.001185054
-0.001055977
-0.0009257687
-0.0007937527
-0.0006591313
-0.0005212084
-0.0003793723
-0.000233417
-8.364221e-05
6.86672e-05
0.0002224454
0.0003772712
0.0005328769
0.0006889139
0.0008451872
0.001001503
0.001157803
0.001313978
0.001470059
0.001626048
0.001782011
0.001937933
0.002093872
0.00224982
0.002405832
0.00256182
0.002717811
0.00287377
0.003029702
0.00318556
0.003341372
0.003497142
0.003652943
0.003808773
0.003964742
0.004120906
0.004277361
0.004434118
0.004591207
0.004748559
0.004906105
0.005063568
0.005220733
0.005377277
0.005532897
0.005687281
0.005840286
0.005991906
0.006142425
0.006292383
0.006442713
0.006594611
0.006749536
0.006908938
0.007074081
0.007245616
0.007423211
0.007605036
0.007787373
0.007964257
0.00812734
0.008266105
0.008368452
0.008421981
0.008415735
0.008343152
0.008205049
0.008015167
0.007798862
0.007563801
0.007314509
0.007056266
0.006793126
0.006528494
0.006264342
0.006001878
0.005741399
0.005482818
0.005225588
0.00496914
0.004712797
0.004456128
0.004198703
0.00394035
0.003680952
0.003420644
0.003159545
0.002897947
0.002636067
0.002374348
0.002113051
0.001852516
0.001592949
0.001334568
0.001077347
0.000821167
0.0005656043
0.0003101348
5.386721e-05
-0.0002041678
-0.0004650927
-0.0007298261
-0.0009990674
-0.00127282
-0.001550267
-0.001829122
-0.002105781
-0.002374848
-0.002629363
-0.002860971
-0.003060815
-0.003220528
-0.003334116
-0.003399983
-0.003424382
-0.003422305
-0.003404447
-0.003374964
-0.00333748
-0.003295287
-0.003251027
-0.00320648
-0.003162774
-0.003120386
-0.003079364
-0.00303944
-0.003000236
-0.002961324
-0.002922348
-0.002883011
-0.00284317
-0.002802759
-0.00276182
-0.002720425
-0.002678706
-0.002636785
-0.002594803
-0.002552831
-0.002510958
-0.002469218
-0.002427637
-0.002386195
-0.002344873
-0.002303631
-0.002262449
-0.002221276
-0.002180097
-0.00213887
-0.002097592
-0.002056238
-0.002014812
-0.001973321
-0.001931788
-0.001890225
-0.001848674
-0.001807166
-0.001765743
-0.001724436
-0.001683285
-0.001642302
-0.001601486
-0.001560787
-0.001520139
-0.001479415
-0.001438471
-0.001397144
-0.001355269
-0.001312711
-0.001269422
-0.001225468
-0.001181111
-0.001136828
-0.001093369
-0.001051752
-0.001013233
-0.0009792181
-0.0009511076
-0.0009300681
-0.0009166909
-0.0009105775
-0.0009098762
-0.0009120466
-0.0009162858
-0.0009220513
-0.0009287579
-0.0009359487
-0.0009432776
-0.001113399
-0.001122519
-0.001131372
-0.001139987
-0.001148416
-0.001156731
-0.001164988
-0.001173238
-0.001181511
-0.001189814
-0.001198143
-0.001206482
-0.00121481
-0.001223114
-0.001231355
-0.001239529
-0.001247632
-0.001255674
-0.001263665
-0.00127163
-0.001279586
-0.001287557
-0.001295552
-0.00130357
-0.00131159
-0.001319574
-0.001327457
-0.001335163
-0.001342605
-0.001349692
-0.001356364
-0.001362581
-0.001368383
-0.001373876
-0.001379257
-0.001384815
-0.00139092
-0.001397972
-0.001406364
-0.001416375
-0.001428071
-0.001441182
-0.001454976
-0.001468154
-0.001478779
-0.001484256
-0.001481484
-0.001467049
-0.001437663
-0.001390782
-0.001325444
-0.001243372
-0.001149758
-0.001049743
-0.0009451349
-0.0008372792
-0.0007275033
-0.0006168333
-0.0005060295
-0.0003955322
-0.000285554
-0.0001761279
-6.721908e-05
4.12753e-05
0.0001494145
0.0002572336
0.0003646726
0.0004716478
0.0005780234
0.0006836919
0.0007885623
0.0008926799
0.0009962097
0.001099496
0.001203037
0.001307476
0.001413518
0.00152183
0.001632832
0.001746559
0.001862377
0.001978795
0.00209326
0.002202072
0.002300403
0.002382535
0.002442357
0.002474163
0.002473877
0.002440532
0.002378535
0.002298319
0.002207317
0.002108436
0.00200422
0.001896951
0.001788452
0.001679978
0.001572312
0.001465779
0.001360421
0.001256043
0.001152406
0.001049212
0.0009462233
0.0008432351
0.0007401667
0.0006369692
0.0005336938
0.0004303783
0.0003271831
0.0002241855
0.0001215095
1.922603e-05
-8.257186e-05
-0.0001838612
-0.0002846149
-0.0003848823
-0.0004846678
-0.0005840722
-0.0006831721
-0.0007820846
-0.0008808779
-0.0009796452
-0.001078393
-0.00117711
-0.001275608
-0.001373654
-0.001470843
-0.00156666
-0.00166043
-0.001751448
-0.001838984
-0.00192248
-0.002001605
-0.002076601
-0.002148412
-0.002218357
-0.002286825
-0.002354107
-0.002420482
-0.002486213
-0.002551407
-0.002616202
-0.002680651
-0.002744783
-0.002808585
-0.002872051
-0.002935164
-0.00299793
-0.003060322
-0.00312235
-0.003183997
-0.003245257
-0.003306065
-0.003366373
-0.003426083
-0.003485106
-0.003543301
-0.003600586
-0.003656886
-0.003712198
-0.003766589
-0.003820254
-0.003873498
-0.003926753
-0.003980508
-0.004035302
-0.004091596
-0.004149664
-0.004209425
-0.004270305
-0.004331054
-0.004389649
-0.0044432
-0.00448805
-0.004519943
-0.004534453
-0.004527611
-0.004496838
-0.004442076
-0.004367538
-0.004281733
-0.004188788
-0.004090639
-0.003989165
-0.003885969
-0.003782308
-0.003679015
-0.003576567
-0.003475177
-0.003374814
-0.003275343
-0.003176566
-0.003078296
-0.002980354
-0.002882633
-0.00278505
-0.002687609
-0.00259031
-0.002493198
-0.002396309
-0.002299718
-0.002203459
-0.002107585
-0.002012105
-0.001917126
-0.001822667
-0.00172879
-0.00163556
-0.001543063
-0.001451357
-0.001360495
-0.001270459
-0.001181223
-0.001092611
-0.00100436
-0.0009160601
-0.0008272146
-0.0007371815
-0.000645292
-0.0005508689
-0.0004534766
-0.0003529213
-0.0002496092
-0.0001446233
-3.905741e-05
6.673101e-05
0.0001724647
0.0002779113
0.0003828464
0.0004871679
0.0005908004
0.0006937331
0.0007959406
0.000897429
0.0009981597
0.001098104
0.001197097
0.001295038
0.001391759
0.001487116
0.001580979
0.001673321
0.001764213
0.0018539
0.00194276
0.002031378
0.002120441
0.002210712
0.002302846
0.002397299
0.002494058
0.002592459
0.002690887
0.002786699
0.002876051
0.002953989
0.003014668
0.003051908
0.003059999
0.003034959
0.002976054
0.002888058
0.00278191
0.002665336
0.002541398
0.002412694
0.002281591
0.002149925
0.00201899
0.001889542
0.001761924
0.001636179
0.00151219
0.00138975
0.001268674
0.001148819
0.001030122
0.0009125651
0.0007961636
0.0006809132
0.000566777
0.0004536033
0.0003411502
0.0002290454
0.0001168877
4.221909e-06
-0.0001092868
-0.0002237746
-0.000338981
-0.0004541325
-0.0005677799
-0.0006777207
-0.000780956
-0.0008738449
-0.0009523324
-0.001012445
-0.001050959
-0.001066403
-0.001060223
-0.001038139
-0.00100772
-0.0009714505
-0.0009309841
-0.0008880578
-0.0008440262
-0.0007999215
-0.0007563718
-0.0007137085
-0.0006720052
-0.000631185
-0.0005910806
-0.0005515
-0.0005122594
-0.0004732207
-0.000434294
-0.0003954431
-0.0003566771
-0.0003180311
-0.0002795581
-0.000241321
-0.0002033826
-0.0001657849
-0.000128565
-9.173325e-05
-5.53033e-05
-1.926163e-05
1.640779e-05
5.17254e-05
8.670048e-05
0.000121351
0.0001556752
0.0001896747
0.0002233119
0.0002565686
0.0002894039
0.0003217864
0.0003536785
0.0003850672
0.0004159555
0.0004463839
0.0004764096
0.0005061472
0.0005357273
0.0005653117
0.0005950434
0.0006250394
0.0006553396
0.0006858718
0.0007163753
0.0007464045
0.0007752643
0.0008020329
0.0008255783
0.0008446574
0.0008580524
0.0008647931
0.000864441
0.0008574688
0.0008456644
0.0008313792
0.0008153859
0.0007982004
0.0007803614
0.0007622932
0.0007443049
0.0007265919
0.0007092574
0.0006923217
0.0006757625
0.0006595256
0.0006435538
0.0006277938
0.0006122034
0.0005967535
0.0005814379
0.0005662555
0.0005512169
0.0005363354
0.0005216283
0.0005071068
0.0004927785
0.0004786458
0.0004647127
0.0004509761
0.0004374341
0.0004240884
0.0004109436
0.0003980136
0.0003853134
0.0003728659
0.0003606988
0.0003488351
0.0003372917
0.0003260717
0.0003151604
0.0003045131
0.0002940623
0.0002837098
0.0002733405
0.0002628307
0.0002520656
0.0002409818
0.0002295843
0.0002179967
0.0002064844
0.0001954961
0.0001856715
0.0001778301
0.0001729218
0.0001719496
0.0001758203
0.00018515
0.0001999958
0.0002195167
0.0002418643
0.0002657376
0.0002906071
0.000316032
0.0003416126
0.0003670408
0.0003920951
0.0004166548
0.0004406633
0.0004641229
0.0004870587
0.0005095213
0.0005315541
0.0005532094
0.0005744966
0.0005954436
0.0006160505
0.0006363147
0.0006562169
0.0006757451
0.0006948802
0.0007136124
0.0007319175
0.0007497974
0.0007672445
0.0007842666
0.0008008624
0.0008170473
0.0008328308
0.0008482339
0.0008632527
0.0008779055
0.000892193
0.0009061129
0.0009196482
0.0009327801
0.0009454745
0.0009577005
0.0009694087
0.0009805696
0.0009911615
0.001001191
0.001010691
0.001019756
0.001028524
0.001037209
0.001046049
0.001055348
0.001065413
0.001076525
0.001088858
0.001102425
0.001116946
0.001131842
0.001146693
0.00116134
0.001175638
0.00118947
0.001202733
0.001215369
0.001227343
0.001238653
0.001249296
0.001259301
0.001268689
0.001277491
0.001285724
0.001293407
0.001300544
0.001307139
0.001313171
0.001318624
0.001323469
0.00132768
0.001331223
0.001334082
0.001336249
0.001337744
0.0013386
0.001338895
0.001338726
0.001338221
0.001337514
0.001336738
0.001335989
0.001335299
0.00133459
0.001333646
0.001332076
0.001329297
0.001324538
0.001316876
0.001305311
0.00128889
0.001266892
0.001239068
0.001205941
0.001169121
0.001130658
0.001091237
0.001051316
0.001011363
0.0009717381
0.0009327048
0.0008944199
0.0008569587
0.0008203365
0.0007845243
0.0007494707
0.0007151195
0.0006814284
0.0006483538
0.0006158712
0.0005839654
0.0005526361
0.0005218876
0.0004917299
0.0004621687
0.0004332174
0.0004048801
0.0003771611
0.0003500583
0.0003235726
0.0002976976
0.0002724318
0.0002477667
0.0002237066
0.0002002425
0.0001773735
0.0001550918
0.000133395
0.0001122663
9.169151e-05
7.164163e-05
5.209148e-05
3.299722e-05
1.431731e-05
-3.995516e-06
-2.197732e-05
-3.96569e-05
-5.703396e-05
-7.407807e-05
-9.070211e-05
-0.0001068605
-0.0001225367
-0.0001377222
-0.0001524042
-0.0001665827
-0.000180256
-0.0001934305
-0.0002061063
-0.0002182915
-0.0002299878
-0.0002411988
-0.0002519199
-0.0002621505
-0.0002718851
-0.0002811243
-0.000289863
-0.000298112
-0.0003058861
-0.0003132139
-0.0003201326
-0.0003266939
-0.0003329545
-0.0003389746
-0.0003448014
-0.0003504683
-0.000355969
-0.0003612532
-0.0003662039
-0.0003706372
-0.0003742916
-0.0003768453
-0.0003779262
-0.0003771655
-0.0003742477
-0.000368997
-0.0003614724
-0.0003521107
-0.0003417434
-0.0003309455
-0.0003199503
-0.0003089539
-0.0002981232
-0.0002875842
-0.0002774181
-0.0002676675
-0.0002583442
-0.0002494393
-0.0002409302
-0.0002327901
-0.0002249918
-0.0002175115
-0.0002103313
-0.0002034393
-0.000196828
-0.000190495
-0.0001844409
-0.0001786672
-0.0001731762
-0.0001679691
-0.000163046
-0.0001584038
-0.0001540366
-0.0001499354
-0.0001460879
-0.0001424791
-0.0001390908
-0.0001359042
-0.000132901
-0.0001300658
-0.0001273882
-0.0001248677
-0.0001225148
-0.0001203541
-0.0001184261
-0.0001167862
-0.0001155029
-0.0001146512
-0.0001143019
-0.0001145103
-0.0001152947
-0.0001166185
-0.0001183563
-0.0001203029
-0.0001223571
-0.0001244694
-0.0001265941
-0.0001286953
-0.0001307457
-0.000132729
-0.0001346365
-0.0001364663
-0.00013822
-0.0001399021
-0.0001415174
-0.0001430714
-0.0001445661
-0.0001460052
-0.0001473896
-0.0001487206
-0.0001499968
-0.0001512183
-0.0001523842
-0.0001534939
-0.0001545462
-0.0001555416
-0.0001564802
-0.000157362
-0.0001581876
-0.0001589584
-0.0001596745
-0.0001603374
-0.0001609476
-0.0001615059
-0.0001620131
-0.0001624703
-0.0001628774
-0.0001632356
-0.0001635451
-0.0001638067
-0.0001640203
-0.0001641868
-0.0001643066
-0.00016438
-0.0001644075
-0.00016439
-0.000164328
-0.0001642224
-0.0001640735
-0.0001638826
-0.0001636505
-0.0001633782
-0.0001630664
-0.0001627162
-0.0001623281
-0.0001619026
-0.0001614395
-0.0001609391
-0.0001604005
-0.0001598234
-0.000159207
-0.0001585509
-0.000157855
-0.0001571202
-0.0001563477
-0.0001555412
-0.0001547047
-0.0001538445
-0.0001529678
-0.0001520829
-0.0001511978
-0.0001503196
-0.0001494521
-0.0001485952
-0.0001477416
-0.0001468752
-0.0001459722
-0.0001450267
-0.0001440354
-0.000142996
-0.0001419064
-0.0001407668
-0.0001395779
-0.0001383417
-0.0001370602
-0.0001357361
-0.000134372
-0.0001329705
-0.0001315339
-0.0001300644
-0.0001285641
-0.000127035
-0.0001254787
-0.000123897
-0.0001222917
-0.0001206646
-0.0001190171
-0.0001173513
-0.0001156689
-0.0001139715
-0.0001122607
-0.0001105377
-0.0001088038
-0.0001070596
-0.0001053055
-0.0001035416
-0.0001017678
-9.998382e-05
-9.81893e-05
-9.63844e-05
-9.456963e-05
-9.274662e-05
-9.091793e-05
-8.908792e-05
-8.726204e-05
-8.544374e-05
-8.363425e-05
-8.183451e-05
-8.0045e-05
-7.826607e-05
-7.649756e-05
-7.473925e-05
-7.299075e-05
-7.125164e-05
-6.952136e-05
-6.779954e-05
-6.608572e-05
-6.437961e-05
-6.268084e-05
-6.098918e-05
-5.930443e-05
-5.762642e-05
-5.595499e-05
-5.429e-05
-5.263135e-05
-5.097894e-05
-4.933263e-05
-4.769234e-05
-4.605795e-05
-4.442935e-05
-4.280641e-05
-4.118898e-05
-3.957692e-05
-3.797012e-05
-3.636853e-05
-3.477217e-05
-3.31811e-05
-3.159537e-05
-3.001503e-05
-2.844016e-05
-2.687084e-05
-2.530715e-05
-2.374915e-05
-2.219692e-05
-2.065052e-05
-1.911003e-05
-1.75755e-05
-1.604701e-05
-1.45246e-05
-1.300832e-05
-1.149825e-05
-9.994406e-06
-8.496852e-06
-7.005626e-06
-5.52077e-06
-4.042326e-06
-2.570334e-06
-1.104833e-06
3.54142e-07
1.806556e-06
3.252377e-06
