0.0004739435
0.0004737749
0.0004736154
0.0004734571
0.000473302
0.0004731486
0.0004729969
0.000472847
0.0004727024
0.0004725552
0.0004724125
0.0004722745
0.0004721343
0.0004719998
0.0004718741
0.0004717555
0.0004716413
0.000471535
0.0004714437
0.0004713706
0.0004712852
0.0004712021
0.0004711001
0.0004709855
0.0004708478
0.0004707117
0.0004706012
0.0004705368
0.0004705345
0.0004705909
0.0004706663
0.000470672
0.0004704948
0.0004700862
0.0004694468
0.0004686199
0.0004676436
0.0004666544
0.0004659308
0.000465795
0.0004663308
0.0004674674
0.0004686634
0.0004691547
0.0004683888
0.0004663023
0.0004631382
0.0004593432
0.0004555097
0.0004525836
0.000451276
0.0004517014
0.0004534116
0.0004557799
0.0004582037
0.0004603964
0.0004619489
0.0004623234
0.0004611754
0.000458722
0.0004554048
0.0004518017
0.0004482333
0.0004448515
0.0004415951
0.0004387866
0.0004367389
0.000435536
0.000434905
0.0004345331
0.0004340842
0.000433463
0.0004326258
0.0004317427
0.0004309193
0.0004303456
0.0004300235
0.00043001
0.0004301983
0.0004305868
0.0004310478
0.0004316388
0.0004322824
0.0004330798
0.0004340026
0.000435161
0.0004364929
0.0004377172
0.0004376758
0.0004354926
0.0004309003
0.0004244852
0.00041696
0.0004091158
0.000401296
0.0003937902
0.0003904765
0.0003968758
0.0004145576
0.0004420505
0.0004755322
0.0005116417
0.0005478642
0.0005837931
0.0006199646
0.0006580685
0.000699333
0.0007450113
0.0007950099
0.0008451786
0.0008830933
0.0008982692
0.000888877
0.0008610338
0.0008236528
0.0007852598
0.0007541639
0.0007420835
0.000755885
0.0007934508
0.000845799
0.0009031003
0.0009575132
0.001006316
0.001050129
0.001092428
0.001126326
0.001138446
0.00112179
0.001079555
0.001020561
0.0009550871
0.0008904311
0.0008425705
0.0008307739
0.0008614543
0.0009266565
0.00101056
0.00109681
0.001153295
0.001147251
0.001073418
0.0009469898
0.0007952604
0.0006469104
0.0005439622
0.0005174361
0.0005675274
0.0006697707
0.0007920753
0.0009069123
0.00099807
0.001051091
0.001061016
0.001036909
0.000996805
0.0009574542
0.00093034
0.0009175361
0.0009159722
0.000922152
0.0009505309
0.001017977
0.001127974
0.00127049
0.001431227
0.001596334
0.001757828
0.001882661
0.001913819
0.001817646
0.001606319
0.001320345
0.001007477
0.000702291
0.0004330611
0.0002301525
0.0001087147
5.172136e-05
2.720473e-05
3.464099e-07
-4.954839e-05
-0.0001302835
-0.0002340472
-0.0003496376
-0.0004625023
-0.0005663543
-0.0006568331
-0.0007369202
-0.0007552878
-0.0006479768
-0.0003986465
-3.78142e-05
0.0003847223
0.0008193135
0.001239018
0.001634099
0.002011753
0.002246974
0.002174819
0.001757536
0.001067725
0.0002349975
-0.0006216995
-0.001428959
-0.002169595
-0.002868582
-0.0035698
-0.00431493
-0.005128087
-0.00601455
-0.00695906
-0.007876492
-0.008567288
-0.00887465
-0.008794112
-0.008440694
-0.007970043
-0.007515469
-0.007145697
-0.00686701
-0.006562298
-0.006079267
-0.005346078
-0.004380967
-0.003256592
-0.002062474
-0.0008630032
0.0003053587
0.001437839
0.002313234
0.002651847
0.002400898
0.001697571
0.000777484
-6.826328e-05
-0.0006051222
-0.0007824975
-0.0006879841
-0.0004823799
-0.0003104618
-0.0002634117
-0.0003580415
-0.0005607045
-0.0008086707
-0.001045402
-0.00123736
-0.001494305
-0.002011536
-0.002885048
-0.0040885
-0.005503633
-0.006992289
-0.008134216
-0.008475463
-0.007926944
-0.00669308
-0.005131593
-0.003561034
-0.002180411
-0.001028934
-4.075776e-05
0.0009052879
0.001822158
0.002633539
0.003290927
0.003810173
0.004244888
0.004655176
0.005043227
0.00532183
0.005400931
0.005268467
0.004972721
0.004593582
0.004200201
0.003836777
0.003498982
0.003148627
0.002745206
0.002272962
0.00173634
0.001156016
0.0005535151
-5.261801e-05
-0.0006541999
-0.00125008
-0.001849293
-0.002544551
-0.003474341
-0.004692215
-0.006158977
-0.007763159
-0.009141291
-0.00971341
-0.009165644
-0.007595656
-0.005393752
-0.003004736
-0.001095344
-0.0003070479
-0.0008165981
-0.00233432
-0.004344726
-0.006350907
-0.008036247
-0.008979443
-0.008768641
-0.007386961
-0.005175687
-0.00262598
-0.0001543953
0.002013733
0.003857304
0.005500329
0.007114738
0.008853174
0.01078891
0.01291202
0.01472874
0.01561308
0.01546233
0.01469527
0.01390728
0.01349288
0.01358439
0.01407057
0.01455716
0.01446719
0.01346102
0.01156201
0.009067419
0.00634258
0.003691945
0.001263089
-0.0009315777
-0.002987873
-0.005023176
-0.007137337
-0.00917682
-0.01076463
-0.01164241
-0.01183995
-0.01157992
-0.01114833
-0.01076581
-0.01054504
-0.01044302
-0.01020514
-0.009545451
-0.008382306
-0.006795049
-0.0049739
-0.003092902
-0.001287383
0.000407638
0.001997999
0.003527619
0.004468685
0.004141042
0.002409235
-0.0004023687
-0.003740296
-0.007107253
-0.01018889
-0.01268395
-0.01407858
-0.01407599
-0.01288183
-0.0110037
-0.008990316
-0.007216624
-0.005823736
-0.004742213
-0.003799373
-0.002805069
-0.001637071
-0.0002506774
0.001310472
0.002899001
0.00408333
0.004461997
0.003978268
0.00285673
0.001440404
3.516666e-05
-0.001182514
-0.002173261
-0.0030058
-0.00378584
-0.004617432
-0.005553103
-0.006596457
-0.007457416
-0.007710757
-0.007168814
-0.005939876
-0.004304947
-0.002568729
-0.0009418616
0.0004853528
0.001743423
0.002912241
0.004079383
0.004908424
0.004926592
0.004022735
0.00239494
0.0004036925
-0.001621193
-0.003472445
-0.005097614
-0.006571072
-0.008073134
-0.009779949
-0.01175654
-0.01397379
-0.01633159
-0.01871156
-0.02053142
-0.0210106
-0.01987852
-0.01742357
-0.01425365
-0.01096842
-0.007970979
-0.005393145
-0.003154656
-0.001061587
0.00108255
0.003407928
0.005953081
0.00867653
0.011498
0.01432852
0.01709334
0.01935931
0.02052726
0.02040351
0.0192298
0.01749846
0.01568453
0.01410676
0.01286155
0.01188317
0.01101528
0.01018096
0.00941847
0.008783047
0.008274185
0.007857889
0.007482478
0.007113808
0.006730502
0.006337536
0.005940717
0.005545087
0.004861022
0.003521288
0.001451552
-0.001184589
-0.004093649
-0.006980316
-0.009510204
-0.01147828
-0.01291912
-0.01403498
-0.01506605
-0.01620119
-0.01752098
-0.01901773
-0.02060927
-0.02208939
-0.02282141
-0.02221306
-0.0202279
-0.01725424
-0.01385737
-0.01051465
-0.007495761
-0.004838964
-0.002427065
-7.875903e-05
0.002362708
0.004983227
0.007789316
0.01072784
0.01372363
0.01670485
0.01963177
0.022482
0.02509487
0.0266792
0.02644726
0.02436344
0.02095056
0.01697663
0.01307247
0.00960206
0.006616362
0.004323589
0.002931111
0.00232218
0.002170818
0.002110364
0.001883095
0.001349356
0.0003576838
-0.001170252
-0.003116261
-0.005270547
-0.007415551
-0.009408244
-0.01082583
-0.0111392
-0.01021946
-0.008349409
-0.006123064
-0.004122068
-0.002650988
-0.001716694
-0.001125438
-0.0006214134
5.291733e-06
0.0008588421
0.001938953
0.00316807
0.004404585
0.005365449
0.005807259
0.005708949
0.005219118
0.004558531
0.003917227
0.003404673
0.003041713
0.002817435
0.002814129
0.003121892
0.003714057
0.004488619
0.005319292
0.006111271
0.006738381
0.006989134
0.006728774
0.006018147
0.005035858
0.00398726
0.003016866
0.002186734
0.001477573
0.0008304956
0.0001705871
-0.0006430847
-0.001812041
-0.003421484
-0.00539522
-0.007204368
-0.008135008
-0.007868407
-0.00654847
-0.004612071
-0.002527375
-0.0006374201
0.0009242635
0.00218816
0.003221462
0.003826562
0.003770197
0.00307101
0.001936086
0.0006359746
-0.0006141176
-0.001669293
-0.00234618
-0.002527571
-0.002288057
-0.001811595
-0.001301572
-0.0008946626
-0.0006417544
-0.0005159327
-0.0005028713
-0.0006675019
-0.001068272
-0.001676272
-0.002411202
-0.003179455
-0.003918347
-0.004600952
-0.00523889
-0.005857546
-0.00648924
-0.007147942
-0.007773934
-0.008047652
-0.007646834
-0.006535396
-0.004901175
-0.003031762
-0.001173775
0.0005282954
0.002050488
0.00344758
0.004811731
0.006220875
0.007721619
0.009315839
0.01097993
0.01267242
0.01436075
0.01601919
0.01763485
0.01896191
0.01954758
0.01914121
0.01785935
0.01605112
0.01427117
0.01301017
0.01242551
0.01239198
0.01262934
0.01286146
0.01290316
0.01270005
0.012297
0.01178945
0.01108691
0.009897469
0.008043536
0.005590801
0.002773442
2.703456e-06
-0.002124603
-0.003216125
-0.003320458
-0.002787564
-0.002055045
-0.001463486
-0.001176371
-0.001183628
-0.001366839
-0.001574955
-0.001689431
-0.001657286
-0.00158643
-0.001677917
-0.002048547
-0.002699866
-0.003542792
-0.004468056
-0.005379414
-0.006231878
-0.007014617
-0.007745756
-0.00820179
-0.008095586
-0.007380493
-0.006206134
-0.004817788
-0.003430446
-0.002172903
-0.001070085
-7.60477e-05
0.0008875944
0.001890201
0.002971691
0.004136254
0.005361786
0.006614607
0.007862953
0.009087226
0.01028122
0.0114447
0.01243484
0.0128618
0.01242373
0.01115976
0.009341428
0.00732144
0.005369775
0.003629305
0.002105769
0.000988722
0.0005011751
0.000621778
0.001148047
0.001817387
0.002420993
0.002850337
0.002868585
0.002187295
0.0007640791
-0.001207179
-0.00342032
-0.005607321
-0.007613812
-0.00941482
-0.01107823
-0.01270253
-0.01428294
-0.01542221
-0.01567754
-0.01498828
-0.01359243
-0.01187001
-0.01014694
-0.008624381
-0.007473003
-0.006983037
-0.007309546
-0.008321195
-0.009712805
-0.01116352
-0.01237153
-0.01303754
-0.01303197
-0.01247951
-0.01164314
-0.01079264
-0.01010574
-0.00963796
-0.009345396
-0.009137705
-0.009091384
-0.009360792
-0.009965408
-0.01082265
-0.01179357
-0.0127615
-0.01358342
-0.01405913
-0.01406583
-0.01366566
-0.01302376
-0.0123343
-0.01180742
-0.01171053
-0.01218363
-0.01315446
-0.01441079
-0.01572551
-0.01693216
-0.01796991
-0.01885852
-0.01967462
-0.0204939
-0.02137942
-0.02234689
-0.02337799
-0.02409355
-0.02402888
-0.02307515
-0.02142119
-0.01941666
-0.01738027
-0.01551977
-0.01388617
-0.01242937
-0.011046
-0.009892779
-0.009225183
-0.009091079
-0.009365112
-0.009833814
-0.01031083
-0.01068309
-0.01092995
-0.01109021
-0.01123157
-0.01141146
-0.0116593
-0.01188044
-0.01180503
-0.01120957
-0.01008887
-0.008595767
-0.006946435
-0.005317939
-0.003809973
-0.002432735
-0.001142634
0.0001299817
0.001433316
0.002645052
0.003356572
0.003238087
0.002291921
0.0007729421
-0.0009807632
-0.002688362
-0.004205373
-0.00551276
-0.00660942
-0.007233167
-0.007107391
-0.006250711
-0.004894655
-0.003349616
-0.001859425
-0.0005488963
0.0005974251
0.001675511
0.002794558
0.004023694
0.005383542
0.0068484
0.008372672
0.009906084
0.01141557
0.01288437
0.01431446
0.01564931
0.01677842
0.01764157
0.01827604
0.01877105
0.01915784
0.01931538
0.01912938
0.01860308
0.01783206
0.01675157
0.01522558
0.01326595
0.01099399
0.008581309
0.006165496
0.003825184
0.001576913
-0.0004220351
-0.001728136
-0.002000255
-0.001301638
3.084028e-05
0.001465081
0.002540174
0.003073617
0.003142092
0.002965455
0.002782229
0.002756969
0.002951373
0.003331505
0.003815201
0.004312007
0.004863196
0.00557295
0.006475097
0.007535488
0.008682914
0.009847946
0.01098028
0.01190265
0.01237983
0.01234485
0.01190201
0.01125276
0.01058446
0.01002012
0.009590914
0.009266651
0.008974757
0.008546928
0.007656119
0.006078607
0.003850217
0.001199732
-0.001542845
-0.003901043
-0.005513526
-0.006362254
-0.006681768
-0.006802819
-0.007001684
-0.007427088
-0.008092018
-0.00891633
-0.009785439
-0.01060021
-0.0113075
-0.01190207
-0.01241627
-0.01289555
-0.01337897
-0.01378443
-0.01383978
-0.01331945
-0.01223348
-0.01075439
-0.009120814
-0.0075183
-0.006052671
-0.004723761
-0.003486551
-0.002275921
-0.001473381
-0.00158984
-0.002734772
-0.004674153
-0.006992568
-0.009048973
-0.01020592
-0.01026227
-0.009428375
-0.008149625
-0.006854273
-0.005829189
-0.005153931
-0.004759496
-0.00449241
-0.004330837
-0.004410527
-0.004838398
-0.00558572
-0.006541465
-0.007568709
-0.008562935
-0.00925594
-0.009238174
-0.008309959
-0.006605306
-0.004455098
-0.002211886
-0.0001185665
0.001733079
0.003382856
0.004938613
0.006517946
0.008199995
0.01001199
0.01193247
0.01391497
0.01590752
0.01787299
0.01978823
0.0215342
0.02280411
0.02337073
0.02327609
0.0227513
0.02215973
0.02182211
0.02186236
0.02223034
0.02277085
0.02332122
0.02376321
0.0240511
0.02406691
0.02366405
0.02283026
0.02168446
0.02040407
0.01914346
0.01802647
0.01716283
0.01658865
0.01623541
0.01598527
0.01572413
0.01538368
0.01494436
0.01437263
0.01355383
0.01241046
0.0109797
0.009376676
0.007734482
0.006314654
0.005472945
0.005376032
0.005915261
0.006816248
0.007788495
0.008629253
0.00926323
0.009722051
0.01009389
0.01039041
0.01051718
0.01040759
0.01008147
0.009619049
0.009110709
0.008623154
0.008183546
0.007785372
0.007376186
0.006806092
0.005931269
0.004740038
0.003314679
0.001786961
0.0002642992
-0.001183627
-0.002550276
-0.003854054
-0.005128427
-0.006054951
-0.006218624
-0.005537451
-0.004206725
-0.002562233
-0.0009044821
0.0005815786
0.001854245
0.002967906
0.003929247
0.004645787
0.005071167
0.005254434
0.005305526
0.005331408
0.005403608
0.00554112
0.005727839
0.005925655
0.006102955
0.006236929
0.006317203
0.006089748
0.005239508
0.003722704
0.001701806
-0.0005484004
-0.002797352
-0.004892587
-0.006703888
-0.007774869
-0.007697169
-0.006508535
-0.004577607
-0.002375634
-0.0002812356
0.001523587
0.003034861
0.004363537
0.005293048
0.005400479
0.004539644
0.002895408
0.0008330555
-0.00129089
-0.003251069
-0.004976296
-0.006529498
-0.008020139
-0.009545647
-0.01059991
-0.01048306
-0.009028075
-0.006514879
-0.003468155
-0.0003660943
0.002484146
0.005004046
0.00727515
0.009455793
0.01157475
0.01316239
0.01366877
0.01301763
0.01149347
0.009565785
0.00766824
0.006143001
0.005104729
0.004465775
0.004009006
0.003529134
0.002880704
0.002031663
0.001016218
-7.95645e-05
-0.001315592
-0.002832873
-0.004692847
-0.006829047
-0.009121485
-0.01143891
-0.01369465
-0.01555047
-0.01656997
-0.01662194
-0.01590831
-0.01480323
-0.0136747
-0.01279183
-0.01226217
-0.01202506
-0.01193212
-0.01182301
-0.01159214
-0.01120185
-0.01068114
-0.01008895
-0.009492908
-0.008937303
-0.008444394
-0.008005255
-0.007602007
-0.007210856
-0.006932899
-0.006931926
-0.007274153
-0.007902605
-0.008692808
-0.009515653
-0.01028583
-0.01096879
-0.01152175
-0.01182664
-0.01180628
-0.01149907
-0.0110211
-0.01049892
-0.01002491
-0.009633881
-0.009315456
-0.009029655
-0.008735689
-0.008402427
-0.008025548
-0.007700999
-0.007685528
-0.008178076
-0.009175169
-0.01051905
-0.0120033
-0.01345583
-0.01478912
-0.01599135
-0.01706236
-0.01783787
-0.01814615
-0.01799819
-0.01753879
-0.016961
-0.01641745
-0.015986
-0.01566672
-0.01541286
-0.01516162
-0.01486507
-0.01449833
-0.01403296
-0.01333459
-0.01227565
-0.01086848
-0.009224485
-0.007492842
-0.005790124
-0.004178185
-0.002689583
-0.001373537
-0.000246073
0.0007377844
0.001654647
0.002575734
0.003543296
0.004566335
0.005630501
0.006787192
0.008110925
0.009605863
0.01122456
0.01289421
0.01455632
0.0161747
0.0176724
0.01895213
0.01999795
0.0208666
0.02165544
0.02244848
0.02331584
0.02434453
0.0255971
0.02704281
0.02857884
0.02999159
0.03109921
0.03186374
0.03237295
0.03276542
0.03317026
0.03366183
0.03425909
0.03493246
0.03563667
0.03632448
0.03697125
0.03757084
0.0381984
0.03898692
0.04002251
0.04128972
0.04271098
0.04418537
0.04563991
0.04703346
0.04837041
0.04966638
0.05086582
0.05157156
0.05138023
0.05025913
0.04846567
0.04637834
0.04431805
0.04246599
0.04084837
0.03938719
0.0379616
0.03646894
0.03485362
0.03311396
0.0312854
0.02942073
0.02757139
0.02590549
0.02463888
0.02383691
0.0234117
0.02320803
0.02316811
0.02328949
0.02354664
0.02389225
0.02427913
0.024673
0.02506932
0.02564039
0.02684761
0.02904387
0.03219726
0.03599704
0.04004373
0.04401694
0.04775375
0.05124678
0.05459061
0.05791232
0.06131596
0.06484397
0.06830955
0.07119127
0.07306837
0.07393313
0.07408633
0.07394291
0.0738462
0.07398363
0.07437501
0.07493257
0.07552452
0.07604272
0.07642702
0.07668088
0.07683548
0.07682321
0.07610607
0.07413183
0.07086736
0.06667256
0.06207799
0.05752568
0.0532674
0.04933345
0.04561565
0.04194321
0.0381765
0.03423583
0.03012268
0.02588549
0.02160035
0.01732894
0.01311227
0.008976005
0.005336283
0.003286738
0.003665772
0.006359287
0.01059862
0.01539918
0.01999806
0.02400548
0.02742906
0.0305003
0.03353249
0.03653864
0.03930278
0.04167578
0.04367562
0.04541979
0.04706214
0.04871546
0.05059867
0.05300619
0.05607932
0.05970478
0.06364113
0.06762518
0.07149153
0.0751721
0.07871029
0.08217927
0.08567657
0.08924739
0.0929124
0.09641961
0.09941654
0.101728
0.1034494
0.1045646
0.1049882
0.1047499
0.1040727
0.1031856
0.1022586
0.09982156
0.09394164
0.08418654
0.0713976
0.05708303
0.04262577
0.02890023
0.01615598
0.004523248
-0.004769333
-0.01046361
-0.01272453
-0.01267609
-0.01181092
-0.01125583
-0.01159538
-0.01278577
-0.01447362
-0.01619553
-0.01863146
-0.02314349
-0.03034901
-0.03987494
-0.05076241
-0.06200134
-0.07288696
-0.08315297
-0.09289446
-0.1023726
-0.1110413
-0.11749
-0.1208883
-0.1215268
-0.1204556
-0.1188506
-0.1175923
-0.1170482
-0.1171616
-0.1175956
-0.1179901
-0.1180824
-0.1183032
-0.1193567
-0.1215195
-0.1246492
-0.1283477
-0.1322049
-0.1359282
-0.1394047
-0.1426631
-0.1458213
-0.1490011
-0.1522964
-0.1557281
-0.1592518
-0.1621528
-0.1633868
-0.1625533
-0.1599754
-0.1564215
-0.1526616
-0.1492352
-0.1463271
-0.1438595
-0.1415866
-0.1392796
-0.1370846
-0.1358056
-0.136132
-0.1381018
-0.1412347
-0.1448745
-0.1484601
-0.151695
-0.1545342
-0.1571259
-0.1596424
-0.1616545
-0.1616425
-0.1583859
-0.1519443
-0.1433297
-0.1338565
-0.1245939
-0.1160855
-0.1083639
-0.1011163
-0.0939343
-0.08647089
-0.07857216
-0.0702458
-0.0616438
-0.05293575
-0.04429079
-0.03577994
-0.02743824
-0.01920015
-0.01105461
-0.003565021
0.0003020107
-0.002404936
-0.01191224
-0.02633464
-0.04289765
-0.05924992
-0.07406286
-0.08713802
-0.09905334
-0.110666
-0.1222411
-0.131898
-0.1373616
-0.1382212
-0.1355447
-0.1311613
-0.1266576
-0.1230304
-0.1204696
-0.1186888
-0.1171051
-0.1152543
-0.112856
-0.1108999
-0.1107606
-0.1129448
-0.1170755
-0.1222762
-0.1265682
-0.1277086
-0.1248756
-0.1187398
-0.110827
-0.1026761
-0.09533167
-0.08914607
-0.0839141
-0.07912329
-0.07424717
-0.06892346
-0.06303602
-0.05667306
-0.0500435
-0.04337125
-0.03682271
-0.03047012
-0.02430219
-0.0182526
-0.01223939
-0.006195082
-8.300795e-05
0.006097563
0.01232779
0.0185782
0.02482337
0.03104623
0.03724434
0.04341059
0.0492858
0.05416519
0.05751192
0.05938028
0.06012997
0.06013502
0.05975469
0.05928323
0.05890814
0.058654
0.05809547
0.0553866
0.04869507
0.03786189
0.02399337
0.008783792
-0.006346912
-0.02054498
-0.03363525
-0.04455781
-0.05180502
-0.05508552
-0.05538329
-0.05429214
-0.05323852
-0.05306564
-0.05403712
-0.05602256
-0.05859967
-0.06125442
-0.06357815
-0.06531715
-0.06632104
-0.06662911
-0.06648352
-0.06619312
-0.06601667
-0.06608177
-0.06639427
-0.06685599
-0.06720288
-0.0666454
-0.06444561
-0.06055208
-0.05543594
-0.04979245
-0.04420846
-0.03902073
-0.03427752
-0.02984011
-0.02548382
-0.02101793
-0.01633218
-0.01142085
-0.006343928
-0.001197671
0.003936336
0.008999068
0.01397968
0.01889198
0.02377094
0.02864623
0.0335437
0.03846946
0.04342371
0.04839125
0.05336434
0.05832934
0.06328701
0.06823151
0.07315822
0.07772164
0.08141115
0.08403698
0.08578207
0.0870418
0.08821143
0.08955828
0.09117312
0.09300736
0.09493566
0.09683061
0.09860635
0.1002397
0.1017547
0.1032081
0.1046629
0.1064237
0.1088364
0.1119564
0.115617
0.119529
0.1234432
0.1272
0.1307712
0.1342019
0.1375902
0.1410107
0.1445239
0.1481253
0.1518071
0.1555146
0.1591887
0.1617931
0.1620679
0.1597787
0.1555258
0.150334
0.1451137
0.1404332
0.1364166
0.1328891
0.1295185
0.1260131
0.1221891
0.1180248
0.1135942
0.1090437
0.1045207
0.1006999
0.09869767
0.09910753
0.1016385
0.1054475
0.1095999
0.1134236
0.1166349
0.1193031
0.1216904
0.1241036
0.1267583
0.129719
0.1323699
0.1335165
0.132425
0.1292332
0.1246765
0.1196391
0.1148118
0.1105194
0.1067561
0.1033156
0.1004281
0.09863441
0.09810984
0.09861329
0.09965423
0.1007773
0.1016797
0.1022615
0.1019203
0.09954665
0.09457417
0.08737606
0.07888488
0.07009787
0.0617041
0.05397
0.04678604
0.0398616
0.03302575
0.0267924
0.02181695
0.01821052
0.01564243
0.01357059
0.01152432
0.009220876
0.006607864
0.003782641
0.0009135313
-0.001859294
-0.004452571
-0.006868019
-0.009152035
-0.01138592
-0.01363004
-0.01593992
-0.01850166
-0.02214579
-0.02767905
-0.03513536
-0.04396237
-0.05336757
-0.06269052
-0.07156088
-0.07993729
-0.08798761
-0.09596729
-0.1040896
-0.1124505
-0.120563
-0.127069
-0.1308736
-0.13199
-0.1312317
-0.1297121
-0.1283371
-0.1276346
-0.1278089
-0.1287844
-0.1302121
-0.1317093
-0.1329596
-0.1338528
-0.1344075
-0.1347453
-0.1341057
-0.1314795
-0.1267038
-0.1203074
-0.1131572
-0.1060105
-0.09932133
-0.09317518
-0.08741036
-0.08174715
-0.07594433
-0.0698599
-0.06349154
-0.05713166
-0.05147175
-0.04705605
-0.04390996
-0.04166301
-0.03980023
-0.03788152
-0.03556562
-0.03255171
-0.02874465
-0.02432879
-0.0196267
-0.01494669
-0.01047846
-0.006267234
-0.002245832
0.001704471
0.005695614
0.009797816
0.01402544
0.01835337
0.02273008
0.02708592
0.0308082
0.03279469
0.03244582
0.03001696
0.02632125
0.02226127
0.01850253
0.01532511
0.0126764
0.01029961
0.007905883
0.005278155
0.002336274
-0.0008865041
-0.004275832
-0.00770827
-0.01108064
-0.01434801
-0.01750635
-0.02059397
-0.02365227
-0.02672568
-0.02983167
-0.03298033
-0.03615599
-0.03934885
-0.04253682
-0.04571746
-0.0488794
-0.052034
-0.05517668
-0.05832464
-0.0614691
-0.06462688
-0.0677794
-0.0709471
-0.07410287
-0.07721044
-0.07877448
-0.07695251
-0.07138885
-0.06295085
-0.05313118
-0.04326205
-0.03417138
-0.02604365
-0.01862572
-0.01143952
-0.004056504
0.003789729
0.01213667
0.02086826
0.02977824
0.03867974
0.04741875
0.05545666
0.0615027
0.06461787
0.06498695
0.06367253
0.06234955
0.06242519
0.06437039
0.06785074
0.07209608
0.07633242
0.08003879
0.08305118
0.08549337
0.08764788
0.08980517
0.09217335
0.09482755
0.09773184
0.100784
0.1038678
0.1068741
0.1092359
0.1099631
0.1085388
0.1052219
0.1007721
0.09601665
0.09155858
0.08764198
0.08420874
0.08101691
0.07780127
0.0743638
0.07063533
0.06664925
0.06251357
0.05834126
0.05422703
0.05022157
0.04660565
0.0438678
0.04225985
0.041627
0.04156985
0.04165398
0.0415719
0.04113779
0.04027266
0.03903598
0.03759636
0.03613796
0.03479484
0.033615
0.03257476
0.03160569
0.03063562
0.0296098
0.02850847
0.02733879
0.02612836
0.02490681
0.02369242
0.02233928
0.02043496
0.01765296
0.01401797
0.009801882
0.005363109
0.0009850739
-0.00318344
-0.007137732
-0.01095927
-0.01476404
-0.01864113
-0.02263752
-0.02674637
-0.03093308
-0.03514549
-0.03934471
-0.04348854
-0.04719117
-0.04944959
-0.04950913
-0.04746768
-0.04402868
-0.04007859
-0.03631581
-0.03308712
-0.03039322
-0.02801602
-0.02567118
-0.02313322
-0.02029675
-0.0171775
-0.01387271
-0.01050572
-0.007179601
-0.00395139
-0.0008292643
0.002214815
0.005224328
0.008239802
0.01128639
0.01437171
0.01748845
0.0206221
0.02375101
0.02672121
0.02915186
0.03075541
0.031568
0.03185239
0.03194397
0.03210426
0.03246721
0.03303079
0.03371704
0.03442454
0.03530637
0.03661769
0.03842028
0.04061249
0.04300138
0.04541382
0.04773833
0.04994931
0.0520755
0.05417873
0.05631022
0.05850498
0.06076411
0.06306147
0.06505298
0.06612129
0.06591868
0.06457225
0.06251736
0.06024887
0.05813418
0.05633415
0.05482479
0.05346934
0.05211028
0.05062894
0.04897755
0.04717258
0.04527464
0.04335088
0.04145211
0.03945177
0.03715998
0.03452252
0.03160343
0.0285353
0.02544308
0.02240983
0.01945954
0.01657413
0.01371349
0.01083838
0.007923699
0.004963172
0.001967552
-0.001047088
-0.004061487
-0.007048814
-0.009587913
-0.01090008
-0.01055629
-0.008735902
-0.006012509
-0.003028092
-0.0002530098
0.002110258
0.0041027
0.005900855
0.007701395
0.009345205
0.0105026
0.01107579
0.01116505
0.01099529
0.0107723
0.01063773
0.01062766
0.01071586
0.01083319
0.01095764
0.01114099
0.0114545
0.01190433
0.01246153
0.01306677
0.01367991
0.01426828
0.0148206
0.01502568
0.01430992
0.01235196
0.009293793
0.005562396
0.001641949
-0.00212102
-0.005574445
-0.008754048
-0.0117911
-0.01484397
-0.0180203
-0.02136826
-0.02486133
-0.02844609
-0.0320478
-0.0356221
-0.03913422
-0.04259513
-0.04601142
-0.04939537
-0.05214478
-0.05350716
-0.05333526
-0.05198591
-0.0500686
-0.04813002
-0.04650764
-0.04527883
-0.0443373
-0.04348976
-0.04256569
-0.04162364
-0.04095727
-0.04078855
-0.04113254
-0.04184148
-0.04271394
-0.04357961
-0.04434645
-0.04500138
-0.04558466
-0.04615035
-0.04661364
-0.04674384
-0.04639812
-0.0456127
-0.04454743
-0.04338783
-0.04227465
-0.041271
-0.04037098
-0.03952556
-0.03867676
-0.03778099
-0.03682093
-0.03580361
-0.03475108
-0.03368938
-0.03263908
-0.0316106
-0.03060372
-0.0296123
-0.0286263
-0.02763859
-0.02664284
-0.02564015
-0.0246301
-0.02360982
-0.02237296
-0.02065999
-0.01842309
-0.01578251
-0.01294934
-0.01010786
-0.007377044
-0.004779095
-0.002284802
0.0001031723
0.00210667
0.003430392
0.004054894
0.004178302
0.004085632
0.004016829
0.004103334
0.004361794
0.004730295
0.005119123
0.005451415
0.005688774
0.005832677
0.005951382
0.00618282
0.006640011
0.007333249
0.008201743
0.009147244
0.01009105
0.01097975
0.01180991
0.0125921
0.01334469
0.01361826
0.01283982
0.01089878
0.008063592
0.004798439
0.001515813
-0.001527256
-0.004274442
-0.006804496
-0.009265749
-0.01179046
-0.01445978
-0.01728547
-0.02022956
-0.02322041
-0.02598921
-0.02822984
-0.02988322
-0.03107746
-0.03205037
-0.0330098
-0.03409538
-0.03533531
-0.03669781
-0.03810142
-0.03948458
-0.04079434
-0.0420111
-0.04267543
-0.0421219
-0.04012101
-0.03694125
-0.03312644
-0.02921278
-0.02555342
-0.02226272
-0.01926479
-0.01638677
-0.01345458
-0.0103555
-0.0070647
-0.003755177
-0.0008539506
0.001291119
0.002655927
0.003458648
0.004011549
0.004471219
0.004780715
0.004848117
0.004655934
0.004259052
0.00373486
0.003007648
0.001418589
-0.001726066
-0.006475703
-0.01240218
-0.01884626
-0.02526582
-0.03133009
-0.036969
-0.04152078
-0.04403183
-0.04424858
-0.04267925
-0.04022115
-0.0377096
-0.03566179
-0.03421472
-0.03342773
-0.03342365
-0.03415818
-0.0353789
-0.03675427
-0.03802677
-0.03907199
-0.0399103
-0.04063759
-0.04138178
-0.04222672
-0.04321872
-0.04433209
-0.04550634
-0.04608987
-0.04530432
-0.04298419
-0.03947348
-0.03537933
-0.03125207
-0.0274379
-0.02402204
-0.02090558
-0.01789522
-0.014813
-0.01154695
-0.008076504
-0.004451137
-0.0008515632
0.002383753
0.005001849
0.007006494
0.008584944
0.009992348
0.01143758
0.01303436
0.01479389
0.01666024
0.01855193
0.0204003
0.02216871
0.02385553
0.02548551
0.02709197
0.02870676
0.03034604
0.03200856
0.03349105
0.03449011
0.03488713
0.03477594
0.03437835
0.03391952
0.03355556
0.03334273
0.03325627
0.03321561
0.03309504
0.0327922
0.03228727
0.031628
0.03089248
0.0301433
0.02911501
0.02735248
0.02467669
0.02122093
0.01732386
0.01333144
0.009755752
0.007019063
0.005152929
0.003895238
0.002866892
0.001749099
0.0003686233
-0.00128961
-0.003132994
-0.005027714
-0.006859296
-0.008564842
-0.01013638
-0.01154606
-0.01267981
-0.01345776
-0.01392479
-0.01420427
-0.01443492
-0.01471432
-0.01508311
-0.01552862
-0.01601098
-0.01648389
-0.01691687
-0.01729797
-0.01763604
-0.01794825
-0.01825639
-0.01857395
-0.01891025
-0.01926193
-0.01962626
-0.01999217
-0.02035821
-0.02071561
-0.02105436
-0.02099621
-0.02007316
-0.01819787
-0.01559166
-0.0126364
-0.009669415
-0.006902233
-0.004379587
-0.002038014
0.0002463418
0.002580506
0.005034066
0.007613936
0.01029321
0.0130159
0.01573778
0.01842126
0.02105329
0.02343836
0.02530181
0.02655088
0.0273057
0.02779561
0.02825031
0.02881386
0.02952867
0.03016418
0.0304052
0.03013067
0.02940771
0.028419
0.02735749
0.02636243
0.02549243
0.02473855
0.02413311
0.02372215
0.02348074
0.02334191
0.02322649
0.02308036
0.02288121
0.02263834
0.02237625
0.02212216
0.02189395
0.02169741
0.02152754
0.02137225
0.02122025
0.0210584
0.02082436
0.02024488
0.0190501
0.01722628
0.01495042
0.01248274
0.01003847
0.007740919
0.005604264
0.003576279
0.001571738
-0.0004772411
-0.002604753
-0.004652592
-0.006301926
-0.007350945
-0.007834605
-0.007947812
-0.007929368
-0.007963131
-0.008139267
-0.008455199
-0.0088532
-0.009257512
-0.009610179
-0.009882607
-0.01005389
-0.01011462
-0.01009219
-0.01002768
-0.009964848
-0.009928062
-0.009926521
-0.009950196
-0.009986302
-0.01001687
-0.01003527
-0.01003509
-0.01002362
-0.01001093
-0.01020513
-0.01085815
-0.01202046
-0.01357425
-0.01531741
-0.0170677
-0.01871274
-0.02022608
-0.02164219
-0.0230255
-0.02443511
-0.02590697
-0.02744705
-0.02903936
-0.0306565
-0.03227244
-0.03386935
-0.03544179
-0.03699278
-0.03851828
-0.03996693
-0.04128483
-0.04247172
-0.04356524
-0.04461986
-0.0456805
-0.04677216
-0.04789635
-0.04904185
-0.05019054
-0.05132908
-0.05244884
-0.05355132
-0.05464095
-0.05572682
-0.05681348
-0.0579071
-0.05900605
-0.06010646
-0.06107901
-0.06176616
-0.06213636
-0.06226203
-0.06226897
-0.06227052
-0.06233756
-0.06248643
-0.06269379
-0.06287327
-0.06291899
-0.06278342
-0.06248624
-0.06209128
-0.06166807
-0.06127
-0.06091876
-0.06061288
-0.06033262
-0.06005595
-0.0597639
-0.05945017
-0.0591144
-0.05876612
-0.05841185
-0.05806274
-0.05771651
-0.05729365
-0.05640801
-0.05467764
-0.05207211
-0.04883295
-0.04531659
-0.04182668
-0.03853532
-0.03546792
-0.03255096
-0.02967292
-0.02677439
-0.02397937
-0.02146278
-0.01927
-0.01733746
-0.01554061
-0.01376689
-0.01194254
-0.01004881
-0.008102002
-0.006139157
-0.004194042
-0.002288071
-0.0004226248
0.001411178
0.00323108
0.00505154
0.006884214
0.008731601
0.01059695
0.01249635
0.01444795
0.01644769
0.01848042
0.02052383
0.02256342
0.02458971
0.02660381
0.02860968
0.03061617
0.03262676
0.03464587
0.03667068
0.03870152
0.04073228
0.0427636
0.04479041
0.04680787
0.04859673
0.04988763
0.05062916
0.05094978
0.05106859
0.05118017
0.05140649
0.0517741
0.05224591
0.05275102
0.05322746
0.05363554
0.05396784
0.05417667
0.05421273
0.05408827
0.0538601
0.05359854
0.05335762
0.05316298
0.05301199
0.05288525
0.05275955
0.05261637
0.05244791
0.0522557
0.05204875
0.05183705
0.05162952
0.05143187
0.05129303
0.05127041
0.05137177
0.0515659
0.05180213
0.05203705
0.05224393
0.05241803
0.05256831
0.05268487
0.05274904
0.05276349
0.05274406
0.05271331
0.05268684
0.05267369
0.05267244
0.05267792
0.0526818
0.05267997
0.05266915
0.05265164
0.05262868
0.05260528
0.05258255
0.05256371
0.05254651
0.05252682
0.05236684
0.05186473
0.05094514
0.04967921
0.04822184
0.04672844
0.04530416
0.04398546
0.04275304
0.04155856
0.04035065
0.03909693
0.03778691
0.03643121
0.03504854
0.03362933
0.03203898
0.03013501
0.02790493
0.02543774
0.02286636
0.02030273
0.017811
0.01540049
0.01304442
0.01070038
0.008332512
0.005921848
0.003467703
0.0009825657
-0.001515447
-0.004009663
-0.006490602
-0.008955164
-0.01140342
-0.01373572
-0.01580127
-0.01754756
-0.0190305
-0.02037054
-0.02168532
-0.02305529
-0.02450572
-0.02602082
-0.02756272
-0.02909369
-0.03058797
-0.03203908
-0.03345486
-0.03485219
-0.03624773
-0.03765345
-0.039071
-0.04041703
-0.04153125
-0.04232149
-0.04281702
-0.04312822
-0.04337746
-0.04356773
-0.04362436
-0.04352204
-0.04327863
-0.04294977
-0.04258536
-0.04222856
-0.04188717
-0.04146588
-0.0404996
-0.03852837
-0.03551049
-0.03173088
-0.02761491
-0.02352517
-0.01967024
-0.01608311
-0.01267997
-0.009323992
-0.005899439
-0.002346543
0.001155489
0.004225076
0.006612254
0.008341156
0.009628665
0.01074787
0.01191536
0.0132411
0.01472746
0.01628306
0.01769325
0.01876066
0.01944409
0.01982903
0.02006559
0.0202919
0.02059385
0.02090239
0.02101799
0.02079534
0.02022781
0.01940976
0.01836495
0.01699617
0.0152505
0.01318538
0.01092953
0.008615419
0.006336186
0.004126381
0.001975696
-0.0001530229
-0.002297157
-0.00448299
-0.006715911
-0.008987291
-0.01127823
-0.01357152
-0.01585293
-0.01811842
-0.02036839
-0.02261
-0.0248485
-0.02709056
-0.02933733
-0.03159075
-0.033847
-0.03610619
-0.0383613
-0.04055902
-0.04244544
-0.04377155
-0.04452002
-0.04485252
-0.04500488
-0.04517703
-0.04548134
-0.04593404
-0.04648545
-0.04706044
-0.0475945
-0.04805263
-0.04843293
-0.04875566
-0.04898815
-0.04903779
-0.04885417
-0.04846912
-0.04796537
-0.04743161
-0.0469296
-0.04648417
-0.04608618
-0.04570527
-0.04519027
-0.04429296
-0.04287975
-0.0410064
-0.03885176
-0.03661636
-0.03444807
-0.03241042
-0.03049205
-0.02863735
-0.02678155
-0.02487613
-0.02290158
-0.02086683
-0.01883601
-0.01691296
-0.01516106
-0.01357574
-0.0121017
-0.01067
-0.009224415
-0.007737247
-0.006206106
-0.004647915
-0.003083464
-0.001532442
-2.403469e-06
0.001505105
0.002999219
0.004486312
0.0059707
0.007292297
0.008249182
0.008799649
0.009036605
0.009120879
0.009194472
0.009268829
0.009246804
0.009059016
0.00869451
0.008197998
0.007630147
0.007049067
0.006487037
0.005956384
0.005447659
0.004947561
0.004439107
0.003915542
0.003376745
0.00291521
0.002644845
0.00259368
0.002715005
0.00292509
0.003179061
0.003478357
0.003827626
0.004222797
0.004650402
0.005097026
0.005551087
0.006007764
0.00646485
0.006923992
0.007385974
0.007852782
0.008322963
0.008796501
0.009270498
0.009745118
0.01021773
0.01068985
0.01115944
0.0116298
0.01210422
0.01272094
0.01364932
0.01492267
0.01646085
0.01812602
0.01979538
0.0213932
0.02290202
0.02434586
0.02576802
0.02720876
0.02869162
0.03022109
0.03178545
0.03336393
0.03486405
0.03618092
0.0372932
0.03824685
0.0391233
0.03999559
0.04091087
0.04188051
0.04289139
0.04391726
0.04493429
0.04592714
0.04689276
0.04783683
0.04877059
0.0497045
0.05064552
0.05159386
0.05248645
0.05322737
0.05377891
0.0541696
0.0544701
0.05475053
0.05506082
0.05541814
0.05581591
0.05623185
0.05664347
0.05703442
0.05739968
0.05772558
0.05794374
0.05798487
0.05785251
0.05759851
0.05729721
0.05700588
0.05675858
0.05655303
0.05633166
0.05587005
0.05495247
0.05355433
0.0518036
0.04989383
0.0479935
0.04619952
0.04453013
0.04294757
0.04139095
0.03980548
0.03815963
0.03644765
0.03463565
0.03261245
0.03029875
0.02772045
0.02497599
0.02217939
0.01941655
0.01672554
0.01410154
0.01151186
0.00892023
0.006298034
0.00363571
0.0009359014
-0.001785426
-0.004507917
-0.007085064
-0.009314192
-0.01112241
-0.01258336
-0.01385407
-0.01509142
-0.016401
-0.0178185
-0.01932389
-0.02086794
-0.02239916
-0.02388409
-0.02531164
-0.02669342
-0.02804747
-0.02934965
-0.03039886
-0.03098591
-0.03109417
-0.03085452
-0.03046279
-0.03008358
-0.02981158
-0.02965957
-0.02958866
-0.02953589
-0.02944918
-0.02929867
-0.02908443
-0.02882407
-0.02854543
-0.02827128
-0.02801771
-0.02778714
-0.02757598
-0.02737363
-0.0271726
-0.02696472
-0.02674569
-0.0264295
-0.02589244
-0.02509051
-0.02407168
-0.02293486
-0.02177857
-0.02066786
-0.01962447
-0.01863485
-0.01766825
-0.01669222
-0.01568639
-0.01464436
-0.01357343
-0.01248655
-0.01139856
-0.01031862
-0.009251949
-0.008196095
-0.007148061
-0.006100881
-0.005052495
-0.004003455
-0.003072531
-0.002407608
-0.00203881
-0.001898871
-0.001870198
-0.001847129
-0.001763523
-0.001603943
-0.001387953
-0.001153103
-0.0009332793
-0.0007497412
-0.0006057165
-0.0004917051
-0.0003791712
-0.0002346263
-4.099528e-05
0.0001985753
0.0004677423
0.0007471119
0.001021143
0.001282593
0.001530888
0.001771366
0.00201148
0.002301028
0.002708242
0.003257524
0.003923667
0.004653846
0.005394781
0.006111513
0.006791184
0.007441674
0.008078457
0.008715197
0.009239328
0.009499643
0.009463884
0.009196413
0.008815035
0.008424599
0.008092908
0.007834891
0.00763282
0.00744835
0.007249411
0.007013363
0.00673523
0.006343085
0.005753395
0.004961469
0.00402482
0.003027398
0.002039493
0.001100574
0.0002148552
-0.0006353217
-0.001478232
-0.002335996
-0.003222631
-0.004136468
-0.005064295
-0.005822845
-0.006187857
-0.006113012
-0.005695619
-0.005111266
-0.004516319
-0.004011799
-0.003620253
-0.003315172
-0.003039066
-0.002743196
-0.002395946
-0.002061463
-0.001852112
-0.001830337
-0.001981347
-0.002244774
-0.002546285
-0.002832235
-0.003074681
-0.003277119
-0.003454996
-0.003633412
-0.003826407
-0.004040381
-0.004164554
-0.00406008
-0.00369019
-0.003110964
-0.002423609
-0.001725422
-0.0010761
-0.0004947914
3.629697e-05
0.0005465283
0.001069834
0.001621857
0.002202394
0.00259374
0.002523747
0.001928671
0.0009211942
-0.0002929818
-0.001524895
-0.002654315
-0.003649592
-0.004543097
-0.005399296
-0.006279501
-0.007220435
-0.008204027
-0.009095311
-0.009747335
-0.01012531
-0.01028657
-0.01033736
-0.01037516
-0.01046329
-0.01061882
-0.010827
-0.01105499
-0.01127228
-0.01145856
-0.01161007
-0.01173385
-0.011844
-0.01195347
-0.01207235
-0.0122036
-0.01234609
-0.01249479
-0.01264517
-0.01279273
-0.01293606
-0.01307484
-0.01321123
-0.01334634
-0.0134824
-0.01361886
-0.0137374
-0.01374915
-0.01356602
-0.01318124
-0.01265037
-0.01205592
-0.01146745
-0.0109248
-0.01043355
-0.00997727
-0.009529258
-0.009067551
-0.008579195
-0.008064148
-0.007529313
-0.006987139
-0.00645525
-0.005979202
-0.005598063
-0.005313373
-0.00509591
-0.004906759
-0.004711535
-0.004493372
-0.004251423
-0.004060653
-0.004014868
-0.004141161
-0.004406681
-0.004746521
-0.005097348
-0.005418149
-0.00569822
-0.00602908
-0.00655405
-0.007337908
-0.00835147
-0.009503384
-0.01069553
-0.01185477
-0.01295101
-0.01398921
-0.01499708
-0.01600527
-0.01703748
-0.01810253
-0.01919738
-0.02031002
-0.02142753
-0.02253892
-0.02363926
-0.02472793
-0.02580907
-0.02688707
-0.02796656
-0.02904788
-0.03009156
-0.03098953
-0.03165874
-0.03210614
-0.03240388
-0.03264454
-0.03290226
-0.03321473
-0.03358355
-0.03398664
-0.03439415
-0.03478214
-0.03513944
-0.0354671
-0.03577502
-0.03607591
-0.03638075
-0.03669563
-0.03702161
-0.03735584
-0.03769397
-0.03803158
-0.0383659
-0.03869625
-0.03902344
-0.0393464
-0.03960271
-0.03962703
-0.03929169
-0.03861061
-0.03769687
-0.03669276
-0.03561476
-0.03433601
-0.03275422
-0.03087572
-0.02878874
-0.02660746
-0.02442563
-0.02229399
-0.02021968
-0.01818091
-0.01614528
-0.01408742
-0.01199426
-0.009867134
-0.007717259
-0.005559524
-0.003406296
-0.001264687
0.0008645051
0.002983839
0.005098874
0.00721426
0.009333643
0.0114574
0.01358527
0.01571488
0.01784541
0.01997277
0.02206581
0.02397713
0.02556103
0.02680779
0.02781149
0.02871073
0.02962149
0.0306094
0.03168349
0.03281577
0.03396149
0.03508343
0.03616064
0.03719312
0.03819323
0.03917968
0.04016953
0.04117378
0.04219438
0.04322839
0.04426883
0.04531007
0.04634648
0.04736922
0.04834406
0.04923905
0.05005391
0.05081293
0.05154901
0.05229003
0.05305036
0.05383132
0.05462557
0.05542247
0.05621289
0.05699246
0.05776102
0.05852226
0.05928045
0.06003979
0.06080271
0.06156983
0.06233977
0.06311133
0.06388271
0.06465363
0.06542253
0.06618992
0.06695691
0.06772385
0.06849078
0.06925703
0.06999025
0.07064226
0.07119508
0.0716652
0.07208988
0.07250421
0.0728947
0.0731682
0.07324278
0.07311514
0.07284252
0.07250569
0.07217333
0.07188281
0.07163997
0.07142846
0.07122427
0.07100513
0.07074335
0.07036244
0.06979425
0.06904414
0.06816989
0.06724932
0.06634378
0.065486
0.0646759
0.063896
0.06312108
0.0623306
0.06151385
0.0606721
0.05981301
0.0589482
0.05808583
0.0572323
0.05638782
0.05555095
0.05471674
0.05388045
0.05297877
0.05193605
0.05073781
0.0494213
0.04804867
0.04667469
0.04533339
0.04403214
0.04276057
0.04149859
0.04022845
0.03893828
0.03760411
0.03612597
0.03440796
0.03245112
0.03032673
0.02813531
0.02595693
0.02383791
0.02178068
0.0197635
0.01775261
0.01572303
0.01365934
0.01156426
0.009444943
0.007318966
0.005202804
0.003299
0.001850431
0.0009008648
0.0003321524
-5.602683e-05
-0.0004411621
-0.0009322118
-0.001552767
-0.00226845
-0.003014718
-0.00373443
-0.004391776
-0.004982429
-0.005521805
-0.006037577
-0.006554527
-0.007090882
-0.007650991
-0.008232213
-0.008824001
-0.009418284
-0.0100127
-0.01074891
-0.01189962
-0.01362
-0.01585306
-0.0184035
-0.02104998
-0.0236284
-0.02606726
-0.02837709
-0.0306192
-0.03286409
-0.03516519
-0.03754239
-0.03998521
-0.0423862
-0.04461387
-0.04662386
-0.04845136
-0.05017757
-0.05188315
-0.05362401
-0.05542055
-0.05726402
-0.05912505
-0.06084969
-0.06222831
-0.06318616
-0.06379244
-0.06420571
-0.06458173
-0.06503079
-0.06558813
-0.06623641
-0.06692518
-0.06760477
-0.06823759
-0.06881532
-0.06934445
-0.06984444
-0.07021688
-0.07030426
-0.07004761
-0.06950889
-0.06881445
-0.06809325
-0.0674281
-0.06684585
-0.06623984
-0.06546103
-0.0644473
-0.06322408
-0.0618717
-0.06047921
-0.05911236
-0.05780195
-0.05654392
-0.05531699
-0.05409661
-0.05296973
-0.05206107
-0.05139826
-0.05092794
-0.05055323
-0.0501865
-0.04977255
-0.04929879
-0.04878036
-0.0482479
-0.04772873
-0.04724016
-0.04678434
-0.04635363
-0.0459343
-0.04551452
-0.04508531
-0.04464448
-0.04419323
-0.04373737
-0.04329748
-0.04295227
-0.04277776
-0.04277911
-0.04290708
-0.04308933
-0.04326535
-0.0434006
-0.04349085
-0.04355011
-0.04360214
-0.04366614
-0.04375176
-0.04381301
-0.04377545
-0.0436039
-0.04331388
-0.04295167
-0.04256887
-0.04220278
-0.04186873
-0.04156333
-0.04127276
-0.04098077
-0.04067611
-0.04035369
-0.04001646
-0.03967102
-0.03934508
-0.03907419
-0.03887274
-0.03872943
-0.03861936
-0.03851564
-0.03840113
-0.0382684
-0.03812085
-0.03796529
-0.03781179
-0.03766459
-0.03752308
-0.03727818
-0.03679375
-0.03604073
-0.03507857
-0.03401357
-0.0329419
-0.03192436
-0.03097564
-0.03007816
-0.02919862
-0.02830624
-0.02738129
-0.02642049
-0.02543193
-0.02443011
-0.02342907
-0.02244861
-0.02154058
-0.02075166
-0.02007994
-0.01948977
-0.01893152
-0.01836548
-0.01776954
-0.01714224
-0.0164949
-0.01584407
-0.01520233
-0.0145769
-0.0139674
-0.01336934
-0.01277537
-0.01217967
-0.01157873
-0.01097206
-0.01036067
-0.009747071
-0.009133527
-0.008521684
-0.007911994
-0.007303265
-0.006685397
-0.006010678
-0.005231434
-0.004344449
-0.00337919
-0.00238021
-0.001384287
-0.0004130087
0.0005306683
0.001455351
0.002375684
0.003303288
0.004245184
0.005201283
0.006168103
0.007139223
0.008109276
0.009074565
0.01003484
0.01099071
0.01194453
0.01289796
0.01385312
0.01481015
0.01576895
0.01672837
0.01768829
0.0186476
0.01960654
0.02056458
0.0215225
0.02248021
0.02343791
0.0243956
0.02535391
0.02631201
0.02727046
0.02822858
0.02918718
0.0301454
0.03110374
0.03206155
0.03301996
0.0339778
0.03493648
0.03589427
0.03684899
0.03769876
0.03829387
0.0385793
0.03860776
0.03849429
0.0383542
0.03826567
0.03825553
0.03830933
0.03839082
0.0384628
0.0385005
0.03849721
0.03848267
0.03850039
0.03857218
0.03869666
0.03885612
0.0390299
0.0392001
0.03935821
0.03950312
0.03963982
0.03977458
0.039912
0.04003431
0.04008881
0.04003274
0.03986816
0.0396287
0.03935975
0.0390975
0.0388611
0.03865156
0.0384592
0.03826926
0.03807058
0.03785702
0.03762941
0.0373918
0.03715068
0.03691089
0.03667624
0.03644662
0.03622005
0.03595798
0.03559134
0.03508085
0.03444115
0.0337213
0.03297795
0.03225166
0.03156129
0.03090311
0.03026295
0.02962166
0.02896717
0.02829096
0.02755575
0.02657892
0.02518133
0.02335587
0.02122547
0.01896664
0.016726
0.01458579
0.01255523
0.01059676
0.008653497
0.006678225
0.004645233
0.002554516
0.0004227472
-0.001724958
-0.003867506
-0.005991655
-0.008094739
-0.01018088
-0.01225877
-0.01433668
-0.01642065
-0.01851164
-0.02060947
-0.02271097
-0.02481331
-0.0269137
-0.02901157
-0.0311069
-0.03320085
-0.03529395
-0.03738787
-0.03947886
-0.04147807
-0.04315026
-0.04431602
-0.04499439
-0.04534535
-0.0455737
-0.04584212
-0.04623281
-0.04674443
-0.04726053
-0.04753851
-0.0473908
-0.04680663
-0.04591026
-0.04487861
-0.04386263
-0.04294808
-0.0421493
-0.04143114
-0.04073766
-0.04001926
-0.03924765
-0.03841993
-0.03755048
-0.03666273
-0.03577795
-0.03491069
-0.0340826
-0.03332396
-0.03264537
-0.03203187
-0.03145248
-0.03087755
-0.03028692
-0.02967511
-0.02904527
-0.02839249
-0.02765555
-0.02677074
-0.02573442
-0.0245898
-0.02339916
-0.0222144
-0.02106402
-0.01995116
-0.01886266
-0.01777884
-0.01668297
-0.01556639
-0.0144294
-0.01327821
-0.01212142
-0.01096633
-0.009818061
-0.008677517
-0.007542794
-0.006410898
-0.005278938
-0.004144967
-0.003008232
-0.001869025
-0.0007286353
0.0004119554
0.001551958
0.002689631
0.003788523
0.004780305
0.005627424
0.006345285
0.006983806
0.007599114
0.008232723
0.008902098
0.009604119
0.01032299
0.01104081
0.01174418
0.01242799
0.01309431
0.01375031
0.0144037
0.01506072
0.01572427
0.01639469
0.01706977
0.01774637
0.01842209
0.01909561
0.01976671
0.02043529
0.0210885
0.02166354
0.02209669
0.02238404
0.02256571
0.02270221
0.02284307
0.02301768
0.0232292
0.0234665
0.02370906
0.02394182
0.02415431
0.02434819
0.02452685
0.02469609
0.02474368
0.02452734
0.02401949
0.023288
0.02244889
0.02160584
0.02082291
0.02011451
0.01946038
0.01882364
0.01817061
0.01748107
0.01675253
0.01599437
0.01522246
0.01445159
0.01369164
0.01294585
0.01221195
0.01148493
0.01075877
0.01002957
0.009296873
0.00860463
0.00801924
0.007566383
0.007225202
0.006946783
0.00668175
0.006395658
0.006076436
0.005729336
0.005369808
0.005013617
0.004671827
0.004347699
0.004038493
0.003737399
0.00343759
0.003133766
0.002823807
0.002508038
0.002188617
0.001868092
0.001548635
0.001231241
0.0009160193
0.0006023374
0.0002892464
-2.395886e-05
-0.0003379591
-0.0006526664
-0.0009662518
-0.001232187
-0.001363369
-0.001311345
-0.00109516
-0.0007780947
-0.0004311637
-0.0001069964
0.0001719436
0.0004095021
0.0006255174
0.0008426852
0.001078015
0.001338001
0.001620078
0.001915306
0.002213993
0.00250977
0.002841355
0.003288571
0.003898479
0.004657117
0.005509345
0.006391599
0.007255975
0.008081212
0.008869482
0.009638002
0.01040659
0.01119108
0.01199708
0.01282306
0.01366082
0.01450069
0.01529421
0.01598711
0.01656912
0.01706691
0.01752428
0.01798122
0.01846167
0.01897205
0.01950349
0.02003888
0.02046485
0.02064802
0.02056381
0.02027337
0.01988479
0.01949236
0.01915507
0.01883538
0.01845294
0.01796098
0.01735828
0.01667557
0.01595564
0.0152341
0.01453263
0.0138554
0.01319647
0.01254314
0.0118855
0.01121631
0.01053599
0.009845935
0.009152702
0.00846304
0.007878922
0.007523314
0.007418915
0.007506818
0.007686482
0.007868503
0.007997412
0.008061234
0.008077122
0.008077605
0.008091127
0.00813612
0.008213892
0.008299607
0.008298712
0.008118708
0.007745129
0.007226519
0.006639802
0.006053361
0.005508136
0.005012694
0.004553201
0.004105254
0.003646966
0.003165153
0.002657954
0.002131545
0.001597697
0.001097522
0.0007206619
0.0005327062
0.0005253826
0.0006382675
0.0007949417
0.0009352474
0.001028916
0.001075715
0.001094203
0.001109141
0.001140041
0.001196445
0.001277053
0.001373944
0.001476311
0.001575492
0.001666172
0.001747992
0.001822406
0.001882635
0.001881615
0.001771849
0.001550392
0.001248584
0.000912242
0.0005797546
0.0002727791
-6.842465e-06
-0.0002903317
-0.0006492827
-0.001139681
-0.001763489
-0.002481895
-0.003240514
-0.00399366
-0.004715699
-0.005403081
-0.006066627
-0.006723865
-0.007389301
-0.008071698
-0.008771025
-0.009483353
-0.01020053
-0.0109141
-0.01154635
-0.01200524
-0.01227474
-0.01239987
-0.01245688
-0.01251297
-0.01260982
-0.01275603
-0.01293838
-0.01313238
-0.01331628
-0.01347649
-0.01361129
-0.0137266
-0.01383301
-0.01393998
-0.01405417
-0.01417754
-0.01430874
-0.01444427
-0.01457972
-0.0146975
-0.01472831
-0.01460374
-0.01432064
-0.01392357
-0.01347827
-0.01303881
-0.01263652
-0.01227483
-0.0119407
-0.0116125
-0.0112735
-0.01091118
-0.01047768
-0.009851403
-0.008944865
-0.007775814
-0.006436625
-0.005038711
-0.003669349
-0.002369109
-0.001136279
5.865155e-05
0.001251313
0.002470372
0.003727697
0.005021132
0.006336948
0.007660182
0.008977138
0.01028189
0.0115726
0.01285432
0.01413126
0.01541028
0.01669216
0.01797545
0.01914285
0.02004935
0.0206653
0.02105697
0.02133955
0.02161677
0.02195328
0.02236442
0.02283107
0.02331638
0.02378699
0.02422216
0.0246187
0.02498524
0.02533746
0.02569038
0.02605396
0.02643141
0.02682077
0.02721693
0.02761441
0.02800877
0.02839826
0.02878315
0.02916508
0.02954603
0.02992628
0.03027218
0.0304927
0.03051729
0.03035275
0.03006088
0.02972105
0.02939617
0.02911849
0.02888884
0.02868831
0.02849112
0.02827714
0.02803659
0.02777076
0.02748798
0.02719942
0.02691432
0.02663806
0.02637105
0.02611112
0.02585446
0.0255974
0.02533759
0.02507453
0.02480863
0.02454126
0.02427346
0.02400647
0.02374065
0.02347603
0.02321192
0.02294821
0.02268375
0.02240784
0.02207027
0.02162188
0.02105941
0.02041449
0.01973401
0.01905728
0.01840681
0.01778559
0.01718392
0.01658703
0.01598225
0.01536233
0.01472702
0.01408066
0.0134298
0.01278012
0.0121349
0.01149556
0.0108608
0.01022834
0.009597267
0.009001448
0.008485085
0.008056289
0.007695564
0.007367461
0.007041441
0.006697013
0.006330656
0.005947188
0.00555905
0.00517475
0.004798985
0.00435955
0.003763726
0.002988922
0.002073347
0.001086695
9.35317e-05
-0.0008654113
-0.001779181
-0.002658608
-0.003525512
-0.00440076
-0.005297117
-0.006217251
-0.007155722
-0.008103403
-0.009051125
-0.00999238
-0.01092497
-0.0118504
-0.0127715
-0.01369194
-0.01461399
-0.01553933
-0.01646567
-0.01735381
-0.01810132
-0.01863027
-0.01894799
-0.01912391
-0.01924621
-0.01938597
-0.01957819
-0.01982434
-0.02010248
-0.02038258
-0.02057274
-0.02056024
-0.02030893
-0.0198641
-0.01931634
-0.01875425
-0.0182369
-0.01778337
-0.0173812
-0.0170015
-0.01661476
-0.01620184
-0.01575648
-0.01528501
-0.01481389
-0.01442079
-0.01418013
-0.01410011
-0.01413854
-0.01423002
-0.01431867
-0.0143711
-0.01438158
-0.01436221
-0.0143341
-0.01431532
-0.01431676
-0.01433936
-0.01437794
-0.01442341
-0.01446803
-0.0145062
-0.01453676
-0.01456084
-0.0145816
-0.01460183
-0.01462407
-0.01464895
-0.01467646
-0.0147053
-0.01473455
-0.01476319
-0.01479152
-0.01482936
-0.01490348
-0.01503412
-0.01521986
-0.01544263
-0.01567959
-0.0159122
-0.01613126
-0.01633634
-0.01653305
-0.01672836
-0.01692855
-0.01713631
-0.01735157
-0.01757169
-0.01779367
-0.01801469
-0.01823327
-0.01844892
-0.01866261
-0.01887527
-0.01908798
-0.01930134
-0.0195158
-0.01973114
-0.01994707
-0.02016296
-0.02037875
-0.0205941
-0.02080918
-0.02102396
-0.02123836
-0.02144293
-0.02161267
-0.02172808
-0.02179171
-0.02182021
-0.02183583
-0.02185548
-0.02188855
-0.02193466
-0.02198895
-0.02204373
-0.02209426
-0.02213712
-0.02217181
-0.02215997
-0.02205477
-0.02184904
-0.02156786
-0.02125174
-0.0209363
-0.02064271
-0.0203751
-0.02012595
-0.01988225
-0.0196324
-0.01936953
-0.01909294
-0.01880621
-0.01851493
-0.01822435
-0.01793781
-0.01765623
-0.01737878
-0.01710335
-0.01682824
-0.01655203
-0.01627405
-0.01599437
-0.01571365
-0.01543277
-0.01515229
-0.01487232
-0.01459299
-0.01431396
-0.01403531
-0.01375639
-0.01347746
-0.01319999
-0.01297182
-0.01286416
-0.01290294
-0.01306368
-0.01329149
-0.01353217
-0.0137482
-0.01392749
-0.01407622
-0.01421195
-0.01435195
-0.01450853
-0.01468453
-0.0148771
-0.01507817
-0.01528064
-0.01547832
-0.01566925
-0.01585343
-0.01603362
-0.01619464
-0.01629546
-0.01630177
-0.01621913
-0.01607529
-0.01590602
-0.0156399
-0.01516783
-0.01446551
-0.01358267
-0.01260764
-0.01162112
-0.01067413
-0.009780173
-0.008926066
-0.008085272
-0.007232683
-0.006353277
-0.005444274
-0.004512963
-0.00357071
-0.002629181
-0.001695462
-0.0007728498
0.0001413282
0.001049799
0.001954756
0.002776363
0.003413372
0.003846045
0.004120883
0.004319564
0.004514817
0.00475212
0.005041603
0.005369623
0.005710179
0.006039958
0.006344409
0.006621112
0.006867657
0.007054664
0.007151672
0.007163252
0.007117207
0.00705067
0.006991483
0.006954583
0.006939094
0.006936445
0.006934072
0.006923402
0.006899536
0.006864387
0.006828797
0.0068327
0.00691386
0.007077434
0.007301611
0.007553642
0.00780444
0.00803735
0.008248652
0.008445085
0.008636827
0.008833531
0.009040303
0.009258046
0.0094838
0.009713438
0.009942405
0.01016831
0.01039005
0.01060857
0.01082511
0.01104175
0.01125938
0.01147863
0.01169889
0.01191999
0.01214104
0.01236193
0.01258208
0.01280214
0.01302185
0.01324059
0.01342892
0.01353264
0.013521
0.01340641
0.01322827
0.01303182
0.01284964
0.01269613
0.01256816
0.01245397
0.01233847
0.0122119
0.01206938
0.01191387
0.01174946
0.01158059
0.01133812
0.01093314
0.01034804
0.009624171
0.008833238
0.008039283
0.007282195
0.006570768
0.005893069
0.005226137
0.004549538
0.003850478
0.003127351
0.002385718
0.001635661
0.000886036
0.0001433789
-0.0005906803
-0.001317195
-0.002039813
-0.002761614
-0.003485577
-0.00421244
-0.004942437
-0.005673915
-0.006406194
-0.007137641
-0.007868377
-0.008597602
-0.009326526
-0.01005466
-0.01078364
-0.01151211
-0.01223818
-0.0128729
-0.01330637
-0.01351748
-0.0135575
-0.01351525
-0.01346987
-0.01347076
-0.01352888
-0.01362919
-0.01374326
-0.01384571
-0.01392053
-0.01396575
-0.01398809
-0.01399994
-0.01401214
-0.01403294
-0.01406493
-0.01412354
-0.01422891
-0.01438625
-0.01458322
-0.01479989
-0.01501744
-0.01522461
-0.01541808
-0.01560176
-0.01578183
-0.01596498
-0.01615436
-0.01634999
-0.01651572
-0.01659801
-0.01657523
-0.01646341
-0.01630103
-0.01612748
-0.01597001
-0.01583889
-0.01573009
-0.0156315
-0.01553048
-0.01541824
-0.01529228
-0.01515265
-0.01495807
-0.01459223
-0.01396593
-0.01309092
-0.01205024
-0.01094912
-0.009869925
-0.008853676
-0.00789986
-0.006983229
-0.006069901
-0.00513344
-0.004161301
-0.003155827
-0.00212835
-0.001094784
-9.326294e-05
0.0008001757
0.001532057
0.002111307
0.002590388
0.003034261
0.00349375
0.003993833
0.004534154
0.005098144
0.005664833
0.006217567
0.006748521
0.007258784
0.007755418
0.008247541
0.008742678
0.009244866
0.009754769
0.01027055
0.01078877
0.01130553
0.01179092
0.01219184
0.01247957
0.01266645
0.01279212
0.01290048
0.01302376
0.01317542
0.01335268
0.01354302
0.01373244
0.01391045
0.01407316
0.0142222
0.01436322
0.01450228
0.01464435
0.01479161
0.01494402
0.01509974
0.01525694
0.01541338
0.01556812
0.01572086
0.01587233
0.01602309
0.01617393
0.01632516
0.01647844
0.01666213
0.01695151
0.01740407
0.01801352
0.01872827
0.01948211
0.02022265
0.0209237
0.02158475
0.02222187
0.02285629
0.02350495
0.02417594
0.02486798
0.02557383
0.0262842
0.02699176
0.02769193
0.02838279
0.02902413
0.0295563
0.0299593
0.03025672
0.03049778
0.03072976
0.03098485
0.03127251
0.03158674
0.03191128
0.03223137
0.03253509
0.03280067
0.03293826
0.03286281
0.03257453
0.03213727
0.03163986
0.03115457
0.03072116
0.03034311
0.03000052
0.0296643
0.02930857
0.02885902
0.02819925
0.02727303
0.02611848
0.02483172
0.02351441
0.02223842
0.0210314
0.01988395
0.01876509
0.01764163
0.01648998
0.01530219
0.01408269
0.0128452
0.01160371
0.01037015
0.009148645
0.007939707
0.006740751
0.005608573
0.004615112
0.003772727
0.003045125
0.002371638
0.00169874
0.0009935889
0.0002500844
-0.0005210886
-0.001300602
-0.002071255
-0.002822687
-0.003553715
-0.00426946
-0.004978392
-0.005687973
-0.006403418
-0.007126258
-0.007855335
-0.008587687
-0.009320445
-0.01005152
-0.01078017
-0.01150623
-0.01223074
-0.01295492
-0.01367952
-0.01440498
-0.01513137
-0.01585863
-0.0165861
-0.01731339
-0.01804031
-0.01876509
-0.01944071
-0.01997894
-0.02033086
-0.0205163
-0.02059951
-0.02065239
-0.02072852
-0.02085056
-0.0210147
-0.02120059
-0.02138522
-0.02155131
-0.02169229
-0.02181111
-0.02192625
-0.02205953
-0.02222109
-0.02240932
-0.02261492
-0.02282685
-0.02303601
-0.02323787
-0.0234325
-0.02362243
-0.02381112
-0.02400168
-0.02419478
-0.02437213
-0.02448424
-0.02449268
-0.02440025
-0.02423925
-0.0240518
-0.02387171
-0.0237164
-0.02358683
-0.02347275
-0.02336074
-0.02324036
-0.0231059
-0.02295805
-0.02280105
-0.02264093
-0.02248251
-0.02232863
-0.02217973
-0.02203473
-0.02189142
-0.02174791
-0.02160296
-0.02145529
-0.02128164
-0.02102091
-0.02062687
-0.02010531
-0.01949832
-0.01885987
-0.01823229
-0.01763704
-0.01707413
-0.01653055
-0.015989
-0.01543597
-0.01486475
-0.01427644
-0.01367677
-0.01307337
-0.01247233
-0.01187714
-0.01128833
-0.0107045
-0.01012263
-0.009540541
-0.008956429
-0.00837014
-0.007781771
-0.007192473
-0.006602982
-0.006014292
-0.005426257
-0.004839142
-0.004252269
-0.003665764
-0.00307879
-0.00249199
-0.001913341
-0.001381338
-0.0009335212
-0.00057295
-0.0002752573
-5.04476e-06
0.0002680656
0.0005609601
0.0008762238
0.001206325
0.001540205
0.001867873
0.002184208
0.00248871
0.002785049
0.003077874
0.003371619
0.003668741
0.003969063
0.004238591
0.004414228
0.004459696
0.004387773
0.004242673
0.004075247
0.003922985
0.003802892
0.003712248
0.003637624
0.003562372
0.003474886
0.003369684
0.003249119
0.003118452
0.002985726
0.002858233
0.002805478
0.00292561
0.003253074
0.003750795
0.004340875
0.004946452
0.005516009
0.006032561
0.006506299
0.006961885
0.007424361
0.007910299
0.008424178
0.008960915
0.009510007
0.0100604
0.01060418
0.01113782
0.01166264
0.01218182
0.0126987
0.01319039
0.01362611
0.01399961
0.01432499
0.01462697
0.01492774
0.01524104
0.01556984
0.01591015
0.01625411
0.01659465
0.01692743
0.01725172
0.0175696
0.01788448
0.01819964
0.01851725
0.01883804
0.0191614
0.01948626
0.01981121
0.02013567
0.02045893
0.02078105
0.02110251
0.02142397
0.02174494
0.02205378
0.02229447
0.02241139
0.02240039
0.02229685
0.02215324
0.02201362
0.02190313
0.02182531
0.02176954
0.02171909
0.0216597
0.02158336
0.02149002
0.02138434
0.0212736
0.02116409
0.02105995
0.02096213
0.02086931
0.020779
0.02068888
0.02059711
0.02050308
0.02040705
0.02030989
0.02021256
0.02011558
0.02001933
0.01992394
0.01982907
0.01973429
0.01963942
0.01954424
0.01944892
0.01935319
0.01925754
0.01916179
0.01906504
0.01893555
0.01873387
0.01845243
0.0181095
0.01773689
0.01736296
0.0170059
0.01666928
0.01634792
0.01603145
0.015711
0.01538044
0.01503925
0.01469077
0.0143693
0.01412247
0.01396915
0.01389489
0.01386549
0.01384586
0.01381133
0.01375314
0.01367498
0.01358728
0.01350129
0.01342509
0.01336138
0.01330836
0.01326126
0.01321534
0.01316678
0.0131138
0.01305641
0.01299654
0.01293825
0.01289426
0.01287578
0.01288396
0.01291117
0.01294665
0.01298099
0.01300926
0.01303044
0.01304706
0.01306219
0.01307937
0.01309975
0.01312403
0.01315052
0.01317873
0.01320611
0.0132291
0.01315091
0.01283
0.0122147
0.01135512
0.01036133
0.009342638
0.008373527
0.007478767
0.006644896
0.005837139
0.00502042
0.004170629
0.003281241
0.002359127
0.001419553
0.0004776973
-0.0004549918
-0.001373721
-0.002279498
-0.003177476
-0.004073196
-0.004971387
-0.005874221
-0.006782018
-0.007693224
-0.008605633
-0.009517521
-0.01042788
-0.01133658
-0.01224378
-0.01315038
-0.0140563
-0.0149457
-0.01574185
-0.01636907
-0.01682194
-0.01714858
-0.01742044
-0.01769749
-0.01801442
-0.01837592
-0.01876759
-0.0191663
-0.0195529
-0.01991639
-0.02025669
-0.02058016
-0.02089691
-0.02121521
-0.02154072
-0.02187477
-0.02221592
-0.02256039
-0.022905
-0.02324731
-0.02358672
-0.02392355
-0.02425869
-0.02459156
-0.02487762
-0.02503098
-0.02500394
-0.0248148
-0.02452623
-0.02420778
-0.02391165
-0.0236599
-0.02344896
-0.02325912
-0.02306818
-0.02285917
-0.02262596
-0.02237082
-0.02210284
-0.02183142
-0.02156467
-0.021306
-0.02105583
-0.02081104
-0.02056864
-0.02032489
-0.02007872
-0.01982926
-0.01957783
-0.01932482
-0.01907283
-0.01883702
-0.01868732
-0.01869176
-0.018855
-0.01913243
-0.01945915
-0.01978018
-0.02006482
-0.02030868
-0.02052532
-0.02073524
-0.02095631
-0.02119856
-0.0214622
-0.02174
-0.02199366
-0.02216021
-0.02220415
-0.02213614
-0.02199795
-0.02183766
-0.02169164
-0.02157618
-0.02148979
-0.02141949
-0.02134998
-0.02126912
-0.02117223
-0.02106059
-0.02093969
-0.02081584
-0.02069458
-0.02057855
-0.02046828
-0.02036177
-0.0202571
-0.02015187
-0.02004509
-0.01993618
-0.01982464
-0.01967734
-0.01943218
-0.01905421
-0.018558
-0.01798937
-0.01739962
-0.01682639
-0.01628597
-0.01577523
-0.01527993
-0.0147834
-0.01427372
-0.01374614
-0.01320274
-0.01264972
-0.01209441
-0.01154239
-0.01099648
-0.01045652
-0.009920814
-0.00938687
-0.008855817
-0.008342498
-0.007862867
-0.007418522
-0.007000203
-0.006593407
-0.006186204
-0.005771365
-0.005347799
-0.004918115
-0.004487057
-0.004058338
-0.003634282
-0.003214541
-0.002798551
-0.002383997
-0.001969148
-0.001552753
-0.001134706
-0.0007152109
-0.0002950737
0.0001252785
0.0005450363
0.0009641992
0.001382755
0.001801104
0.002219273
0.002637597
0.003056853
0.003495678
0.00400194
0.00461287
0.00532427
0.006103256
0.006907232
0.007702909
0.008473249
0.009218265
0.009947691
0.01067549
0.01141227
0.01216327
0.01292758
0.01370096
0.01447725
0.01525197
0.0160217
0.01678649
0.01754739
0.01830685
0.01906642
0.01982771
0.02059062
0.02135526
0.02212036
0.0228857
0.02365037
0.02441469
0.02517825
0.02594174
0.02670491
0.02746852
0.02823178
0.02899567
0.02975923
0.03052346
0.03128704
0.03205144
0.03281493
0.03357426
0.03420663
0.03453116
0.03448104
0.03411978
0.03358686
0.03302173
0.03251939
0.0321115
0.0317809
0.03148381
0.03117533
0.03082514
0.03042454
0.02998231
0.02951776
0.02905041
0.02859475
0.02815662
0.02773475
0.02732291
0.02691412
0.02650223
0.02608445
0.02566019
0.02523176
0.02480171
0.02437243
0.02394553
0.02353691
0.0231688
0.02284874
0.02256764
0.02230738
0.02205031
0.02178469
0.0215068
0.02121917
0.02092759
0.02063784
0.02035343
0.02007554
0.01980303
0.01953323
0.01926363
0.01899244
0.01871901
0.01844351
0.01816669
0.01788956
0.01761279
0.01733677
0.01706149
0.01678684
0.01651245
0.01623806
0.01596327
0.01568828
0.01541307
0.01513777
0.01486236
0.01458712
0.01431191
0.01403609
0.01373947
0.01339696
0.01300383
0.01257159
0.01212054
0.01166872
0.01122751
0.01079934
0.01038069
0.009965176
0.009547275
0.009122935
0.008691884
0.008255478
0.007816788
0.007378101
0.006941369
0.006507021
0.006074972
0.005643913
0.005213152
0.004781714
0.004349578
0.003916444
0.003482847
0.003049039
0.002615599
0.002182246
0.001749365
0.001316493
0.0008839433
0.0004511085
1.832937e-05
-0.0004147283
-0.0008475702
-0.001280783
-0.001713666
-0.002146901
-0.002579628
-0.003012898
-0.003445716
-0.00387668
-0.004249326
-0.004494274
-0.004597961
-0.004593208
-0.00453622
-0.004477418
-0.004447965
-0.004454862
-0.004488474
-0.004530908
-0.004565872
-0.004583419
-0.004581978
-0.004566115
-0.004543534
-0.004521288
-0.004504318
-0.004494213
-0.004489911
-0.004488831
-0.004488257
-0.004486182
-0.004481734
-0.004475011
-0.004466834
-0.004458278
-0.004450125
-0.004442795
-0.004436271
-0.004430428
-0.004424905
-0.004419169
-0.004413097
-0.004406801
-0.004400187
-0.004393542
-0.004387676
-0.004404389
-0.004484315
-0.00464998
-0.004892368
-0.005181929
-0.00548533
-0.005778074
-0.006049573
-0.006301806
-0.006544009
-0.006786769
-0.007037957
-0.007300792
-0.007573858
-0.0078532
-0.008134011
-0.008412825
-0.008687691
-0.008958635
-0.009226724
-0.00949391
-0.009761367
-0.01003045
-0.01030093
-0.01057288
-0.01084685
-0.01116418
-0.01158724
-0.01213892
-0.01279772
-0.01351552
-0.01424461
-0.01495226
-0.01562759
-0.01627607
-0.01691319
-0.01755411
-0.01820956
-0.01888218
-0.01956925
-0.02026397
-0.02095988
-0.02165137
-0.02233711
-0.02301696
-0.02369369
-0.02436897
-0.02504586
-0.02572431
-0.0264026
-0.02700776
-0.02744965
-0.02771035
-0.02783129
-0.02788472
-0.02793506
-0.02802295
-0.0281573
-0.02832607
-0.0285064
-0.02867737
-0.02882605
-0.0289506
-0.02905646
-0.02915366
-0.0292512
-0.0293556
-0.02946866
-0.02958924
-0.02971387
-0.02983936
-0.02996279
-0.03008331
-0.03020077
-0.0303165
-0.03043162
-0.03054729
-0.03066388
-0.03078175
-0.03090028
-0.03101925
-0.03113794
-0.03125645
-0.03137449
-0.03149228
-0.03160964
-0.03172718
-0.03184481
-0.0319629
-0.03208078
-0.03219878
-0.03231692
-0.03243505
-0.03255292
-0.03267083
-0.03278754
-0.03287371
-0.03287322
-0.0327557
-0.03253313
-0.03224627
-0.03194002
-0.03164855
-0.0313859
-0.03115007
-0.0309274
-0.03070436
-0.03046943
-0.0302192
-0.02995418
-0.02967876
-0.02933588
-0.02885266
-0.02821594
-0.02746279
-0.02665474
-0.02584606
-0.02506971
-0.02433259
-0.02362355
-0.02292287
-0.02221255
-0.02148284
-0.02073264
-0.01996699
-0.01919439
-0.0184225
-0.01765651
-0.01689799
-0.01614564
-0.01539685
-0.01464871
-0.01389884
-0.01314616
-0.01239088
-0.01163408
-0.01087692
-0.01012011
-0.009364413
-0.00860978
-0.007855753
-0.007101885
-0.006347913
-0.005593653
-0.004839019
-0.00408398
-0.003328964
-0.002574017
-0.001819162
-0.001064379
-0.0003097538
0.0004448261
0.001199394
0.001954284
0.002708904
0.003463542
0.004218176
0.004972926
0.005727584
0.006482305
0.007236971
0.007991819
0.008746411
0.009501114
0.01025565
0.01100913
0.0117294
0.01235657
0.01285723
0.01324479
0.01356253
0.01385965
0.01417242
0.01451654
0.01488914
0.01527674
0.01566349
0.01603788
0.01639486
0.01673671
0.01706929
0.01739978
0.01773325
0.01807272
0.01841856
0.01878319
0.01918119
0.0196144
0.02007315
0.02054311
0.02101172
0.02147224
0.0219236
0.02236887
0.02281251
0.02325884
0.02370994
0.02416604
0.02462541
0.0250863
0.02554678
0.02600586
0.02646282
0.02691866
0.02737365
0.02782892
0.02828424
0.02874049
0.02919702
0.02965421
0.03011087
0.03056811
0.03102459
0.03147861
0.03185672
0.03206871
0.03209731
0.03198501
0.03180477
0.03162243
0.03147809
0.03138117
0.03131871
0.03126796
0.03120724
0.03112118
0.03093804
0.03055995
0.02995918
0.02918092
0.0283116
0.02743246
0.0265969
0.02581926
0.0250869
0.02437139
0.02364653
0.02289451
0.02211223
0.02130531
0.02048645
0.01966649
0.01885489
0.01805359
0.01726266
0.0164792
0.01576479
0.01519668
0.01478904
0.01450357
0.01427648
0.01405085
0.0137917
0.01349139
0.01316135
0.01282207
0.0124919
0.01218181
0.01189345
0.01162139
0.01135676
0.01109143
0.01081997
0.01054076
0.01025495
0.00996548
0.009675512
0.009387435
0.009102033
0.00881919
0.008537902
0.008257115
0.007975834
0.007693562
0.007410357
0.007126514
0.00684236
0.006558308
0.006274549
0.0059912
0.005708112
0.005425048
0.005142037
0.004859019
0.004575792
0.004292469
0.004009066
0.003725676
0.00344229
0.003158901
0.002875571
0.002592326
0.002309036
0.002025769
0.001742453
0.001459167
0.00117582
0.0008924121
0.0006090578
0.0003257667
4.241525e-05
-0.000240902
-0.0005242523
-0.0008075535
-0.001090923
-0.001374292
-0.001657671
-0.001940931
-0.002224334
-0.002507629
-0.002791043
-0.00307561
-0.003393753
-0.003806072
-0.004346036
-0.005000376
-0.005725
-0.006470346
-0.00719984
-0.007897768
-0.008566874
-0.009221047
-0.009876077
-0.01054385
-0.01122891
-0.01192922
-0.01263871
-0.01335057
-0.01405922
-0.01476213
-0.01545904
-0.01615218
-0.01684372
-0.01753607
-0.0182301
-0.01892366
-0.0195452
-0.01996061
-0.02009492
-0.01997701
-0.01970369
-0.01938401
-0.01909881
-0.01888306
-0.0187311
-0.0186124
-0.0184919
-0.01834366
-0.01815758
-0.01793781
-0.01769762
-0.01745212
-0.01721348
-0.01698745
-0.0167745
-0.01657049
-0.01636997
-0.01616782
-0.01596143
-0.01575008
-0.0155353
-0.01531875
-0.0151025
-0.01488749
-0.01467429
-0.01446107
-0.01421355
-0.01384153
-0.01327626
-0.01252468
-0.01164818
-0.01072496
-0.009817159
-0.008955919
-0.00814207
-0.007356665
-0.006574804
-0.005776148
-0.00495156
-0.00410201
-0.003236019
-0.002364156
-0.00149589
-0.0006359252
0.0002144678
0.001056454
0.00184943
0.002531423
0.003080741
0.003520939
0.003901939
0.004272677
0.004666236
0.005093165
0.005546916
0.006011585
0.006471562
0.006916177
0.007342868
0.007754843
0.008159276
0.008562896
0.008970926
0.009385119
0.009805244
0.01022864
0.01065326
0.01107658
0.01149574
0.01185285
0.0120406
0.01199971
0.01175499
0.0113856
0.01098022
0.01060382
0.01028415
0.01001577
0.009773939
0.009530163
0.009263563
0.00896599
0.008641109
0.008299752
0.007954426
0.007614777
0.007285637
0.00696696
0.00665542
0.006346475
0.006036314
0.005722645
0.005405143
0.005084635
0.004762829
0.004441075
0.004120523
0.003801252
0.003483324
0.003165822
0.002849118
0.002545666
0.002316538
0.002222471
0.002267837
0.002414118
0.002604115
0.002789837
0.002943751
0.003062099
0.00315636
0.003244965
0.003343211
0.003459903
0.003595174
0.003743965
0.003898154
0.004051062
0.00419803
0.004338292
0.004472907
0.004604907
0.004736603
0.004870249
0.005006166
0.005144422
0.005283745
0.005423576
0.005562658
0.005701144
0.005838484
0.00597563
0.006112183
0.006249323
0.00638621
0.006521769
0.006600201
0.00655302
0.006366785
0.006073733
0.005729181
0.005382684
0.005064984
0.004783138
0.004527599
0.00428073
0.004026571
0.003755273
0.003465352
0.003161123
0.002850251
0.002539774
0.002234491
0.00193593
0.00164308
0.00135342
0.001064259
0.0007735541
0.000480521
0.0001852964
-0.0001113539
-0.0004084327
-0.0007051292
-0.001000993
-0.00129605
-0.001590566
-0.001884776
-0.002179042
-0.002473608
-0.002768452
-0.00306357
-0.003358758
-0.003654042
-0.003949191
-0.004244297
-0.004539205
-0.004834187
-0.005128998
-0.005424038
-0.005718895
-0.006012598
-0.006268254
-0.006431392
-0.006482082
-0.006439359
-0.006345134
-0.006241177
-0.006155992
-0.006099182
-0.006065695
-0.006042208
-0.006015359
-0.00597596
-0.005921449
-0.005854417
-0.005780685
-0.005706114
-0.005635077
-0.00556924
-0.005508518
-0.005454756
-0.00541591
-0.005397818
-0.005398836
-0.005412005
-0.005429115
-0.005443948
-0.005453784
-0.005458896
-0.005461534
-0.005464311
-0.005469221
-0.005477062
-0.005487515
-0.00549955
-0.005512025
-0.00552401
-0.005535009
-0.005545035
-0.005554349
-0.005562877
-0.005556643
-0.005508961
-0.005404951
-0.005250434
-0.005064866
-0.004870074
-0.004682236
-0.004508299
-0.004347018
-0.004192294
-0.00403722
-0.003876525
-0.003708243
-0.003533183
-0.003354049
-0.003173909
-0.002995151
-0.002818962
-0.002645389
-0.002473567
-0.002302428
-0.002130967
-0.001958661
-0.001785767
-0.001621801
-0.001491534
-0.001413997
-0.001387422
-0.001395227
-0.001415983
-0.001432706
-0.001436739
-0.001427811
-0.001411021
-0.001393225
-0.00137989
-0.001373686
-0.001374275
-0.001379417
-0.00138651
-0.001402125
-0.001448675
-0.001544218
-0.001687387
-0.001862963
-0.002051017
-0.002235723
-0.00240893
-0.00257034
-0.00272456
-0.002877973
-0.003035573
-0.003199838
-0.003370409
-0.003545215
-0.003721498
-0.003896939
-0.00407019
-0.00424108
-0.004410191
-0.004578522
-0.004746947
-0.004916074
-0.005086081
-0.005256802
-0.005427879
-0.005598998
-0.00576992
-0.005940516
-0.006110879
-0.006281027
-0.006451224
-0.006621385
-0.006791165
-0.006947632
-0.007071407
-0.007155428
-0.007206328
-0.00723901
-0.007268209
-0.007304038
-0.007349862
-0.007403993
-0.007461641
-0.007518131
-0.007570149
-0.007616878
-0.007659163
-0.007699076
-0.007738626
-0.007779504
-0.007822167
-0.007866619
-0.007912079
-0.007957931
-0.008003415
-0.008048303
-0.008092481
-0.00813629
-0.00817985
-0.008223536
-0.008267353
-0.008311505
-0.008355805
-0.008400195
-0.008444496
-0.00848891
-0.008533087
-0.008577306
-0.008621299
-0.008665517
-0.008709557
-0.00875271
-0.008767007
-0.008711341
-0.008570408
-0.008358692
-0.008107888
-0.007849754
-0.007605824
-0.007383352
-0.007178557
-0.006981459
-0.006781753
-0.006572553
-0.006351861
-0.00612174
-0.005886486
-0.005650561
-0.005417307
-0.00518813
-0.004962616
-0.004739418
-0.004516864
-0.004293649
-0.004069055
-0.003842914
-0.00361588
-0.003388621
-0.003160682
-0.002913985
-0.002599963
-0.002181416
-0.001662077
-0.001074965
-0.0004624863
0.0001417559
0.0007208473
0.001274408
0.001812567
0.002348847
0.002894141
0.003453645
0.004026565
0.004608409
0.005193371
0.005776474
0.006354946
0.006928311
0.007498013
0.008066032
0.008634288
0.009203928
0.009775499
0.01034842
0.01092222
0.01149597
0.01206827
0.01260664
0.01305049
0.01336647
0.01356812
0.0136998
0.01381111
0.01393847
0.01409746
0.0142853
0.0144881
0.01468992
0.01487896
0.01505075
0.01520728
0.01535456
0.01549955
0.01564759
0.01580144
0.01596127
0.01612515
0.01629046
0.0164551
0.01661788
0.01677851
0.01693739
0.01709546
0.01725369
0.01741256
0.01757211
0.01773237
0.01789304
0.01805385
0.01821434
0.01837433
0.01853415
0.01869393
0.01885365
0.01901339
0.01917321
0.01933333
0.01949337
0.01965342
0.0198134
0.01997355
0.02013346
0.0202935
0.0204528
0.02059825
0.02066667
0.02059556
0.02038062
0.02006164
0.01969763
0.01933818
0.01901166
0.01872206
0.01845727
0.01819835
0.01792937
0.01764132
0.01733408
0.01701296
0.01668621
0.01636086
0.01604141
0.01572907
0.01542259
0.01511885
0.01481524
0.01450964
0.01420171
0.01389148
0.01358
0.01326809
0.01295682
0.01264627
0.01233664
0.0120276
0.01171892
0.01141002
0.01110079
0.01079116
0.01048147
0.01017152
0.009861697
0.009551825
0.009242255
0.008932607
0.008623151
0.008313486
0.008004093
0.007694369
0.007383604
0.007040492
0.006619045
0.006102214
0.005506076
0.004866366
0.004218589
0.003586644
0.002978797
0.002390613
0.001810977
0.001228372
0.0006351093
2.904176e-05
-0.000587512
-0.001209849
-0.001832869
-0.002452943
-0.003068477
-0.003679962
-0.004288912
-0.004897074
-0.005505923
-0.006116396
-0.006728372
-0.007341532
-0.007955003
-0.008567344
-0.00914868
-0.009643808
-0.01002237
-0.01029689
-0.01050758
-0.01069954
-0.01090615
-0.01114176
-0.0114037
-0.01167903
-0.01195355
-0.01221655
-0.01246383
-0.01269703
-0.01292188
-0.01314469
-0.01337048
-0.01360136
-0.01383777
-0.01407745
-0.01431042
-0.01449785
-0.01460209
-0.01462042
-0.01457662
-0.01450594
-0.01443818
-0.01439028
-0.01436459
-0.01435382
-0.01434662
-0.01433361
-0.01430935
-0.01427372
-0.01422989
-0.01418272
-0.01413622
-0.01409313
-0.01405414
-0.01401872
-0.01398505
-0.01395152
-0.01391702
-0.01388092
-0.01384329
-0.01380482
-0.0137662
-0.01372808
-0.01369052
-0.01365357
-0.01361686
-0.01358014
-0.01354322
-0.01350622
-0.01346906
-0.013432
-0.01339468
-0.01335733
-0.01331995
-0.01328182
-0.01321881
-0.01308579
-0.01285748
-0.01254396
-0.01217803
-0.01179663
-0.01142697
-0.01108072
-0.01075594
-0.0104425
-0.01012845
-0.009805058
-0.00946862
-0.009120816
-0.008766107
-0.008409665
-0.008055504
-0.00770577
-0.007360341
-0.00701799
-0.006676658
-0.006333779
-0.005959492
-0.005499273
-0.004923322
-0.004244255
-0.003502356
-0.002742287
-0.001997023
-0.001280532
-0.0005902423
8.669919e-05
0.0007644649
0.001453955
0.002158838
0.002877878
0.003604975
0.00433223
0.005000606
0.00552766
0.00588409
0.006099492
0.006237879
0.006362646
0.006516888
0.006714551
0.006948072
0.007196894
0.007440782
0.007665517
0.007867467
0.008050326
0.008223184
0.008394472
0.008571367
0.008755982
0.008947181
0.009112703
0.0092133
0.00923921
0.009206142
0.009143089
0.009077201
0.009025715
0.008993439
0.008975873
0.008963945
0.00894893
0.008925301
0.008891787
0.008850523
0.00880535
0.008760069
0.00871732
0.008678111
0.008641727
0.008599138
0.008534384
0.008438438
0.008313887
0.008171379
0.008023076
0.007878356
0.007741334
0.007611637
0.007485916
0.00736037
0.00723191
0.007099341
0.006962903
0.006824162
0.006684695
0.006545931
0.006408495
0.00627259
0.00613762
0.006003129
0.005868425
0.005733373
0.005597702
0.005461689
0.005325373
0.005189201
0.005053036
0.004917182
0.004781343
0.004645789
0.004510051
0.00437471
0.004247831
0.00416811
0.004173566
0.004267046
0.004424025
0.004608569
0.00479025
0.004951874
0.005090973
0.005214982
0.00533535
0.00546189
0.005599993
0.005749927
0.005908337
0.00606918
0.006203118
0.006241763
0.006134013
0.005886241
0.00554496
0.005169523
0.004806418
0.004479231
0.004188007
0.003918581
0.003651601
0.003372242
0.003072933
0.002755048
0.002424186
0.002081762
0.001701844
0.001255976
0.000742177
0.0001796242
-0.0004040912
-0.000985611
-0.00155221
-0.002102166
-0.002641398
-0.00317856
-0.003721194
-0.004272965
-0.004833967
-0.005401202
-0.00597108
-0.006539986
-0.007105989
-0.007668471
-0.008228487
-0.008787104
-0.009345969
-0.009905474
-0.01046632
-0.01102797
-0.01159049
-0.01215293
-0.01271555
-0.01327732
-0.01383894
-0.01439977
-0.01496126
-0.0155222
-0.01608406
-0.01664518
-0.01720266
-0.01764395
-0.01782985
-0.0177337
-0.01742077
-0.01700363
-0.01658258
-0.01622028
-0.01593055
-0.01569438
-0.0154756
-0.01524198
-0.01497338
-0.01466705
-0.01433167
-0.01398307
-0.01363513
-0.01329796
-0.01297423
-0.0126623
-0.0123565
-0.01205182
-0.01174388
-0.01143146
-0.01111441
-0.01079477
-0.0104741
-0.01015441
-0.009836165
-0.009519754
-0.009204266
-0.008889581
-0.008574437
-0.008259056
-0.007942685
-0.007626219
-0.007310324
-0.007024717
-0.006805439
-0.006659762
-0.006570427
-0.006508362
-0.006447191
-0.006370857
-0.006275492
-0.00616622
-0.006052268
-0.00594229
-0.005841283
-0.005750185
-0.00566654
-0.00558653
-0.005506224
-0.00542323
-0.005336615
-0.005247089
-0.005155799
-0.005064306
-0.004973509
-0.00488407
-0.004795707
-0.00470809
-0.004620646
-0.004533168
-0.004445108
-0.004356749
-0.004267907
-0.004179135
-0.004090181
-0.004001575
-0.003912864
-0.003824653
-0.003736129
-0.003646443
-0.003517489
-0.003302454
-0.002992214
-0.00260883
-0.0021903
-0.001770562
-0.001370578
-0.0009951316
-0.0006376998
-0.0002862226
7.032079e-05
0.0004386311
0.0008196847
0.001210455
0.001605824
0.00200091
0.002392471
0.002779382
0.003162439
0.003543308
0.003923817
0.004305277
0.004687385
0.005043513
0.005323349
0.005498564
0.005579596
0.005602409
0.005607591
0.005625406
0.005668977
0.005736274
0.005816066
0.005895334
0.005964391
0.006019381
0.006061748
0.006096488
0.006129241
0.006164517
0.006204525
0.006249348
0.006297488
0.006346914
0.006395792
0.006443106
0.006488633
0.006532792
0.006576316
0.006619901
0.00666403
0.006708827
0.006754031
0.006799574
0.006845118
0.006890545
0.006935734
0.006980749
0.007025633
0.007070492
0.007115346
0.007160303
0.007205349
0.00725046
0.007295578
0.007340686
0.007385783
0.007430855
0.007475866
0.007520915
0.007565935
0.007610975
0.00765598
0.007701053
0.007746032
0.007788717
0.007818777
0.007826053
0.007809818
0.00777658
0.007735989
0.007696155
0.007661747
0.00763332
0.007608905
0.007585474
0.007560399
0.007532199
0.007500857
0.007467264
0.007432771
0.007398484
0.007365189
0.007333054
0.007301865
0.007271102
0.007240383
0.007209349
0.007177966
0.007146136
0.007114126
0.007082058
0.007050137
0.007018277
0.006986351
0.006947653
0.00689394
0.006823541
0.006740307
0.006650884
0.006561213
0.006474982
0.006393042
0.006314266
0.006236578
0.006157971
0.006077309
0.005994462
0.005909894
0.005824511
0.005739144
0.00565443
0.005570515
0.005487312
0.005404038
0.005310076
0.005177851
0.004986379
0.004737929
0.004451269
0.004150383
0.003854206
0.003572399
0.003305125
0.003046557
0.00278899
0.00252635
0.002255711
0.001977445
0.001694085
0.001409012
0.001124998
0.0008436109
0.0005650543
0.000288631
1.316064e-05
-0.0002624352
-0.0005389219
-0.0008163814
-0.001094719
-0.001373494
-0.001652339
-0.001930885
-0.002209108
-0.002486366
-0.002748099
-0.00295551
-0.003079007
-0.003121814
-0.003110511
-0.003079055
-0.003054315
-0.003049856
-0.003065876
-0.003094162
-0.00312386
-0.003146331
-0.003157419
-0.003157705
-0.003150817
-0.003141501
-0.003133658
-0.003129595
-0.00313056
-0.003140048
-0.003160853
-0.003191749
-0.003228889
-0.00326782
-0.00330523
-0.003339582
-0.003371253
-0.003401506
-0.003431842
-0.003463373
-0.003496562
-0.003531225
-0.00356678
-0.003602535
-0.003638013
-0.003672934
-0.003707299
-0.003741277
-0.003775128
-0.00380905
-0.003843147
-0.003877426
-0.003911875
-0.003946377
-0.003980886
-0.004015339
-0.004049719
-0.004084038
-0.004118331
-0.004152587
-0.004186877
-0.004221194
-0.004255555
-0.004289581
-0.004315027
-0.004310134
-0.004258243
-0.004161121
-0.004033685
-0.003894937
-0.003759914
-0.003636219
-0.003524009
-0.003418709
-0.003314221
-0.003205685
-0.003090819
-0.002969871
-0.002844916
-0.002718577
-0.00259307
-0.002469634
-0.00234846
-0.002228961
-0.002110246
-0.001991415
-0.001871941
-0.001751613
-0.001630638
-0.00150928
-0.001387895
-0.001266681
-0.001145813
-0.001025154
-0.0009046992
-0.0007842281
-0.0006637659
-0.0005431303
-0.0004224587
-0.0003016367
-0.0001809228
-6.006049e-05
6.061095e-05
0.0001804203
0.000274508
0.0003062434
0.0002621432
0.0001550869
1.331821e-05
-0.0001349798
-0.0002706096
-0.0003871067
-0.0004879029
-0.0005819396
-0.0006782733
-0.0007830681
-0.0008980689
-0.001021481
-0.001149434
-0.001277943
-0.0014041
-0.001526675
-0.001645961
-0.001763183
-0.001879848
-0.001997108
-0.002115606
-0.002235313
-0.002355948
-0.002476867
-0.002597728
-0.002718067
-0.002838103
-0.002957583
-0.003077139
-0.003196421
-0.003314494
-0.00339074
-0.003374652
-0.003256631
-0.003060096
-0.002825872
-0.00259011
-0.002375605
-0.002187259
-0.00201836
-0.001855678
-0.001687762
-0.001507168
-0.00131303
-0.001108288
-0.0008987752
-0.000689403
-0.0004839711
-0.0002833146
-8.702397e-05
0.0001070777
0.0003006533
0.0004954964
0.0006919081
0.0008901194
0.001089196
0.00128878
0.00148786
0.001686549
0.001884366
0.002082006
0.002279186
0.002476781
0.002673769
0.002858034
0.002970307
0.002952395
0.002799859
0.002550184
0.002258278
0.001970744
0.001713825
0.001491394
0.001292042
0.001098311
0.0008951034
0.0006742495
0.0004353095
0.0001835051
-7.369565e-05
-0.0003294659
-0.0005796985
-0.0008232348
-0.001061565
-0.001297147
-0.001532682
-0.001769846
-0.002009459
-0.002251094
-0.002494013
-0.002737099
-0.002979809
-0.003221574
-0.003462651
-0.003703064
-0.003943458
-0.004183795
-0.004424621
-0.004665275
-0.004899085
-0.005093419
-0.005216421
-0.005265546
-0.005261504
-0.005234198
-0.005209349
-0.005201211
-0.005212094
-0.005235505
-0.005262165
-0.005283447
-0.005295314
-0.005296946
-0.005291911
-0.005283505
-0.005274098
-0.005210807
-0.00502605
-0.004706038
-0.004281312
-0.003805566
-0.00332704
-0.002876039
-0.002459416
-0.002068355
-0.001685665
-0.001296014
-0.0008896657
-0.000465264
-2.693238e-05
0.0004178306
0.0008623492
0.001301761
0.001734728
0.002162027
0.002586344
0.003010095
0.003434888
0.003850468
0.00422807
0.004544602
0.004801699
0.005018082
0.005218838
0.005423628
0.005642989
0.005877221
0.006120818
0.006365582
0.006605434
0.006836938
0.007060736
0.007279019
0.007495527
0.007712858
0.0079331
0.008155699
0.008371267
0.008536404
0.00860854
0.008583824
0.008488804
0.008362868
0.008239598
0.00813811
0.008061462
0.00800164
0.007946173
0.007884129
0.007809522
0.007721992
0.007625144
0.007524062
0.007416568
0.007287144
0.007122408
0.0069229
0.006699494
0.006466536
0.006235581
0.006012586
0.005797892
0.005588198
0.005379057
0.00516672
0.00494956
0.004727849
0.004503098
0.004277286
0.004052092
0.003828484
0.003606611
0.003385981
0.003165955
0.002945843
0.00272526
0.002503992
0.002282269
0.002060229
0.001838359
0.001620508
0.001424334
0.001267196
0.00115021
0.001062167
0.0009865898
0.0009096669
0.0008235077
0.0007270437
0.0006236767
0.0005187026
0.0004165498
0.0003197116
0.0002282404
0.0001406566
5.462688e-05
-3.182478e-05
-0.0001199545
-0.0002100187
-0.000301688
-0.0003941399
-0.0004866465
-0.0005786109
-0.0006698988
-0.0007605467
-0.0008508408
-0.0009410233
-0.001031372
-0.001121953
-0.0012128
-0.001303787
-0.00139485
-0.001485872
-0.001576815
-0.001667638
-0.001758411
-0.001849116
-0.001939858
-0.002030614
-0.002121437
-0.002212261
-0.002303104
-0.002393921
-0.002484773
-0.002575578
-0.002666397
-0.002757169
-0.002847997
-0.002938801
-0.003029617
-0.003120389
-0.003211204
-0.003301967
-0.003392792
-0.00348356
-0.0035744
-0.003665154
-0.003755982
-0.003846723
-0.003937608
-0.004028091
-0.004111763
-0.004157809
-0.004135807
-0.004043519
-0.003900498
-0.003735535
-0.003572836
-0.003426177
-0.003297472
-0.003180871
-0.003067151
-0.002948496
-0.002820565
-0.002683247
-0.002539169
-0.002392308
-0.00224615
-0.002102943
-0.001963176
-0.001826182
-0.001690552
-0.001555023
-0.001418543
-0.001281241
-0.001152503
-0.001057364
-0.001015009
-0.001023867
-0.001067314
-0.001123935
-0.001176598
-0.001216557
-0.001243516
-0.001262579
-0.001280569
-0.001303008
-0.001332524
-0.001369233
-0.001418945
-0.001500047
-0.001626324
-0.001794597
-0.001990079
-0.002194737
-0.002394844
-0.002583919
-0.002762492
-0.002935222
-0.003107935
-0.003284999
-0.003468401
-0.003657481
-0.003850164
-0.004043887
-0.004236618
-0.004427251
-0.00461572
-0.004802631
-0.004988945
-0.005175433
-0.005362603
-0.005550554
-0.00573916
-0.005928043
-0.006116958
-0.006305621
-0.006494054
-0.006682192
-0.006870218
-0.00705748
-0.00722646
-0.007330711
-0.007334757
-0.007242373
-0.007085297
-0.006904037
-0.006730746
-0.006581683
-0.006457082
-0.006347184
-0.006238985
-0.006122181
-0.005991803
-0.005848482
-0.005696568
-0.005541782
-0.005388752
-0.005240169
-0.005096398
-0.004956247
-0.004817687
-0.004678899
-0.004538678
-0.004396752
-0.004253376
-0.004109242
-0.003965007
-0.00382122
-0.003678027
-0.003535374
-0.003393056
-0.003250878
-0.003108555
-0.002966029
-0.002823256
-0.00268037
-0.002537405
-0.002394462
-0.002251576
-0.002108818
-0.001966099
-0.00182344
-0.00168076
-0.001538082
-0.001395323
-0.001252494
-0.001109665
-0.0009668959
-0.000824093
-0.0006813408
-0.0005385532
-0.0003958164
-0.0002530329
-0.000110266
3.25301e-05
0.0001752755
0.0003180792
0.0004608348
0.0006036499
0.0007463926
0.0008892068
0.001031985
0.001174798
0.001317516
0.001460349
0.001603056
0.001746121
0.001894897
0.002075417
0.002313331
0.002610447
0.002950305
0.003308734
0.003665245
0.004008248
0.004336071
0.004653744
0.004969026
0.0052884
0.005615554
0.005950661
0.006291445
0.006634589
0.006977121
0.007317248
0.007654454
0.007989303
0.008322941
0.008656588
0.008990943
0.009326397
0.009662686
0.009999631
0.01033652
0.01067242
0.01098617
0.01124625
0.01144133
0.01158239
0.01169389
0.0117997
0.01191639
0.01204939
0.0121948
0.01231284
0.01233548
0.01222366
0.01198928
0.01167778
0.01134174
0.01102094
0.01073358
0.01047783
0.01023994
0.01000291
0.009753891
0.00948716
0.009204148
0.008910807
0.008614452
0.008320904
0.008033306
0.007751854
0.007474826
0.007199585
0.006923791
0.00664605
0.006366102
0.006084342
0.005801727
0.005519081
0.005237077
0.004955848
0.004675322
0.004395166
0.004115169
0.003834941
0.003554492
0.003274311
0.003009372
0.002787584
0.002624523
0.002514144
0.002436213
0.002367853
0.002292238
0.002202104
0.002098734
0.001988428
0.001878496
0.001774365
0.001678162
0.001588985
0.001504072
0.001420238
0.001334981
0.001247028
0.00115637
0.001063876
0.0009707148
0.0008778448
0.0007858619
0.0006948791
0.0006046629
0.0005147981
0.0004248886
0.0003347096
0.0002441814
0.0001533414
6.233671e-05
-2.868905e-05
-0.0001196204
-0.0002104346
-0.0003011629
-0.0003917792
-0.0004823509
-0.0005729596
-0.0006636096
-0.0007543137
-0.0008450395
-0.000935785
-0.001026533
-0.001117253
-0.001207952
-0.001298646
-0.001389327
-0.001480017
-0.001570701
-0.001661405
-0.001752122
-0.001842822
-0.001933514
-0.002024215
-0.002114908
-0.002205605
-0.00229629
-0.002386984
-0.002477689
-0.002568381
-0.002659055
-0.00274971
-0.002840386
-0.002930479
-0.00300566
-0.003028184
-0.00296915
-0.002831644
-0.002641481
-0.002431686
-0.002228374
-0.00204479
-0.001881109
-0.001729433
-0.001579132
-0.001421831
-0.001253455
-0.001074585
-0.0008887114
-0.0007004972
-0.0005137009
-0.0003305428
-0.0001512883
2.500544e-05
0.0002000187
0.0003752025
0.0005515633
0.0007293221
0.0009082899
0.001087857
0.001267513
0.001446771
0.001625575
0.001803901
0.001981987
0.002159962
0.002338056
0.002516311
0.002694749
0.002873235
0.003051845
0.003230396
0.003408948
0.00358738
0.003765812
0.003944166
0.004122568
0.00430091
0.00447939
0.00465688
0.004809734
0.004875315
0.004805837
0.004606343
0.004319606
0.004000316
0.003691828
0.003415945
0.003173084
0.002950057
0.002729381
0.002497083
0.002246461
0.001978418
0.001698844
0.001415299
0.001134176
0.0008590473
0.0005904492
0.0003266823
-6.011506e-05
-0.0003293032
-0.0006003515
-0.000873751
-0.001149025
-0.001425246
-0.001701434
-0.001976925
-0.002251433
-0.002524973
-0.002797836
-0.003070394
-0.003342884
-0.003615425
-0.003887985
-0.004160217
-0.004425739
-0.004667995
-0.004874427
-0.005046411
-0.005195143
-0.005335003
-0.005477332
-0.00562792
-0.005786804
-0.005950522
-0.006114449
-0.006274966
-0.006430243
-0.006580542
-0.006727356
-0.006872753
-0.007018312
-0.007164909
-0.00731273
-0.007461344
-0.007610009
-0.007758083
-0.007905121
-0.008051042
-0.008195898
-0.00833991
-0.008483324
-0.008626329
-0.008768942
-0.008911156
-0.009052863
-0.009194032
-0.009334495
-0.009474198
-0.009613187
-0.009751461
-0.009889031
-0.01002592
-0.01016223
-0.01029722
-0.010414
-0.01046839
-0.01042675
-0.01029291
-0.01009722
-0.009878524
-0.009667382
-0.00947927
-0.00931426
-0.009163086
-0.009013422
-0.008855483
-0.008684535
-0.008501325
-0.008309965
-0.008115903
-0.007923487
-0.007735348
-0.007551808
-0.007371727
-0.007193155
-0.007014458
-0.006834483
-0.00665301
-0.006470216
-0.006286874
-0.006103603
-0.005920921
-0.005738928
-0.005557687
-0.005376905
-0.005196433
-0.005015995
-0.004835656
-0.004655152
-0.004470119
-0.004268687
-0.004042038
-0.003791174
-0.00352444
-0.003252068
-0.002982492
-0.002719726
-0.002463844
-0.002212256
-0.001961768
-0.001709694
-0.001454916
-0.001197503
-0.0009387693
-0.0006800392
-0.000422629
-0.0001670856
8.634106e-05
0.0003380909
0.0005885215
0.0008382512
0.001087319
0.001335992
0.001584005
0.00183137
0.002077688
0.00232301
0.002567067
0.002810104
0.00305183
0.003292628
0.003532235
0.003771005
0.004008507
0.004245183
0.004480453
0.00471494
0.004947738
0.005179872
0.005410194
0.005637092
0.005791683
0.005789477
0.005615015
0.005308987
0.004940633
0.004571346
0.004239081
0.003952069
0.003698571
0.003456568
0.003206574
0.002936443
0.002644671
0.002336639
0.002021899
0.001708938
0.001403827
0.001108197
0.0008209968
0.0005389236
0.0002589156
-2.160393e-05
-0.0003035059
-0.0005867138
-0.000869328
-0.001132374
-0.001341033
-0.001476598
-0.001546646
-0.001576666
-0.001594477
-0.001621083
-0.001664978
-0.001724963
-0.00179285
-0.001860103
-0.001919338
-0.001960662
-0.001949019
-0.001852722
-0.001673496
-0.001437867
-0.001181002
-0.0009313937
-0.0007038412
-0.0004992176
-0.0003092157
-0.0001225868
6.995154e-05
0.0002728843
0.0004859843
0.0007054862
0.0009266226
0.001145074
0.001358588
0.001566536
0.001770101
0.001970744
0.002170293
0.002369551
0.002569051
0.002768264
0.002966975
0.003164148
0.003359846
0.003553271
0.003743716
0.003897009
0.00397135
0.003959412
0.003881808
0.003773113
0.003663901
0.003572943
0.003504249
0.003451835
0.003404744
0.003353289
0.003291548
0.003218757
0.003137656
0.003052972
0.002968953
0.002888507
0.002812474
0.002740277
0.002670301
0.002600994
0.002531101
0.002460193
0.002388334
0.00231607
0.002243888
0.002172402
0.002101634
0.002028268
0.001945742
0.00185048
0.00174375
0.001630255
0.001515151
0.001402426
0.001293687
0.001188783
0.001086192
0.0009844074
0.0008820642
0.0007788332
0.0006747354
0.0005705821
0.0004675776
0.0003827581
0.0003468275
0.0003764592
0.0004639705
0.0005863559
0.0007180199
0.0008404653
0.000945804
0.001035704
0.001117186
0.001198413
0.001285179
0.001379798
0.001481076
0.001586049
0.001691098
0.001793634
0.00189216
0.001986911
0.00207862
0.002168231
0.002244502
0.002293052
0.002311364
0.002306638
0.002290871
0.002274643
0.002264433
0.002261564
0.002263945
0.002267818
0.00226987
0.002268089
0.002262258
0.002253332
0.00224296
0.002232591
0.002223224
0.002215153
0.00220815
0.002201662
0.002195145
0.002188169
0.002180599
0.002172447
0.002163874
0.002155103
0.0021463
0.00213755
0.00212886
0.002120179
0.002111448
0.002102577
0.002093532
0.002084311
0.002074928
0.002065395
0.002055736
0.002045975
0.002036144
0.002026221
0.002016202
0.002006094
0.001995866
0.001985512
0.001975043
0.001964462
0.001953771
0.00194296
0.00193204
0.001921019
0.001909906
0.001898694
0.001887385
0.001875972
0.001864471
0.00185285
0.001841119
0.0018293
0.00181737
0.001805242
0.001790746
0.001768222
0.001733432
0.001687035
0.001633051
0.001576549
0.001521457
0.001469722
0.001421339
0.001375091
0.001329379
0.001282986
0.001235344
0.001186578
0.0011372
0.001087907
0.001039242
0.0009915304
0.0009447876
0.0008988895
0.0008535779
0.0008086639
0.0007639836
0.0007195206
0.0006752899
0.000631409
0.0005879352
0.0005449428
0.0005024422
0.0004604757
0.0004189452
0.0003778715
0.0003371887
0.0002969349
0.0002570605
0.0002176265
0.0001785893
0.000140032
0.0001018747
6.397955e-05
2.067459e-05
-3.842164e-05
-0.000118917
-0.0002180797
-0.0003280052
-0.0004399453
-0.0005476532
-0.0006484388
-0.0007429215
-0.0008334596
-0.0009228408
-0.001012964
-0.001104611
-0.001197347
-0.001290213
-0.001381934
-0.001471706
-0.001558964
-0.001643887
-0.001726632
-0.001807354
-0.001876508
-0.001919973
-0.00193287
-0.001920775
-0.001895064
-0.001866918
-0.001843728
-0.001827937
-0.001818047
-0.001810628
-0.001802099
-0.00179029
-0.00177434
-0.001751241
-0.001704756
-0.001619261
-0.001495423
-0.001345596
-0.001186633
-0.001032024
-0.0008890292
-0.0007580714
-0.0006355054
-0.0005160457
-0.0003955528
-0.0002718566
-0.000145219
-1.726505e-05
0.0001096619
0.0002337386
0.0003537626
0.0004695862
0.0005815762
0.0006905794
0.0007972034
0.0009020205
0.001004982
0.001104282
0.001191342
0.001258012
0.001303945
0.001334768
0.001358409
0.001381504
0.001407693
0.001437482
0.001469222
0.0015005
0.001529245
0.001554392
0.001575892
0.001594509
0.001611251
0.001627062
0.00164244
0.001657555
0.001672177
0.001686018
0.001698691
0.001710025
0.001719884
0.001728385
0.001735556
0.001741625
0.001746601
0.001750635
0.001753467
0.00175186
0.00173061
0.001675291
0.001585943
0.001473221
0.001351873
0.00123389
0.001125816
0.001028295
0.0009382949
0.0008512934
0.0007636293
0.0006733778
0.0005806481
0.0004867445
0.0003936101
0.0003027949
0.0002152185
0.0001283418
3.860796e-05
-5.50317e-05
-0.0001513839
-0.0002480798
-0.0003428376
-0.0004341668
-0.0005215927
-0.0006054242
-0.0006863796
-0.0007650997
-0.0008420396
-0.0009173382
-0.0009908504
-0.001062308
-0.001131432
-0.001198054
-0.001262108
-0.001323637
-0.001382746
-0.001439576
-0.001494217
-0.001546732
-0.001597136
-0.00164544
-0.001691619
-0.001735653
-0.001777554
-0.001817352
-0.001855071
-0.00189075
-0.001924424
-0.001956137
-0.001985902
-0.002013748
-0.002039692
-0.002063769
-0.002085982
-0.002106377
-0.002124958
-0.002141787
-0.002156866
-0.002170235
-0.002181897
-0.002191933
-0.002200313
-0.002206942
-0.002207391
-0.002195426
-0.002169271
-0.002131873
-0.00208869
-0.002044836
-0.002003602
-0.001965951
-0.001931152
-0.001897617
-0.00186383
-0.001828813
-0.001792396
-0.001754938
-0.001717117
-0.001679573
-0.001642759
-0.001606837
-0.001571737
-0.001537247
-0.001503151
-0.001469269
-0.001435539
-0.001402296
-0.001370209
-0.001339637
-0.001310439
-0.00128214
-0.001254244
-0.00122636
-0.00119834
-0.0011702
-0.001142087
-0.001114147
-0.001086499
-0.001059178
-0.001032184
-0.001005455
-0.0009789455
-0.0009525994
-0.0009264065
-0.000900365
-0.0008745003
-0.0008488284
-0.0008233832
-0.0007981671
-0.0007731928
-0.0007484533
-0.0007239547
-0.0006996853
-0.0006756517
-0.0006518128
-0.0006273314
-0.0006000674
-0.0005685957
-0.0005334267
-0.0004963217
-0.0004592898
-0.0004238002
-0.0003905055
-0.0003593254
-0.0003297372
-0.0003011431
-0.000273097
-0.0002454152
-0.0002181443
-0.000191477
-0.0001656329
-0.0001407835
-0.0001169975
-9.425861e-05
-7.24908e-05
-5.159728e-05
-3.14883e-05
-1.210628e-05
6.572448e-06
2.45495e-05
4.181919e-05
5.837146e-05
7.420961e-05
8.934221e-05
0.0001037935
0.0001175863
0.0001307479
0.0001432951
0.0001552516
0.0001666223
0.0001772492
0.0001867148
0.0001947562
0.0002015066
0.0002073445
0.0002126907
0.0002178576
0.0002229825
0.0002280546
0.0002329788
0.0002376479
0.0002419846
0.0002459634
0.0002496053
0.0002529593
0.000256079
0.0002590065
0.0002617627
0.0002643548
0.0002667775
0.0002690189
0.0002710711
0.0002729338
0.0002746102
0.0002761093
0.0002774385
0.0002786111
0.0002796327
0.0002805108
0.0002812449
0.0002818455
0.0002823759
0.0002831157
0.0002843014
0.0002858914
0.0002876562
0.0002893158
0.0002906615
0.0002915999
0.0002921429
0.0002923627
0.0002923483
0.0002921694
0.0002918609
0.0002914259
0.0002908467
0.0002901022
0.0002891769
0.0002880663
0.0002867775
0.0002853269
0.0002837324
0.0002820092
0.000280171
0.0002782256
0.0002761788
0.000274034
0.0002717954
0.0002694669
0.0002670546
0.000264564
0.0002620019
0.000259375
0.0002566888
0.000253949
0.0002511603
0.0002483271
0.0002454537
0.0002425433
0.000239601
0.0002366296
0.0002336336
0.0002306161
0.0002275809
0.0002245313
0.0002214703
0.0002184005
0.0002153245
0.0002122453
0.0002091652
0.0002060857
0.0002030097
0.0001999391
0.000196876
0.0001938212
0.0001907726
0.0001877105
0.0001846206
0.0001815097
0.0001783998
0.0001753133
0.0001722658
0.0001692642
0.0001663072
0.0001633892
0.0001605037
0.0001576467
0.0001548159
0.0001520116
0.0001492348
0.0001464795
0.0001437304
0.0001409789
0.0001382331
0.0001355089
0.0001328221
0.0001301813
0.0001275883
0.000125039
0.0001225276
0.0001200478
0.0001175952
0.0001151678
0.0001127646
0.0001103824
0.0001080186
0.0001056732
0.0001033482
0.0001010454
9.876548e-05
9.650739e-05
9.426938e-05
9.20489e-05
8.984381e-05
8.765212e-05
8.54728e-05
8.330481e-05
8.114727e-05
7.899953e-05
7.686072e-05
7.473005e-05
7.260663e-05
7.048948e-05
6.837792e-05
6.627101e-05
6.416816e-05
6.206872e-05
5.997223e-05
5.787815e-05
5.578604e-05
5.369539e-05
5.160616e-05
4.951829e-05
4.743139e-05
4.534476e-05
4.32578e-05
4.116986e-05
3.908055e-05
3.698985e-05
3.489766e-05
3.280408e-05
3.070895e-05
2.861242e-05
2.651429e-05
2.441454e-05
2.231304e-05
2.020979e-05
1.810472e-05
1.599785e-05
1.388913e-05
1.177858e-05
9.666213e-06
7.551983e-06
5.435969e-06
3.318154e-06
1.198589e-06
-9.226696e-07
-3.045636e-06
-5.170264e-06
-7.296523e-06
-9.424415e-06
-1.155388e-05
-1.368489e-05
-1.58174e-05
-1.795135e-05
-2.008672e-05
-2.222343e-05
-2.436144e-05
-2.650071e-05
-2.864117e-05
-3.078277e-05
-3.292545e-05
-3.506915e-05
-3.721382e-05
-3.93594e-05
-4.150583e-05
-4.365304e-05
-4.580098e-05
-4.794959e-05
-5.009881e-05
-5.224857e-05
-5.439881e-05
-5.654947e-05
-5.870049e-05
-6.085181e-05
