-0.0002692103
-0.0002683822
-0.0002675411
-0.0002666987
-0.0002658553
-0.0002650102
-0.0002641575
-0.0002633038
-0.000262449
-0.0002615954
-0.0002607359
-0.000259875
-0.0002590131
-0.000258148
-0.0002572773
-0.0002564062
-0.0002555326
-0.000254663
-0.0002537911
-0.0002529238
-0.0002520567
-0.0002512018
-0.0002503457
-0.0002494956
-0.0002486599
-0.0002478288
-0.0002469969
-0.0002461566
-0.0002452884
-0.000244375
-0.0002433987
-0.000242353
-0.0002412304
-0.0002400218
-0.000238747
-0.000237453
-0.0002361799
-0.0002349805
-0.0002338948
-0.0002329577
-0.000232198
-0.0002316207
-0.0002311948
-0.0002308177
-0.0002303502
-0.0002296225
-0.0002284887
-0.0002268178
-0.0002246042
-0.000221977
-0.0002191619
-0.0002164235
-0.0002140247
-0.0002121851
-0.0002110686
-0.0002107534
-0.0002112085
-0.0002122105
-0.0002134124
-0.0002144174
-0.0002148545
-0.0002144212
-0.000212917
-0.0002102411
-0.0002064233
-0.0002016036
-0.0001961071
-0.00019042
-0.0001850418
-0.0001804221
-0.0001768913
-0.0001746471
-0.0001737341
-0.0001740758
-0.0001754964
-0.0001777671
-0.0001806229
-0.0001837378
-0.0001867616
-0.000189403
-0.0001914447
-0.0001927879
-0.0001934298
-0.0001934619
-0.0001930237
-0.000192309
-0.0001914946
-0.0001906884
-0.0001898692
-0.0001889745
-0.0001878777
-0.0001864656
-0.0001846162
-0.0001822622
-0.0001793938
-0.0001762587
-0.0001733348
-0.0001711931
-0.0001703547
-0.0001712289
-0.0001740563
-0.0001789376
-0.0001857888
-0.0001944222
-0.0002045664
-0.0002159405
-0.0002282643
-0.0002413154
-0.0002547207
-0.0002677845
-0.0002796014
-0.0002893638
-0.0002964375
-0.0003004832
-0.0003014479
-0.0002995402
-0.000295167
-0.0002892673
-0.0002835744
-0.0002802332
-0.0002812795
-0.0002883206
-0.0003023497
-0.0003236802
-0.0003520232
-0.0003866262
-0.0004264347
-0.0004702802
-0.000517033
-0.0005641649
-0.0006074932
-0.0006427092
-0.0006661706
-0.0006755055
-0.0006697332
-0.000649252
-0.0006155485
-0.0005709131
-0.0005185577
-0.0004632698
-0.0004107564
-0.0003662252
-0.0003336357
-0.0003152411
-0.0003115764
-0.0003216166
-0.0003431777
-0.0003725254
-0.0004046867
-0.0004346869
-0.0004583312
-0.0004726994
-0.000476296
-0.0004690703
-0.0004520767
-0.0004271919
-0.0003967152
-0.0003644519
-0.0003361841
-0.0003179291
-0.000314836
-0.000330276
-0.0003657501
-0.0004207127
-0.0004932583
-0.0005801506
-0.000675691
-0.0007631199
-0.0008157429
-0.0008063718
-0.0007127832
-0.0005235168
-0.0002492894
7.792239e-05
0.000417998
0.0007308011
0.0009832301
0.001152504
0.001228266
0.001214503
0.001128562
0.0009946062
0.0008393049
0.0006868994
0.0005569434
0.000461867
0.0004074118
0.0003923968
0.0004109264
0.0004472586
0.0004757268
0.0004676844
0.0003983291
0.0002501111
2.800525e-05
-0.0002351583
-0.0004926178
-0.0006959648
-0.0008044575
-0.0007901145
-0.0006401857
-0.0003565434
4.674839e-05
0.0005472577
0.00111838
0.001733416
0.002368911
0.003006917
0.003635827
0.004243308
0.004803291
0.005279823
0.005640058
0.005860691
0.005931577
0.00585555
0.005646886
0.005327828
0.0049252
0.004466191
0.003975723
0.003473627
0.002974102
0.002487838
0.002035403
0.001647167
0.001351451
0.001168849
0.00110904
0.001170609
0.001342417
0.001606202
0.001939603
0.002311585
0.002678509
0.00299331
0.003215791
0.003318603
0.003289397
0.003130358
0.002855505
0.002487089
0.002051392
0.001577174
0.0010966
0.0006411658
0.0002357551
-0.0001041359
-0.0003730864
-0.0005746719
-0.0007194717
-0.0008222805
-0.0008995077
-0.0009667201
-0.001036925
-0.00111948
-0.00121974
-0.001339193
-0.001476412
-0.00162726
-0.00178503
-0.001941837
-0.002090519
-0.002225751
-0.002344586
-0.002446496
-0.002533087
-0.00260748
-0.00267361
-0.002735617
-0.002797204
-0.002861364
-0.002930005
-0.003003952
-0.003078944
-0.003142385
-0.003177437
-0.003168371
-0.003103751
-0.002985253
-0.002833916
-0.00268255
-0.002565723
-0.002512901
-0.002544192
-0.002665373
-0.002854448
-0.00306471
-0.0032432
-0.003341056
-0.003322586
-0.003174141
-0.002916761
-0.002597592
-0.002273766
-0.001999391
-0.001817979
-0.001756663
-0.001825617
-0.002000002
-0.002209165
-0.002357604
-0.002352999
-0.002122043
-0.001621828
-0.0008523599
9.649052e-05
0.001057922
0.001850463
0.002314521
0.002338184
0.001866398
0.0009011609
-0.0005075208
-0.002274655
-0.004259042
-0.006246496
-0.00800058
-0.009316422
-0.01005331
-0.01014619
-0.009605325
-0.008528584
-0.007105374
-0.005568124
-0.004141799
-0.002979934
-0.002135468
-0.001582198
-0.001241677
-0.00100938
-0.0007768482
-0.0004496566
4.130347e-05
0.0007338979
0.001634933
0.002700768
0.003825176
0.004871514
0.005709444
0.006238685
0.006401337
0.00618918
0.00565705
0.004911288
0.004075966
0.003270625
0.002591435
0.002091711
0.001775148
0.001613647
0.00156566
0.001626487
0.001831926
0.002228769
0.002857588
0.003743487
0.004890987
0.006284599
0.007851865
0.009436993
0.01084518
0.01189637
0.01245717
0.01245662
0.01188801
0.01080975
0.009344732
0.007655288
0.005906547
0.004242414
0.002767907
0.001544124
0.0005871871
-0.0001227393
-0.0006327225
-0.0009748781
-0.001152379
-0.001159641
-0.0009904249
-0.0006444311
-0.0001288866
0.0005407173
0.00134207
0.002240566
0.003185428
0.004120837
0.004995789
0.005758245
0.006300367
0.006466293
0.006116377
0.005154309
0.00354572
0.001313501
-0.00146705
-0.0046866
-0.008140415
-0.01151826
-0.01449652
-0.01680592
-0.01827334
-0.01883237
-0.01851838
-0.01744655
-0.01578582
-0.01372722
-0.01145837
-0.00914013
-0.006895013
-0.004799208
-0.002886028
-0.001150432
0.0004380489
0.001927288
0.003367561
0.004805677
0.006204601
0.007433234
0.00834132
0.008796315
0.008712843
0.008059249
0.006859839
0.005182414
0.003127095
0.0008069672
-0.001664083
-0.004187642
-0.006684827
-0.00910357
-0.01133728
-0.0132129
-0.01456919
-0.01528842
-0.01531921
-0.01467362
-0.01342237
-0.01167464
-0.009563544
-0.00722288
-0.004777291
-0.002326489
-1.055633e-05
0.001985541
0.003498976
0.004417694
0.004696571
0.004353954
0.003462091
0.002129522
0.0004827896
-0.001351517
-0.003260889
-0.005155847
-0.006945682
-0.00848987
-0.009621182
-0.01020092
-0.01014435
-0.009430976
-0.008099951
-0.006237903
-0.003961722
-0.001400214
0.001321755
0.004097281
0.006844436
0.009511171
0.01207215
0.01452558
0.01681693
0.01880566
0.02033084
0.021257
0.02150474
0.02105685
0.01995806
0.01829983
0.01620619
0.01381189
0.01124899
0.008629843
0.006041806
0.003541287
0.001212884
-0.0008070247
-0.002380444
-0.003403486
-0.003825567
-0.003652096
-0.002938182
-0.001775492
-0.0002763713
0.001441721
0.003270632
0.005120112
0.00691299
0.00853907
0.009859581
0.0107573
0.01115625
0.01103343
0.01041358
0.009362363
0.00797061
0.006360789
0.004674045
0.003040663
0.001562422
0.0003036707
-0.0007103098
-0.001488421
-0.002065774
-0.002493537
-0.002829079
-0.003126626
-0.00343152
-0.003775598
-0.004176939
-0.004639801
-0.005158447
-0.005719321
-0.006305475
-0.006874029
-0.007339932
-0.007601135
-0.007570016
-0.007189256
-0.006439495
-0.005336825
-0.003927377
-0.002276557
-0.0004782487
0.001349141
0.003089457
0.004649162
0.005967981
0.007022337
0.007821571
0.008401291
0.008813132
0.009116056
0.009366788
0.009624904
0.009964616
0.01046598
0.01119051
0.01217548
0.01342648
0.01492404
0.01654724
0.01807392
0.01927216
0.01994689
0.01997343
0.01930465
0.01796925
0.01605471
0.0136729
0.01092971
0.007923846
0.004739861
0.001447963
-0.001900645
-0.005270525
-0.008641563
-0.01193928
-0.01498052
-0.01753264
-0.0193893
-0.02041199
-0.02055712
-0.01989018
-0.01856368
-0.01677588
-0.01473558
-0.01263314
-0.01062072
-0.00879146
-0.00716364
-0.00569307
-0.004302637
-0.002904144
-0.001417489
0.0002181901
0.002037246
0.004047987
0.006234206
0.008561869
0.01093173
0.01314375
0.01495698
0.0161591
0.01660699
0.01624183
0.01508885
0.01324179
0.01084322
0.008068763
0.005148258
0.002340186
-0.0001302828
-0.002101838
-0.003492357
-0.004295784
-0.004570605
-0.004419741
-0.003969743
-0.003349733
-0.002675636
-0.002038067
-0.001498309
-0.00108772
-0.0008107072
-0.0006506744
-0.0005775113
-0.000555346
-0.0005497169
-0.000552656
-0.0006181865
-0.0008460628
-0.001338188
-0.002176182
-0.003404872
-0.005030342
-0.006982285
-0.00911839
-0.01127607
-0.01330356
-0.01508402
-0.01654547
-0.0176638
-0.0184571
-0.01897616
-0.0192916
-0.01948019
-0.0196013
-0.01963485
-0.01948354
-0.01903323
-0.01818389
-0.01689458
-0.01520476
-0.01321615
-0.01105735
-0.008860176
-0.006738032
-0.004775464
-0.003014764
-0.001448263
-2.67245e-05
0.001317743
0.00265801
0.004056874
0.005561843
0.007198126
0.008972132
0.01087069
0.0128687
0.01486398
0.01665946
0.01803671
0.01881185
0.01886944
0.01820061
0.01692247
0.01523454
0.01336587
0.01153232
0.009908642
0.008611175
0.007694232
0.007154254
0.006942903
0.006981509
0.007178974
0.007445325
0.007704673
0.007900745
0.008001504
0.007996015
0.007892346
0.007680838
0.007325672
0.006789703
0.006045087
0.005080313
0.003900861
0.002527826
0.0009938083
-0.0006624123
-0.00239999
-0.004181784
-0.005975767
-0.00775795
-0.009455461
-0.0109249
-0.01201
-0.01258173
-0.01256446
-0.01194104
-0.01075097
-0.009076524
-0.007028405
-0.004727253
-0.002289626
0.0001858322
0.00262405
0.0049784
0.007227746
0.009374312
0.01143519
0.0134367
0.01536365
0.0171204
0.01856912
0.01958073
0.02006366
0.0199782
0.0193376
0.01820812
0.01670682
0.01498021
0.01317503
0.01141834
0.009803806
0.00838706
0.00718564
0.006185454
0.005330304
0.00451736
0.003625192
0.002543887
0.001193747
-0.0004658511
-0.00239688
-0.004456037
-0.006444344
-0.008164358
-0.009459026
-0.01023089
-0.01044964
-0.01014546
-0.009419424
-0.008433591
-0.007369884
-0.006395748
-0.005641051
-0.005186666
-0.005062505
-0.005253322
-0.005709567
-0.006360853
-0.00712955
-0.00794229
-0.008738773
-0.009476672
-0.01013265
-0.01068397
-0.01107685
-0.01123677
-0.01109932
-0.01062373
-0.009800169
-0.0086478
-0.007210132
-0.005546147
-0.003722047
-0.001802576
0.0001552563
0.00210748
0.004024149
0.005890189
0.00770187
0.009441446
0.01103392
0.01236549
0.01332904
0.01384848
0.01389076
0.01346712
0.012627
0.01144728
0.01001931
0.008436711
0.006784265
0.005130603
0.003523699
0.001990652
0.0005390655
-0.0008381795
-0.002158803
-0.003444218
-0.004704745
-0.005888224
-0.006884457
-0.007579144
-0.00788487
-0.00778044
-0.007310559
-0.006561055
-0.005637029
-0.004644454
-0.003675565
-0.002800221
-0.002063614
-0.001498334
-0.001126026
-0.0009511509
-0.0009612813
-0.001130509
-0.00142431
-0.001805222
-0.002237094
-0.002689564
-0.003141984
-0.003596062
-0.004072971
-0.00460062
-0.005204487
-0.005903426
-0.006705056
-0.007606679
-0.008543819
-0.009386607
-0.009998535
-0.01026398
-0.01011059
-0.009512459
-0.008490645
-0.007101439
-0.005426435
-0.003556517
-0.00158218
0.000410614
0.002309422
0.003984888
0.00532907
0.006273125
0.006794336
0.006912654
0.006682755
0.006181595
0.005522956
0.004856292
0.004328819
0.004059913
0.004124537
0.004550995
0.005323674
0.006393901
0.007690937
0.009136225
0.01065341
0.01217766
0.01363186
0.01488427
0.01577095
0.01615254
0.0159385
0.01510141
0.0136707
0.01172527
0.009374071
0.006773865
0.004114196
0.001572147
-0.0007134856
-0.002656023
-0.004223728
-0.005433127
-0.006338425
-0.007015525
-0.007541543
-0.007949098
-0.008222528
-0.008327709
-0.00822883
-0.007900604
-0.007333721
-0.006536956
-0.005535323
-0.004365733
-0.003072082
-0.00169926
-0.0002887243
0.001125786
0.002519695
0.003878861
0.005198054
0.006480102
0.007731875
0.008944502
0.01005932
0.01098399
0.0116288
0.01192823
0.01185095
0.01140171
0.01061655
0.00955516
0.00828972
0.006895634
0.005441384
0.003983819
0.00256242
0.001200761
-9.478104e-05
-0.001328283
-0.002513058
-0.003605032
-0.004493052
-0.005059026
-0.005206041
-0.004879011
-0.004067719
-0.002805763
-0.001160571
0.0007535406
0.002749166
0.004598901
0.006097151
0.007092155
0.007503928
0.007323325
0.006603624
0.005441925
0.00396077
0.002287294
0.0005383752
-0.001192238
-0.002811338
-0.004218021
-0.005328584
-0.006091844
-0.006494718
-0.006558683
-0.006332559
-0.005881834
-0.005278206
-0.004590344
-0.003877276
-0.003205965
-0.002668328
-0.002358876
-0.002351416
-0.00268599
-0.003367544
-0.004368318
-0.005637435
-0.007108509
-0.008701325
-0.01028779
-0.01170552
-0.01280778
-0.01348848
-0.0136955
-0.01343006
-0.0127395
-0.01171564
-0.01048983
-0.009206219
-0.007994702
-0.006954274
-0.006144905
-0.005587037
-0.005266596
-0.005143983
-0.005164449
-0.005266033
-0.005383763
-0.005458764
-0.005446809
-0.005322411
-0.005078464
-0.004723983
-0.004279158
-0.00377092
-0.003227331
-0.002683796
-0.002180726
-0.001752727
-0.001422969
-0.001201273
-0.001074445
-0.001007401
-0.0009575129
-0.0008833371
-0.0007516607
-0.0005407296
-0.0002415579
0.0001432802
0.0006017902
0.00111623
0.00166641
0.002232613
0.00279828
0.003351095
0.003884123
0.004394806
0.004884663
0.005347336
0.005766383
0.006124659
0.006408868
0.006612256
0.006735358
0.006785401
0.006790004
0.0068077
0.006910397
0.0071633
0.00761303
0.008282264
0.009169563
0.0102528
0.01149515
0.01285143
0.01425758
0.01560758
0.01677308
0.01764162
0.01813609
0.01822338
0.01791412
0.01726782
0.01638229
0.01536865
0.01433276
0.01336114
0.01251381
0.01182128
0.01128758
0.01089474
0.01061076
0.01039683
0.01023167
0.01012977
0.01012871
0.01026952
0.0105856
0.01109523
0.01179989
0.01268462
0.01372216
0.01487574
0.01607263
0.01715337
0.01790636
0.01813759
0.01770873
0.0165555
0.01468873
0.01218279
0.009158185
0.00575861
0.002132459
-0.001587793
-0.005293985
-0.008889717
-0.01220073
-0.01498493
-0.01702698
-0.01817952
-0.01838723
-0.01768277
-0.01617421
-0.01401973
-0.01140333
-0.008509729
-0.005546247
-0.002795977
-0.0005750374
0.0008564052
0.001353988
0.0009405874
-0.000222104
-0.001895677
-0.003819075
-0.005749734
-0.007494181
-0.008923293
-0.009977119
-0.01065717
-0.01101408
-0.01112893
-0.01109643
-0.01099649
-0.0108788
-0.01076712
-0.01066519
-0.01056335
-0.01044506
-0.01029223
-0.01008977
-0.009828075
-0.009504627
-0.009123406
-0.008693854
-0.008228636
-0.007741844
-0.007246718
-0.006754437
-0.006272757
-0.005806058
-0.005348894
-0.00487675
-0.004352061
-0.003738542
-0.003008401
-0.002147127
-0.001153639
-3.952772e-05
0.001174802
0.002463293
0.003798783
0.00515575
0.006513542
0.007856305
0.009148699
0.01029263
0.0111498
0.01159267
0.01153203
0.01092997
0.009800474
0.008201593
0.006222691
0.003969282
0.001548565
-0.0009434164
-0.003429388
-0.005856488
-0.008195524
-0.01044025
-0.01259984
-0.01469436
-0.01668518
-0.01844621
-0.01982527
-0.0206887
-0.02095184
-0.02058714
-0.01962504
-0.01814186
-0.01624679
-0.01406221
-0.01171007
-0.009296327
-0.006904765
-0.004590492
-0.002408766
-0.0004200324
0.001330789
0.002821967
0.004056336
0.005058279
0.005869052
0.006543095
0.007139044
0.00771135
0.008303474
0.00894564
0.00965302
0.01042819
0.01124904
0.01206264
0.01280092
0.01340201
0.01382017
0.01403247
0.01401207
0.01371626
0.01310713
0.0121653
0.01089542
0.009325473
0.007501197
0.005479537
0.003320675
0.00108218
-0.001187506
-0.003450943
-0.00568395
-0.007849106
-0.009886751
-0.01173566
-0.01334953
-0.01470468
-0.01580248
-0.01667177
-0.01738698
-0.01805741
-0.01879452
-0.01969199
-0.02081346
-0.02218827
-0.02381382
-0.02566047
-0.02768055
-0.02978468
-0.03184716
-0.03374684
-0.0353875
-0.03671213
-0.03770387
-0.03838356
-0.03879929
-0.03901702
-0.03910848
-0.0391417
-0.03917295
-0.03924334
-0.03937692
-0.03960159
-0.03995882
-0.04048762
-0.04121602
-0.04215258
-0.04328962
-0.04460315
-0.04606068
-0.04762259
-0.04925144
-0.05091085
-0.05257242
-0.05410917
-0.05528541
-0.05586572
-0.0556642
-0.05458055
-0.05260161
-0.04979872
-0.04630335
-0.04228529
-0.03792488
-0.03339296
-0.02883118
-0.02434409
-0.01999351
-0.01580409
-0.01176721
-0.00785275
-0.004017747
-0.000217619
0.003588452
0.007430687
0.01132817
0.01528474
0.01925613
0.02308523
0.02654252
0.02940881
0.03152323
0.03280577
0.03326183
0.03296991
0.03206469
0.03070894
0.02907208
0.02723924
0.02518894
0.02285752
0.02017045
0.01707144
0.01353274
0.009562367
0.005199629
0.0005103684
-0.004425299
-0.009521937
-0.01470023
-0.01989276
-0.0250509
-0.0301442
-0.03516114
-0.04010201
-0.04489882
-0.04928044
-0.05283827
-0.05518677
-0.05604792
-0.05529334
-0.05295052
-0.04918169
-0.04424717
-0.03845971
-0.03214114
-0.0255847
-0.01902817
-0.01263761
-0.006506734
-0.0006619529
0.004922013
0.01030707
0.01557072
0.02079196
0.02603801
0.03135944
0.0367816
0.04230947
0.04782797
0.05307231
0.05773558
0.06155101
0.06434538
0.06605514
0.06672459
0.06648616
0.06553209
0.06408213
0.06235294
0.06053478
0.05882144
0.05747252
0.05677556
0.05696103
0.05816454
0.06041379
0.0636383
0.06769147
0.07238064
0.07749673
0.08284031
0.08824306
0.09357951
0.09877285
0.1037896
0.1086346
0.1133398
0.1179524
0.1225218
0.1270955
0.1317069
0.1363776
0.1410037
0.1453497
0.1491632
0.1522322
0.1544267
0.1557093
0.1561302
0.1558116
0.1549168
0.1536336
0.152141
0.1505884
0.1488576
0.1464689
0.1428234
0.1373753
0.1297593
0.1198261
0.1076567
0.09351653
0.07803351
0.06230191
0.04760466
0.03508759
0.02557478
0.01948256
0.01682034
0.01724967
0.02018722
0.02491611
0.03069986
0.03687176
0.04290252
0.04843243
0.05327681
0.05740523
0.06090743
0.06394982
0.06673064
0.06943815
0.07200857
0.07393714
0.07448738
0.07294858
0.06880378
0.06179871
0.05196386
0.03957074
0.02507692
0.009037708
-0.007965428
-0.0254063
-0.04284537
-0.05990114
-0.07594971
-0.09016466
-0.1018227
-0.110442
-0.1158572
-0.1182004
-0.117853
-0.1153616
-0.1113521
-0.1064439
-0.1011826
-0.09599666
-0.09125448
-0.08739072
-0.08485521
-0.08398104
-0.08493347
-0.08769861
-0.09210756
-0.09787629
-0.104663
-0.1121099
-0.1198892
-0.1277313
-0.1354434
-0.1429122
-0.1500977
-0.1570163
-0.1637272
-0.1703075
-0.1768359
-0.1832692
-0.1893467
-0.1946954
-0.1989592
-0.2018815
-0.2033438
-0.2033671
-0.2020961
-0.199766
-0.1966616
-0.1930767
-0.1892783
-0.1854843
-0.1818494
-0.1785017
-0.1755843
-0.1732265
-0.1715101
-0.1704558
-0.1700227
-0.1700032
-0.1699387
-0.1692561
-0.1674318
-0.1640878
-0.1590339
-0.1522725
-0.1439683
-0.1344068
-0.1239368
-0.1129185
-0.1016789
-0.09048107
-0.07950635
-0.06885167
-0.05853694
-0.04852606
-0.03874219
-0.02909123
-0.01947989
-0.00983332
-0.0001929067
0.009127752
0.01762748
0.02481301
0.03031008
0.03392345
0.03564679
0.0356447
0.03420888
0.03170629
0.02852333
0.0250177
0.02148643
0.01814258
0.01510997
0.01243025
0.01007847
0.0079842
0.006053269
0.004188878
0.002346718
0.000610086
-0.0008412532
-0.001814018
-0.002148822
-0.001750236
-0.0005955589
0.001267445
0.003736604
0.006673761
0.009926412
0.01334745
0.01681046
0.02022087
0.02351793
0.02667383
0.02962284
0.03224332
0.0344221
0.03607659
0.03717519
0.03773252
0.03780778
0.03748706
0.03687625
0.03607943
0.03519458
0.03429737
0.03344346
0.03258549
0.0315708
0.03022276
0.02838703
0.0259611
0.02290635
0.01924631
0.015057
0.01044909
0.005550781
0.0004884242
-0.004625775
-0.009706169
-0.01469503
-0.01956599
-0.0243162
-0.02896457
-0.03353875
-0.03807458
-0.04260049
-0.04709481
-0.05129026
-0.05470423
-0.05685093
-0.05735037
-0.05599524
-0.05276533
-0.04781184
-0.0414117
-0.0339223
-0.02572283
-0.0171715
-0.008566649
-0.0001857818
0.007676743
0.01476097
0.02089603
0.02601812
0.03016663
0.03346388
0.03608725
0.03823804
0.04011315
0.04188564
0.04368859
0.04560931
0.04769016
0.04993546
0.05232109
0.05480558
0.05734032
0.05988065
0.06239004
0.06484483
0.06723403
0.06955962
0.07183125
0.07404844
0.07613203
0.07793389
0.07930318
0.08012235
0.08032954
0.07992138
0.07894951
0.07750638
0.07576226
0.07399013
0.07249774
0.07155435
0.07134749
0.07196634
0.07340275
0.07556784
0.078316
0.08147471
0.08486777
0.08833911
0.09176572
0.09506682
0.09820113
0.1011321
0.1037649
0.1059677
0.1076234
0.1086587
0.1090544
0.1088461
0.1081119
0.1069589
0.1055068
0.103877
0.1021709
0.1004686
0.09866765
0.09643025
0.09334025
0.08902597
0.08323924
0.0758844
0.06701672
0.0568194
0.04556199
0.03355999
0.02116741
0.008904357
-0.00258851
-0.01274969
-0.02118432
-0.02771543
-0.03237222
-0.03536209
-0.03697161
-0.03750534
-0.03726716
-0.03653665
-0.0355472
-0.03444254
-0.03322026
-0.03176508
-0.02992578
-0.02756325
-0.02458383
-0.02095362
-0.01669973
-0.01190043
-0.006670865
-0.00114252
0.00455252
0.01029926
0.01600539
0.02158194
0.02682639
0.03143569
0.03513124
0.03771512
0.03912144
0.03942598
0.03881776
0.03754686
0.03588265
0.03407422
0.03232558
0.03074351
0.02930734
0.02790671
0.02639756
0.02464
0.02252596
0.01999291
0.01702937
0.01366796
0.009976957
0.006045653
0.002037519
-0.001771733
-0.005068102
-0.00758297
-0.009140887
-0.009673247
-0.00921012
-0.007861683
-0.005796651
-0.003213099
-0.0003122005
0.002726254
0.005758362
0.008685866
0.01145531
0.01405476
0.01650254
0.01883849
0.02111006
0.02336557
0.02564385
0.02797371
0.03036801
0.03282961
0.03534807
0.03791078
0.04049646
0.04308591
0.0454796
0.04728067
0.04808459
0.04756543
0.04554303
0.04198686
0.03701074
0.03083593
0.02381114
0.01640976
0.009137448
0.002430336
-0.003399659
-0.00819793
-0.01197103
-0.01485823
-0.01708029
-0.01889354
-0.02054686
-0.02225087
-0.02415661
-0.02635146
-0.02885986
-0.03165531
-0.03467573
-0.03784099
-0.0410687
-0.04428597
-0.04743827
-0.05049262
-0.05342191
-0.05613851
-0.05849798
-0.06036553
-0.06164501
-0.06229698
-0.06233713
-0.06183336
-0.06088554
-0.05961378
-0.05813851
-0.05657061
-0.05499923
-0.05353581
-0.05234889
-0.05162259
-0.05150286
-0.05207352
-0.0533476
-0.05527496
-0.05775583
-0.06066046
-0.06384811
-0.06718681
-0.07056398
-0.07389663
-0.07713256
-0.08025015
-0.08322393
-0.08599657
-0.08849749
-0.09067034
-0.09248372
-0.09393707
-0.09505743
-0.0958947
-0.09651168
-0.09697605
-0.09735194
-0.09769711
-0.09805144
-0.09844051
-0.09873148
-0.09858371
-0.09759811
-0.09542557
-0.09184262
-0.08677012
-0.08027475
-0.07253785
-0.06382353
-0.05442827
-0.04464841
-0.03473806
-0.02490079
-0.01526851
-0.006089853
0.002241897
0.009364206
0.01501684
0.01909153
0.02162557
0.0228284
0.02305684
0.0227312
0.02225895
0.02198113
0.02214108
0.02287163
0.02418155
0.02589073
0.02767039
0.02916378
0.03005862
0.03013886
0.02930088
0.02755434
0.02500189
0.02184598
0.01841002
0.0150791
0.01220381
0.01004768
0.008758408
0.00836687
0.008801051
0.009880661
0.01134373
0.01291623
0.01435322
0.01547276
0.01616583
0.01639979
0.01620433
0.01565724
0.01486179
0.01392955
0.01296141
0.01203877
0.01121469
0.01051566
0.009941772
0.009475102
0.009085704
0.008767342
0.00856378
0.008548051
0.008791158
0.009345411
0.01023441
0.01145214
0.012966
0.01472409
0.01666322
0.01871797
0.0208282
0.02294446
0.0250316
0.02706807
0.02904617
0.03091092
0.03254931
0.03384894
0.03472138
0.0351221
0.03504959
0.03454489
0.03369334
0.03261701
0.03144245
0.03028562
0.02923443
0.02834668
0.02764461
0.02712365
0.02675586
0.0265012
0.02631291
0.02614857
0.02597149
0.02575897
0.02550079
0.02520177
0.02487273
0.02453091
0.02419115
0.02386888
0.02357203
0.02330591
0.02302082
0.02261243
0.02196826
0.02099657
0.01964004
0.01788414
0.01575069
0.01329493
0.01058815
0.007714251
0.004752204
0.001886644
-0.000588078
-0.002386895
-0.003291969
-0.003187464
-0.002064512
-1.001455e-05
0.002763754
0.005941574
0.009193743
0.01222781
0.01482816
0.01686914
0.01831699
0.01923339
0.01976374
0.02009081
0.02039875
0.02084234
0.02153207
0.02252553
0.02383118
0.02541577
0.02721829
0.02913068
0.03098657
0.03260266
0.03382391
0.03454856
0.03473682
0.03440823
0.03363013
0.03250135
0.03113431
0.02964011
0.02811404
0.02662956
0.02523256
0.02398271
0.02296069
0.02223324
0.02184213
0.02179613
0.02207488
0.02263355
0.02341238
0.02434477
0.02535056
0.02632838
0.02717693
0.02781513
0.02819341
0.02829572
0.02813669
0.02775472
0.02720304
0.02653995
0.02582129
0.02509421
0.02439338
0.02373868
0.02310587
0.02240395
0.02150924
0.02030489
0.0187066
0.01667314
0.01420881
0.01135637
0.008187193
0.004788544
0.001250237
-0.002346587
-0.005935866
-0.009472085
-0.01293016
-0.01630447
-0.01960228
-0.02280145
-0.02578155
-0.02835413
-0.03033894
-0.03160502
-0.0320924
-0.03181433
-0.03084803
-0.02931708
-0.02737131
-0.0251647
-0.02283804
-0.0205058
-0.01824915
-0.01611402
-0.01411464
-0.01223957
-0.01046081
-0.008742278
-0.007080822
-0.005538549
-0.00421372
-0.003202702
-0.002576475
-0.002369156
-0.00257596
-0.003157534
-0.004048447
-0.005168842
-0.006435188
-0.007770803
-0.009112365
-0.01041451
-0.01165084
-0.01281276
-0.01390531
-0.01494355
-0.01594719
-0.01693719
-0.01793148
-0.0189434
-0.01998082
-0.02104625
-0.02213715
-0.02324813
-0.02437174
-0.02550082
-0.02662846
-0.02774978
-0.02886157
-0.02995546
-0.03100471
-0.03197149
-0.0328203
-0.03352692
-0.03408045
-0.03448512
-0.03475734
-0.03492261
-0.0350105
-0.03506796
-0.0351568
-0.03533496
-0.03564642
-0.03611605
-0.03674907
-0.03753331
-0.03844325
-0.03944636
-0.04050736
-0.04159371
-0.0426552
-0.04361883
-0.04441208
-0.04497874
-0.04528853
-0.04533767
-0.04512311
-0.04459823
-0.04368543
-0.04231809
-0.04045836
-0.03810678
-0.03529924
-0.03210226
-0.0285997
-0.02488433
-0.02104298
-0.01715337
-0.01327336
-0.009443305
-0.005683856
-0.002113487
0.001034957
0.003528761
0.005184872
0.005907576
0.005690127
0.004610742
0.002808014
0.0004598267
-0.002246602
-0.00513402
-0.00805609
-0.01090379
-0.01360485
-0.0160871
-0.01827834
-0.0201293
-0.02162257
-0.02277179
-0.02361715
-0.02421605
-0.02463505
-0.02493964
-0.02518892
-0.02542919
-0.02569361
-0.02599971
-0.0263524
-0.02671066
-0.02697804
-0.02704179
-0.02680397
-0.02620016
-0.02520609
-0.02383699
-0.02214006
-0.02018498
-0.01805105
-0.01581696
-0.01355178
-0.01133219
-0.009242494
-0.00734991
-0.00569665
-0.004295316
-0.003132437
-0.002173104
-0.001370614
-0.0006725581
-2.973433e-05
0.0006008616
0.001257029
0.001997668
0.002898938
0.004027169
0.005425937
0.007110462
0.009068761
0.01126677
0.01365539
0.016178
0.01877959
0.02141142
0.02403563
0.02662668
0.02917121
0.03163652
0.0339555
0.03605592
0.03787944
0.03939447
0.04058677
0.0414517
0.04199551
0.04224259
0.04223002
0.04200588
0.04155265
0.04075575
0.03947038
0.03757047
0.03498091
0.0316861
0.02773074
0.02320778
0.01829209
0.01326007
0.008425115
0.004064497
0.0003768508
-0.00253651
-0.004670391
-0.006100797
-0.006961638
-0.007417557
-0.007637825
-0.007775144
-0.007950383
-0.008245187
-0.008700622
-0.009321887
-0.01007053
-0.01086188
-0.01159078
-0.01215959
-0.01249558
-0.01255919
-0.01234509
-0.01187807
-0.01120457
-0.01038315
-0.00947504
-0.008536132
-0.007611118
-0.006730558
-0.005909943
-0.005151438
-0.004424385
-0.003651519
-0.002734703
-0.001584355
-0.0001371817
0.001636222
0.00373076
0.006111456
0.008723236
0.0114999
0.01437353
0.01726038
0.02004856
0.02262339
0.02489395
0.02680705
0.02835074
0.02955022
0.03045867
0.0311466
0.03169034
0.03216204
0.03262195
0.03311368
0.03365696
0.03422172
0.03473481
0.03511491
0.03529088
0.03521625
0.03487224
0.03426894
0.03343906
0.03243151
0.03130177
0.03010559
0.02889099
0.02769567
0.02654307
0.02544461
0.0243999
0.02340083
0.02243423
0.02151702
0.02072204
0.020151
0.01989706
0.02002062
0.02051892
0.02132903
0.02235514
0.02349045
0.02463466
0.02571971
0.02671824
0.02763191
0.02848295
0.02930355
0.03012881
0.03098946
0.03190806
0.03288581
0.03389389
0.03488582
0.03581288
0.0366342
0.03732278
0.03786825
0.03827568
0.03856325
0.0387569
0.03888714
0.03898374
0.03905613
0.03906654
0.03894232
0.03860898
0.03800761
0.03710596
0.03590107
0.03441732
0.03269889
0.03080329
0.02879147
0.02672164
0.0246416
0.02258738
0.0205812
0.01867803
0.0169728
0.01555608
0.01449538
0.01382163
0.01353
0.01358253
0.01391917
0.01446573
0.01514563
0.01585841
0.0164641
0.01681454
0.01679013
0.01631714
0.01537526
0.01399111
0.01222889
0.01017612
0.007929589
0.005581793
0.003211471
0.000876888
-0.001385364
-0.003560761
-0.005652194
-0.007675578
-0.009653373
-0.01161054
-0.01356924
-0.01554713
-0.01755389
-0.01959364
-0.02164183
-0.02364502
-0.02554565
-0.02729501
-0.02886238
-0.030237
-0.0314278
-0.03245971
-0.03336798
-0.03419223
-0.0349708
-0.03572113
-0.03641209
-0.03697538
-0.03733858
-0.03744431
-0.03725938
-0.03677882
-0.03602074
-0.03500803
-0.03376209
-0.03230932
-0.03068074
-0.02891134
-0.02703589
-0.02508762
-0.023095
-0.02108118
-0.01906254
-0.01704954
-0.01504706
-0.01305632
-0.01107476
-0.009099223
-0.007125094
-0.005149441
-0.003169879
-0.001223391
0.0006007864
0.002199156
0.003482752
0.004394855
0.004916971
0.005067864
0.004896434
0.004471669
0.003871478
0.003172687
0.002452389
0.001790644
0.001257932
0.0009034598
0.0007505874
0.0007978175
0.001023225
0.001391004
0.001858476
0.002382542
0.002917037
0.003409696
0.00381192
0.004087978
0.004219568
0.004205551
0.004059667
0.003805943
0.003474284
0.003095316
0.002697064
0.00230138
0.001918374
0.001525107
0.001069757
0.0004961716
-0.0002428748
-0.001176412
-0.002313213
-0.003642032
-0.005135904
-0.006757518
-0.008465502
-0.01021943
-0.01198478
-0.01373495
-0.01544894
-0.01709255
-0.01861986
-0.01999152
-0.02118197
-0.02218361
-0.02300572
-0.02367155
-0.02421352
-0.02466792
-0.02506714
-0.02542418
-0.02573072
-0.02597115
-0.02612883
-0.02619243
-0.02615716
-0.02602664
-0.02581104
-0.02552661
-0.02519145
-0.02482456
-0.02442577
-0.0239729
-0.02343823
-0.02279672
-0.02203276
-0.02114207
-0.02013746
-0.01905787
-0.01795959
-0.01689988
-0.0159267
-0.01507248
-0.0143522
-0.01376407
-0.01329231
-0.01291215
-0.01259427
-0.01230885
-0.01200913
-0.01160114
-0.01096279
-0.009985801
-0.008611553
-0.006867801
-0.004852921
-0.002697588
-0.0005351512
0.001519148
0.003381723
0.005006462
0.006384284
0.00753663
0.008507405
0.009352079
0.01012914
0.01089726
0.01172041
0.01266012
0.01376151
0.01504774
0.01652006
0.01816067
0.01993884
0.02181613
0.02375315
0.02571417
0.02767108
0.02960416
0.03150341
0.03336657
0.03519849
0.03700699
0.03880239
0.04059437
0.04239182
0.04419951
0.04602004
0.04781153
0.04948442
0.05094431
0.0521136
0.05294691
0.05343307
0.05359424
0.05347915
0.05315869
0.05271474
0.05222568
0.05175758
0.05135862
0.05105555
0.05085606
0.05075168
0.05072311
0.0507451
0.05079121
0.05083814
0.05086842
0.05087098
0.05084151
0.05078156
0.05069702
0.05059599
0.05048633
0.05035571
0.05015388
0.04981156
0.04926456
0.04846801
0.04740217
0.04607355
0.04451011
0.04275679
0.04086602
0.03889172
0.03688181
0.03487581
0.03290067
0.03099818
0.02922763
0.02764321
0.0262816
0.02515619
0.02425887
0.02356288
0.02302887
0.02261126
0.02226407
0.02194723
0.0216283
0.02128559
0.02090675
0.02048877
0.01999059
0.01932567
0.0184062
0.01716339
0.01556079
0.01359548
0.01129709
0.008718569
0.005927999
0.002997009
-6.406049e-06
-0.00302514
-0.006017199
-0.008957422
-0.01183536
-0.01465358
-0.01742332
-0.02016133
-0.02288529
-0.0256102
-0.02834867
-0.03110827
-0.03389158
-0.036697
-0.03952039
-0.04235537
-0.04518621
-0.04795277
-0.05055747
-0.05290539
-0.05492431
-0.05657752
-0.05786488
-0.05881964
-0.05949813
-0.05995358
-0.06022349
-0.06033856
-0.06032375
-0.0602021
-0.05999336
-0.05971597
-0.05938501
-0.05901438
-0.05861542
-0.05819812
-0.05776941
-0.05733548
-0.05689985
-0.0564661
-0.05603444
-0.05561636
-0.05523843
-0.05492912
-0.05471299
-0.05460497
-0.05460941
-0.05472008
-0.05492218
-0.05519559
-0.0555182
-0.05586816
-0.05622659
-0.05657912
-0.05691658
-0.05723473
-0.05753289
-0.05780146
-0.0580187
-0.0581624
-0.05821506
-0.05816821
-0.05802199
-0.05778535
-0.05747242
-0.05710215
-0.05669384
-0.05626612
-0.05583351
-0.05540718
-0.0549633
-0.05444104
-0.05377295
-0.0529029
-0.0517964
-0.05044265
-0.04885511
-0.04706613
-0.04512337
-0.04309207
-0.04104741
-0.03905781
-0.0371757
-0.0354318
-0.03383582
-0.03237859
-0.03103727
-0.02978051
-0.02857438
-0.0273878
-0.02619532
-0.02497883
-0.02372899
-0.02244376
-0.02112731
-0.01978733
-0.01843341
-0.01707527
-0.01572116
-0.0143765
-0.0130445
-0.01172564
-0.01041856
-0.009120105
-0.007826709
-0.006539629
-0.005279565
-0.0040854
-0.002996827
-0.002044957
-0.001246736
-0.0006038088
-0.0001037828
0.0002759976
0.000564487
0.0007903992
0.0009784879
0.001148676
0.001315455
0.001487941
0.001670306
0.001862466
0.002062054
0.002265295
0.002467978
0.002666529
0.002858411
0.003042579
0.003219217
0.003392717
0.003574304
0.003778262
0.004017435
0.004300854
0.004632563
0.005011726
0.005433272
0.005888611
0.006368216
0.006862244
0.007361788
0.007859797
0.008351471
0.008834326
0.009304729
0.009752445
0.01016309
0.01052367
0.0108253
0.01106477
0.0112444
0.0113714
0.01145606
0.01151011
0.01154561
0.01157329
0.01160148
0.01163488
0.01167051
0.01169858
0.0117074
0.01168652
0.01162892
0.01153165
0.01139576
0.01122588
0.01102892
0.01081323
0.01058716
0.0103612
0.01015025
0.009968145
0.009825388
0.009727461
0.009674949
0.009663941
0.00968734
0.009735972
0.009800514
0.009872271
0.009944146
0.01001107
0.01007025
0.01012087
0.01016374
0.01020049
0.01023365
0.01026689
0.01030683
0.01036166
0.0104386
0.01054247
0.01067514
0.01083534
0.0110198
0.01122344
0.01144048
0.01166514
0.01189243
0.01211846
0.01234082
0.01255784
0.01276975
0.0129772
0.01318156
0.01338415
0.01358655
0.01378971
0.01399464
0.01420121
0.01440996
0.01462088
0.01486158
0.01519036
0.01566744
0.01634194
0.01724154
0.0183713
0.01971504
0.02124045
0.0229044
0.02466059
0.02646459
0.02827936
0.03007681
0.03183984
0.03356136
0.03524301
0.0368919
0.03851904
0.04013584
0.0417536
0.04337985
0.04501909
0.04665611
0.04824856
0.04974603
0.05110393
0.05229264
0.05330063
0.05413405
0.05481398
0.05537213
0.0558448
0.05626818
0.05667433
0.05708828
0.05752665
0.05798547
0.05843311
0.05882346
0.0591106
0.05925953
0.05925104
0.05908286
0.05875968
0.05827562
0.05761749
0.0567769
0.05575419
0.05456069
0.05321718
0.05175135
0.05019403
0.04857554
0.04692378
0.04526201
0.04360647
0.04198053
0.04041596
0.03894099
0.037575
0.03632539
0.03518888
0.03415254
0.03319687
0.03229912
0.03143668
0.03058925
0.0297408
0.02887998
0.02800128
0.0271034
0.02618841
0.02526066
0.02432565
0.02338871
0.02245431
0.02152531
0.02060361
0.01968931
0.01878146
0.01787823
0.01697784
0.01607819
0.01517784
0.01427501
0.01336979
0.01246191
0.01155173
0.01063957
0.009726578
0.008813893
0.007933142
0.007157324
0.006570116
0.006242747
0.006219533
0.006513987
0.007109407
0.007965161
0.009024477
0.01022384
0.0115014
0.01280348
0.0140889
0.01533102
0.01651747
0.01764795
0.0187309
0.0197684
0.02075123
0.02166857
0.02251103
0.02327435
0.0239465
0.0245031
0.02491929
0.02517757
0.02527354
0.02521475
0.02501506
0.02467407
0.02417569
0.02350445
0.022652
0.02162146
0.02042715
0.01909275
0.01764753
0.01612337
0.01455078
0.01294689
0.01130923
0.009625504
0.007881049
0.006063679
0.004166156
0.002188661
0.0001373139
-0.001976164
-0.00413746
-0.006330537
-0.008540163
-0.01075331
-0.01296084
-0.01515628
-0.01733679
-0.01948167
-0.02153642
-0.02343067
-0.02510138
-0.02650766
-0.02763468
-0.02849358
-0.02911725
-0.02955332
-0.02985687
-0.03008225
-0.03027751
-0.03048057
-0.03071702
-0.03099965
-0.03133093
-0.03171408
-0.03217149
-0.03273883
-0.03344934
-0.03432622
-0.03537787
-0.03659768
-0.03796661
-0.03945657
-0.04103517
-0.04266919
-0.04432883
-0.04599023
-0.04763672
-0.04925857
-0.05085301
-0.05242197
-0.05396282
-0.05545107
-0.05684773
-0.05811602
-0.05922881
-0.06017377
-0.06095399
-0.06158224
-0.06206306
-0.06238933
-0.06255627
-0.06256413
-0.06241184
-0.06205508
-0.06141134
-0.06040245
-0.05897469
-0.05710991
-0.05482668
-0.05217528
-0.04922688
-0.04606412
-0.04276964
-0.03941764
-0.03606703
-0.03275854
-0.02951462
-0.02634118
-0.02323126
-0.02018174
-0.01721677
-0.01438139
-0.01171965
-0.009263693
-0.007028182
-0.005008523
-0.003182919
-0.001517647
2.819984e-05
0.001496845
0.002927189
0.004347066
0.005755501
0.007124366
0.008417711
0.009601468
0.01065234
0.0115598
0.01232801
0.01297205
0.01351313
0.01396181
0.01431639
0.01457197
0.01472598
0.01477992
0.01474109
0.01462057
0.01443308
0.01417003
0.01379512
0.01326869
0.01255875
0.01164928
0.01054103
0.009251119
0.007809044
0.006268101
0.004712341
0.003236591
0.001923999
0.0008329387
1.241095e-07
-0.0005577156
-0.0008480496
-0.0008991284
-0.0007547911
-0.000466651
-8.731375e-05
0.0003389534
0.0007852915
0.00124187
0.001709543
0.002195415
0.002708582
0.003257237
0.003846407
0.004470168
0.005105707
0.005721208
0.00628517
0.006772867
0.007169263
0.007470282
0.007681335
0.007807294
0.007835725
0.007741307
0.007500542
0.007098722
0.006533252
0.00581387
0.004960595
0.004000431
0.002963497
0.001879489
0.0007747458
-0.000329958
-0.001420363
-0.002488529
-0.003524517
-0.004508833
-0.00541866
-0.006235259
-0.006947964
-0.007555615
-0.008065805
-0.008492819
-0.008855308
-0.009173432
-0.009466589
-0.009751219
-0.01003987
-0.01034062
-0.01065732
-0.01099002
-0.01133629
-0.01169193
-0.01205243
-0.01241332
-0.01277088
-0.01311475
-0.01342137
-0.01366168
-0.01381052
-0.01385169
-0.01377991
-0.0136004
-0.01332708
-0.01297974
-0.01258072
-0.01215342
-0.01172215
-0.0113093
-0.01093185
-0.01059963
-0.01031555
-0.01007649
-0.009874805
-0.00970027
-0.009542065
-0.009390124
-0.009236356
-0.00907511
-0.008903491
-0.008720948
-0.008528794
-0.008329507
-0.008126177
-0.007921744
-0.007718817
-0.007518878
-0.007323002
-0.007131336
-0.006943295
-0.006757924
-0.006574273
-0.006396533
-0.006242591
-0.006139441
-0.006112904
-0.006181883
-0.006355421
-0.006632265
-0.007002293
-0.007448737
-0.007951395
-0.008489083
-0.009042487
-0.00958866
-0.01010117
-0.01055787
-0.01094403
-0.01125398
-0.0114903
-0.0116623
-0.01178369
-0.01187033
-0.01193763
-0.01199903
-0.01206477
-0.01214146
-0.01223217
-0.01233681
-0.01245302
-0.01257738
-0.0127057
-0.01283433
-0.01296039
-0.01308896
-0.0132357
-0.01341948
-0.01365729
-0.01396057
-0.01433397
-0.01477504
-0.01527585
-0.01582428
-0.01640654
-0.01700828
-0.01761736
-0.01822378
-0.01882065
-0.01938118
-0.01985007
-0.0201663
-0.02027925
-0.02015888
-0.01979839
-0.01921317
-0.01843556
-0.01750919
-0.01648177
-0.01539939
-0.01430134
-0.01321719
-0.0121659
-0.01115609
-0.0101871
-0.009257223
-0.008366337
-0.007513638
-0.006696956
-0.005912725
-0.005156478
-0.004423061
-0.003707059
-0.00300345
-0.002307792
-0.001616459
-0.0009266329
-0.0002364148
0.0004550759
0.001148251
0.00184308
0.002539121
0.003235823
0.003932616
0.004629106
0.00532502
0.006020025
0.006712153
0.007390009
0.00803363
0.008623464
0.009144352
0.009588663
0.00995601
0.01025283
0.0104845
0.01064811
0.0107363
0.01074308
0.01066638
0.01050524
0.01025593
0.009915247
0.009483668
0.008966592
0.008373886
0.007718998
0.007017042
0.006283444
0.005532089
0.004774651
0.004019618
0.00327241
0.002535294
0.001808342
0.001089644
0.0003766455
-0.000333589
-0.001032269
-0.001694693
-0.002291344
-0.002796369
-0.003193058
-0.003475609
-0.003649047
-0.003727143
-0.003729837
-0.003679787
-0.003599359
-0.003508228
-0.003421697
-0.003349922
-0.003297887
-0.003266141
-0.003251872
-0.003250217
-0.003255415
-0.003262003
-0.0032655
-0.003262925
-0.0032526
-0.003228477
-0.003170385
-0.003048698
-0.002835768
-0.002512092
-0.002069283
-0.00151022
-0.0008474169
-0.0001003158
0.0007079252
0.001553812
0.002416155
0.003277866
0.004127084
0.004957262
0.005766779
0.006557697
0.007334354
0.008102564
0.008868075
0.009635689
0.01040887
0.01118943
0.0119767
0.01276335
0.01353649
0.01428315
0.01499277
0.01565916
0.01628082
0.01686072
0.01740527
0.01792289
0.01842274
0.01891382
0.01940356
0.01989741
0.02039869
0.02090867
0.02142522
0.02193681
0.02242391
0.0228674
0.02325187
0.02356884
0.02381009
0.02396672
0.02403426
0.02401378
0.02391249
0.02373996
0.02349463
0.02316434
0.0227363
0.02220212
0.02156047
0.02081734
0.01998538
0.01908175
0.01812571
0.01713645
0.01613135
0.0151243
0.01412515
0.0131393
0.01216879
0.01121248
0.01026711
0.009328505
0.008392406
0.007455152
0.006513969
0.005567274
0.004614828
0.003657164
0.002695426
0.001731156
0.0007659542
-0.0001988168
-0.001162221
-0.002123815
-0.003083099
-0.004040427
-0.004996254
-0.005951161
-0.006905614
-0.007859927
-0.008805324
-0.009716687
-0.01056133
-0.01130993
-0.01194253
-0.01245101
-0.01283928
-0.01312133
-0.01331827
-0.01345453
-0.01355457
-0.0136405
-0.01372967
-0.01383379
-0.01395897
-0.01410632
-0.01427327
-0.01445458
-0.01464409
-0.01483571
-0.01502451
-0.01520688
-0.0153798
-0.01553567
-0.015663
-0.01575086
-0.0157917
-0.01578298
-0.01572615
-0.01562678
-0.01549292
-0.0153342
-0.01516014
-0.01497937
-0.01479865
-0.0146229
-0.01445453
-0.0142944
-0.01414171
-0.01400415
-0.0138993
-0.01384533
-0.01385689
-0.01394217
-0.01410228
-0.01433158
-0.01461948
-0.01495214
-0.01531476
-0.01569313
-0.01607533
-0.01645248
-0.0168191
-0.01717278
-0.01751393
-0.01784477
-0.0181688
-0.01848949
-0.01881018
-0.01913346
-0.01945559
-0.01975852
-0.02001444
-0.02019652
-0.02028468
-0.02026875
-0.02014899
-0.01993512
-0.01964348
-0.01929433
-0.01890893
-0.01850691
-0.01810426
-0.01771232
-0.01733842
-0.01698914
-0.01667046
-0.01638596
-0.01613623
-0.01591901
-0.01572975
-0.01556247
-0.0154108
-0.01526865
-0.01513067
-0.0149928
-0.01485235
-0.01470798
-0.01455946
-0.0144071
-0.01425221
-0.01409615
-0.01393997
-0.01378467
-0.01363087
-0.01347888
-0.01332859
-0.0131797
-0.01303174
-0.01288424
-0.01273073
-0.01255695
-0.01234676
-0.0120865
-0.01176762
-0.0113875
-0.01094956
-0.01046176
-0.009934966
-0.009381432
-0.00881308
-0.008240275
-0.007670796
-0.007109705
-0.006559395
-0.006019933
-0.005489462
-0.004965369
-0.004444442
-0.003923619
-0.003387346
-0.002803018
-0.002134862
-0.001352529
-0.0004376964
0.0006145039
0.001795839
0.003088121
0.004466415
0.00590338
0.007372118
0.0088497
0.01030726
0.01170213
0.01298843
0.01412973
0.01510511
0.015911
0.01655915
0.01707379
0.01747698
0.01778074
0.01799206
0.01811655
0.01816091
0.01813327
0.01804361
0.01790327
0.01772404
0.01751737
0.01729374
0.01706175
0.01682444
0.01657555
0.01630378
0.01599788
0.01564881
0.01525192
0.0148071
0.01431858
0.01379375
0.01324172
0.01267233
0.01209475
0.01151645
0.01094288
0.01037725
0.009820672
0.009272531
0.008730999
0.008193712
0.007658228
0.00712227
0.006584236
0.006043111
0.005498648
0.004951062
0.004400992
0.003849346
0.003297067
0.002744882
0.002193452
0.001643104
0.001094027
0.0005460537
-1.045498e-06
-0.0005475085
-0.001093668
-0.001639892
-0.002186342
-0.002733208
-0.003280466
-0.003827959
-0.004374252
-0.004917033
-0.005453922
-0.005983235
-0.006503869
-0.007015831
-0.007519722
-0.00801705
-0.00850924
-0.008998281
-0.009485613
-0.009972404
-0.01044014
-0.01084392
-0.01113175
-0.01125898
-0.01119731
-0.01093778
-0.0104904
-0.009885375
-0.009170305
-0.008398949
-0.007622298
-0.006881646
-0.006205203
-0.005607048
-0.00508835
-0.004639658
-0.004244868
-0.003884572
-0.003539621
-0.003193477
-0.002833946
-0.002453935
-0.002051267
-0.001634598
-0.001225062
-0.0008475977
-0.0005247703
-0.0002721616
-9.710993e-05
1.684364e-06
3.258545e-05
9.193783e-06
-5.252425e-05
-0.0001361927
-0.0002273917
-0.0003145646
-0.0003901009
-0.0004473197
-0.0004791841
-0.0004801352
-0.0004474399
-0.0003814014
-0.0002850614
-0.0001633531
-2.23935e-05
0.0001314367
0.0002922597
0.0004552702
0.000616869
0.0007749083
0.0009284601
0.001077575
0.001218791
0.00133817
0.001414634
0.001428312
0.001364707
0.00121725
0.0009872901
0.0006832992
0.0003186872
-9.031728e-05
-0.0005270617
-0.0009762598
-0.001425649
-0.001866341
-0.002287906
-0.002669025
-0.002981732
-0.00320155
-0.003312482
-0.00330924
-0.003196972
-0.002989422
-0.002706079
-0.00236912
-0.002000356
-0.001619273
-0.001240933
-0.0008753876
-0.0005278435
-0.0001991323
0.0001131306
0.0004134737
0.0007072154
0.0009994759
0.001294461
0.001595154
0.001902887
0.002217764
0.002538889
0.002870834
0.003228706
0.003632412
0.004100202
0.004644387
0.005269727
0.005973338
0.006746076
0.007574292
0.008442271
0.009333884
0.01023495
0.01112423
0.011973
0.01275543
0.01345298
0.0140574
0.01456985
0.01499997
0.01536342
0.01567874
0.01595983
0.01621015
0.01642568
0.01660011
0.01672758
0.01680497
0.01683266
0.01681445
0.01675692
0.01666859
0.01655619
0.01641977
0.01625355
0.01605094
0.01580682
0.01551892
0.01518819
0.01481876
0.01441704
0.01399092
0.01354848
0.01309748
0.01264433
0.01219382
0.01174876
0.01131055
0.01087882
0.01045263
0.01003009
0.009615566
0.009220508
0.008857033
0.008535238
0.008261068
0.008035815
0.007856373
0.007716056
0.007606177
0.007521406
0.007468015
0.007461027
0.007516149
0.007645293
0.007854147
0.008141452
0.008499812
0.008917174
0.009378786
0.009869132
0.01037393
0.01088106
0.01137891
0.01184475
0.0122463
0.01255439
0.01274844
0.01282001
0.01277218
0.01261724
0.01236925
0.01204126
0.01164683
0.01119959
0.01071244
0.01019712
0.00966354
0.009119546
0.008570785
0.008020849
0.007471742
0.006924179
0.006377898
0.005832231
0.005286348
0.004739553
0.004191285
0.003641312
0.003089734
0.002536881
0.001983278
0.001437403
0.0009216338
0.0004646486
9.206612e-05
-0.0001787657
-0.0003410105
-0.0003983562
-0.0003632621
-0.0002542315
-9.274805e-05
9.961025e-05
0.0003003215
0.000486257
0.0006381549
0.0007428841
0.0007946715
0.0007944034
0.000748491
0.0006667912
0.0005608631
0.0004420185
0.0003201644
0.0002026977
9.432899e-05
-3.026576e-06
-8.959908e-05
-0.0001673959
-0.000239234
-0.0003083615
-0.0003775329
-0.0004489014
-0.0005167392
-0.0005621909
-0.0005599364
-0.0004867387
-0.00032623
-7.121787e-05
0.0002761985
0.0007059312
0.001202323
0.001746672
0.002320028
0.00290525
0.003488744
0.004061032
0.004617026
0.00515194
0.005657608
0.006124898
0.006546917
0.006920475
0.007246453
0.007529252
0.007776043
0.007995442
0.008196313
0.008379509
0.008531404
0.008630614
0.008656442
0.008594022
0.008436799
0.008185771
0.007843565
0.007413228
0.006900918
0.006316053
0.00567078
0.004978596
0.004253265
0.003507341
0.002751384
0.001993394
0.001238734
0.000490193
-0.0002512481
-0.00097767
-0.001659577
-0.002253159
-0.002717125
-0.003021624
-0.003153086
-0.003114463
-0.002923257
-0.00260728
-0.002200107
-0.001736111
-0.001246764
-0.0007575376
-0.0002942186
0.0001145851
0.000444687
0.0006805755
0.0008173918
0.0008599471
0.0008209076
0.0007178788
0.000570609
0.0003981813
0.0002171652
4.005724e-05
-0.0001249216
-0.0002740725
-0.0004071455
-0.0005251253
-0.0006227396
-0.0006884602
-0.0007106051
-0.000680313
-0.0005932955
-0.0004502319
-0.0002562406
-1.97743e-05
0.0002487728
0.00053846
0.0008391227
0.001142252
0.001441642
0.001733468
0.002016242
0.002290259
0.002557087
0.002813767
0.003048211
0.003243789
0.003385307
0.003462337
0.003470705
0.003412586
0.003295559
0.003131008
0.002932232
0.002712633
0.002484301
0.002256853
0.002036888
0.001827956
0.001630937
0.001444535
0.001266117
0.001092321
0.0009201322
0.0007517198
0.0006025989
0.0004975231
0.0004606536
0.0005101659
0.0006552485
0.0008956806
0.001222805
0.001621732
0.002073914
0.002559975
0.003061923
0.003564886
0.004052015
0.004502327
0.004896935
0.005222599
0.005473875
0.005652543
0.005766972
0.005829483
0.005854671
0.005848684
0.005807003
0.005721663
0.005584875
0.005391852
0.005141681
0.004833248
0.004461023
0.00401831
0.003501422
0.002911118
0.002252792
0.001535914
0.000772544
-2.414618e-05
-0.0008414449
-0.001668211
-0.002495604
-0.003317632
-0.00413108
-0.004935062
-0.005730532
-0.00651965
-0.007304919
-0.008081258
-0.008823333
-0.009492283
-0.01005072
-0.01047097
-0.01073962
-0.01085807
-0.01084085
-0.0107119
-0.01050062
-0.01023757
-0.009950786
-0.009663097
-0.009390746
-0.009142949
-0.008922628
-0.008727458
-0.008551674
-0.008388032
-0.008228858
-0.008067562
-0.007897344
-0.007710096
-0.007498108
-0.007256075
-0.006981835
-0.006676469
-0.00634358
-0.005988641
-0.005617919
-0.00523775
-0.004853661
-0.004470058
-0.004089825
-0.003714625
-0.003344576
-0.002979218
-0.002617401
-0.002269614
-0.001959503
-0.001711784
-0.001546711
-0.001475825
-0.001501454
-0.001616909
-0.001808844
-0.002059375
-0.002349245
-0.002659866
-0.002975558
-0.003284526
-0.003579503
-0.003857304
-0.004118444
-0.004365832
-0.004603974
-0.004837652
-0.00507136
-0.00530849
-0.005551317
-0.005800527
-0.006054157
-0.006300943
-0.006521849
-0.006697792
-0.006813887
-0.006861944
-0.006840849
-0.006755991
-0.00661769
-0.006439249
-0.006234873
-0.006017869
-0.005799345
-0.005587392
-0.005386794
-0.005199237
-0.005023956
-0.004858394
-0.004699137
-0.004542467
-0.004385184
-0.004224927
-0.004060222
-0.003890597
-0.003716422
-0.003538425
-0.003357268
-0.003173482
-0.002987557
-0.002799926
-0.002610935
-0.002420864
-0.002229941
-0.002038335
-0.001846186
-0.001653582
-0.001460607
-0.001267377
-0.001073922
-0.0008803431
-0.000686786
-0.0004976931
-0.0003251902
-0.0001848644
-9.070226e-05
-5.220168e-05
-7.311578e-05
-0.0001514422
-0.0002804339
-0.000449975
-0.0006483472
-0.0008638114
-0.001085837
-0.001306225
-0.001519399
-0.001722478
-0.001914946
-0.002098133
-0.002274487
-0.00244707
-0.002620423
-0.002806763
-0.003024763
-0.003291993
-0.003621474
-0.004019386
-0.004485195
-0.00501217
-0.005589275
-0.006203098
-0.006839838
-0.007486759
-0.008133649
-0.008773218
-0.009401559
-0.01001744
-0.01062203
-0.01121797
-0.01180875
-0.01239769
-0.01298781
-0.01358115
-0.01417906
-0.01478158
-0.01538821
-0.01599811
-0.01661002
-0.01722259
-0.0178348
-0.01844577
-0.01905528
-0.01966291
-0.02026906
-0.02087388
-0.0214782
-0.02208194
-0.02268529
-0.02325925
-0.02374277
-0.02407238
-0.02419659
-0.02408635
-0.02373562
-0.0231613
-0.02239705
-0.02148784
-0.02048198
-0.01942585
-0.01835846
-0.01730927
-0.01629594
-0.01532613
-0.01439843
-0.01351634
-0.01269181
-0.01193658
-0.01125912
-0.01066211
-0.01014213
-0.009690809
-0.009295998
-0.008943663
-0.008619512
-0.008313512
-0.008025971
-0.007765383
-0.007542241
-0.007365799
-0.007241532
-0.007170545
-0.007149346
-0.00717087
-0.007225719
-0.007303502
-0.007393951
-0.007488336
-0.007579859
-0.00766424
-0.007739337
-0.007805088
-0.007862782
-0.007909686
-0.007930239
-0.007900232
-0.007796476
-0.007602025
-0.007308981
-0.006918444
-0.006440509
-0.005890842
-0.005288216
-0.004652337
-0.004001092
-0.003349188
-0.002706878
-0.002080055
-0.001470609
-0.0008771672
-0.000295988
0.000277547
0.000848272
0.001420278
0.00199674
0.00257935
0.003168418
0.003763341
0.004362891
0.004965243
0.005568707
0.006171663
0.006773149
0.007372432
0.007969302
0.008563939
0.00915694
0.009748786
0.01034022
0.01093168
0.01152385
0.01211672
0.01270748
0.01328041
0.01380804
0.01426309
0.01462453
0.01488129
0.01503282
0.01508796
0.01506262
0.01497713
0.01485287
0.01470971
0.0145642
0.01442825
0.01430907
0.01420906
0.01412698
0.01405916
0.01400054
0.0139457
0.01388992
0.01382965
0.01376284
0.01368877
0.01360798
0.01352358
0.01344327
0.01337749
0.01333611
0.01332621
0.01335147
0.0134115
0.01350277
0.01361971
0.01375519
0.01390195
0.01405335
0.0142041
0.01435056
0.01449066
0.01462398
0.01475119
0.01487394
0.01499391
0.01511292
0.01522595
0.01532049
0.01538281
0.01540152
0.01536984
0.01528596
0.01515292
0.01497766
0.01476969
0.01453949
0.01429714
0.01405139
0.01380889
0.01357387
0.01334816
0.01313172
0.01292299
0.0127197
0.01251903
0.01231853
0.01211636
0.0119112
0.01170249
0.01149035
0.01127529
0.01105588
0.01082663
0.01058022
0.01030995
0.0100113
0.00968242
0.009324389
0.008940536
0.008535995
0.008116483
0.007688019
0.007255823
0.00682417
0.006395802
0.005972397
0.005554108
0.005140746
0.004735833
0.004366129
0.004078847
0.003920894
0.003928419
0.004120345
0.004497439
0.005043979
0.005731831
0.006525526
0.007387681
0.008283405
0.009183591
0.01006706
0.01091102
0.01168919
0.0123811
0.01297484
0.01346906
0.01387097
0.01419496
0.01445917
0.01468334
0.01488588
0.0150823
0.01528379
0.01549308
0.01569696
0.01587138
0.015991
0.0160356
0.01599305
0.01586061
0.01564417
0.01535665
0.01501501
0.0146379
0.01424302
0.01384541
0.01345616
0.0130819
0.01272522
0.01238548
0.01205926
0.01174206
0.0114289
0.01111544
0.01079821
0.01047519
0.01014579
0.009820374
0.009527239
0.009303113
0.009181229
0.009184592
0.009322884
0.009592402
0.009978224
0.01045762
0.01100376
0.01158958
0.01219092
0.01278863
0.01336971
0.01392734
0.01446025
0.01497148
0.01546668
0.0159527
0.01643628
0.016923
0.01741685
0.01791963
0.01843154
0.01895162
0.01947762
0.02000709
0.02053743
0.02106519
0.02158034
0.02206721
0.02251105
0.02290109
0.02323206
0.02350465
0.02372464
0.02390135
0.02404065
0.02413858
0.02418591
0.02417343
0.02409495
0.02394909
0.02373943
0.02347379
0.02316305
0.02281933
0.02245511
0.02208142
0.02170714
0.02133825
0.02097514
0.02060041
0.02018129
0.01968379
0.01908112
0.0183579
0.01751089
0.01654892
0.01548973
0.01435679
0.01317528
0.01196919
0.01075886
0.009559294
0.008379404
0.007222786
0.006088365
0.004972069
0.003871383
0.002792974
0.00175073
0.0007585517
-0.0001731003
-0.001038895
-0.001839433
-0.002580476
-0.003271992
-0.003926144
-0.004555673
-0.005172567
-0.005786974
-0.006406141
-0.007034576
-0.007673942
-0.008323996
-0.008982683
-0.009646723
-0.01031326
-0.0109796
-0.01164352
-0.01230381
-0.01295985
-0.01361186
-0.01425153
-0.01485864
-0.01541016
-0.01588639
-0.01627514
-0.01657288
-0.01678459
-0.01692203
-0.0170013
-0.01704035
-0.01705694
-0.01706633
-0.01708021
-0.01710611
-0.01714761
-0.01720492
-0.01727557
-0.01735555
-0.01744045
-0.01752603
-0.01760882
-0.01768655
-0.01775486
-0.01780487
-0.01782563
-0.01780794
-0.0177465
-0.01763991
-0.01749092
-0.01730544
-0.01709153
-0.01685804
-0.01661345
-0.0163651
-0.01611875
-0.01587798
-0.01564456
-0.01541846
-0.01519843
-0.01497602
-0.01473079
-0.01443728
-0.01407289
-0.01362225
-0.01307921
-0.01244683
-0.01173581
-0.01096203
-0.01014387
-0.00929987
-0.00844639
-0.007596211
-0.006757935
-0.005935869
-0.005130661
-0.004340076
-0.003560028
-0.002785876
-0.002013115
-0.001237874
-0.0004576709
0.0003287093
0.001118293
0.001901952
0.002667524
0.003403689
0.004102279
0.004759373
0.005375348
0.005954373
0.006503277
0.00703048
0.007544371
0.008049304
0.008539378
0.009000944
0.009419322
0.009782758
0.01008463
0.01032422
0.01050607
0.01063919
0.01073509
0.01080613
0.01085559
0.01087359
0.01084468
0.01075396
0.01059091
0.01035156
0.01003849
0.009659875
0.009228037
0.008757398
0.008256028
0.007721344
0.007145861
0.006521606
0.005843081
0.005108332
0.004319788
0.003483463
0.002608192
0.001704117
0.0007816322
-0.000149599
-0.001081825
-0.002009586
-0.00292959
-0.003840715
-0.004743522
-0.00563984
-0.006531832
-0.007414172
-0.008267834
-0.00906723
-0.00978867
-0.01041585
-0.01094184
-0.01136961
-0.01171013
-0.01197991
-0.01219899
-0.01238737
-0.01256306
-0.01274036
-0.01292916
-0.01313482
-0.01335849
-0.01359814
-0.01384977
-0.01410849
-0.0143693
-0.01462808
-0.01488188
-0.01512925
-0.01536987
-0.01560448
-0.01583466
-0.01606217
-0.01628635
-0.01650019
-0.01669224
-0.01685125
-0.01696868
-0.01704016
-0.01706595
-0.01705022
-0.017
-0.01692418
-0.01683199
-0.01673207
-0.0166314
-0.01653492
-0.01644578
-0.01636494
-0.01629181
-0.01622474
-0.01616154
-0.01609991
-0.01603779
-0.01597359
-0.01590662
-0.01583758
-0.01577244
-0.01572174
-0.01569607
-0.01570387
-0.01574968
-0.01583423
-0.0159547
-0.01610537
-0.01627882
-0.0164671
-0.0166627
-0.01685942
-0.01705256
-0.01723935
-0.01741887
-0.0175915
-0.01775862
-0.01792216
-0.01808419
-0.01824653
-0.01840883
-0.01856337
-0.01869573
-0.01879088
-0.01883698
-0.01882746
-0.0187613
-0.01864276
-0.01847998
-0.01828368
-0.01806541
-0.01783602
-0.01760463
-0.01737799
-0.01716019
-0.01695287
-0.0167554
-0.01656589
-0.01638172
-0.01619994
-0.0160179
-0.01583358
-0.01564579
-0.0154541
-0.01525865
-0.01506027
-0.01485994
-0.01465873
-0.01445753
-0.01425718
-0.01405814
-0.01386389
-0.01368298
-0.01352665
-0.01340483
-0.01332401
-0.01328654
-0.01329075
-0.01333152
-0.01340143
-0.01349184
-0.01359432
-0.01370137
-0.01380711
-0.01390753
-0.01400069
-0.01408627
-0.0141653
-0.01423943
-0.01431091
-0.0143818
-0.01445381
-0.01452796
-0.01460265
-0.01467007
-0.01471818
-0.01473525
-0.01471261
-0.01464582
-0.01453488
-0.01438378
-0.01419953
-0.01399073
-0.01376656
-0.013535
-0.01330317
-0.01307613
-0.0128565
-0.01264519
-0.01244154
-0.01224378
-0.01204975
-0.01185713
-0.01166811
-0.01149087
-0.01133553
-0.0112113
-0.01112437
-0.01107719
-0.01106841
-0.01109341
-0.01114552
-0.01121696
-0.01129981
-0.01138705
-0.01147317
-0.01155444
-0.01162891
-0.01169612
-0.01175705
-0.01181337
-0.01186703
-0.01191996
-0.01197377
-0.01202755
-0.01207755
-0.01211922
-0.01214871
-0.0121634
-0.01216204
-0.01214516
-0.01211456
-0.01207305
-0.01202379
-0.01196999
-0.01191453
-0.01185975
-0.0118071
-0.01175743
-0.01171078
-0.01166687
-0.01162492
-0.01158402
-0.01154352
-0.0115078
-0.01148689
-0.01149154
-0.01153056
-0.01160915
-0.01172861
-0.0118862
-0.01207642
-0.01229188
-0.01252426
-0.01276567
-0.0130094
-0.01325038
-0.01348545
-0.01371295
-0.01393333
-0.0141479
-0.01435838
-0.01456691
-0.01477532
-0.01498525
-0.01519754
-0.01541218
-0.01561578
-0.01577114
-0.01583006
-0.01574916
-0.01549891
-0.01506737
-0.01446016
-0.01369754
-0.01281051
-0.011835
-0.01080687
-0.009758308
-0.008714677
-0.00769322
-0.006702746
-0.005744774
-0.004815516
-0.003907384
-0.003011171
-0.00211803
-0.001220626
-0.0003138835
0.0006048693
0.001536091
0.002477678
0.003427007
0.004380889
0.005336012
0.006289635
0.007239856
0.008185807
0.009127365
0.01006488
0.01099944
0.01193234
0.01286474
0.01379757
0.01473151
0.01566713
0.01660448
0.01754304
0.0184827
0.01942307
0.0203637
0.02130417
0.02224419
0.02318376
0.02412278
0.02506115
0.02599909
0.02693686
0.02787451
0.02881221
0.02974998
0.03068825
0.03162681
0.03256504
0.03350365
0.03444219
0.03537603
0.03628861
0.03715584
0.03795492
0.03866926
0.03929097
0.03982166
0.04027051
0.04065246
0.04098547
0.04128827
0.04157771
0.04186479
0.04214417
0.04239614
0.04259688
0.04272545
0.04276807
0.04271987
0.04258469
0.0423733
0.04210081
0.04178279
0.04143303
0.0410633
0.0406831
0.04029922
0.0399161
0.03953529
0.03915705
0.03878088
0.03840499
0.0380279
0.0376482
0.03726526
0.0368787
0.03648875
0.03609606
0.03570491
0.03532282
0.03495756
0.03461536
0.03429993
0.03401211
0.03374976
0.03350908
0.03328506
0.03307192
0.03286428
0.0326576
0.03244865
0.03223533
0.03201675
0.03179317
0.03156575
0.0313356
0.03110435
0.0308731
0.03064274
0.03040072
0.03011881
0.02976842
0.02932597
0.02877741
0.02811966
0.02735989
0.02651332
0.0256001
0.02464214
0.02366072
0.02267388
0.02169489
0.0207321
0.01978912
0.01886542
0.01795755
0.01706017
0.01616799
0.0152759
0.01437975
0.01347708
0.0125669
0.01164965
0.01072652
0.009799308
0.008870231
0.007941179
0.007013484
0.006088121
0.005165497
0.004245548
0.00332773
0.002411216
0.001495627
0.0005802097
-0.0003357607
-0.001252524
-0.002170309
-0.003088948
-0.004008189
-0.004917069
-0.005785676
-0.006575794
-0.007253136
-0.007794382
-0.00819027
-0.008445605
-0.008577055
-0.008609329
-0.00857096
-0.008490861
-0.008394698
-0.008302604
-0.008228214
-0.008178554
-0.008154918
-0.008154057
-0.008169844
-0.008195048
-0.008222673
-0.008246813
-0.008263432
-0.008270464
-0.008267854
-0.008256904
-0.008239546
-0.008218677
-0.008196866
-0.008176249
-0.008158303
-0.008143809
-0.008132903
-0.008125143
-0.008119667
-0.008115553
-0.00811189
-0.00810786
-0.008102887
-0.008096654
-0.008089187
-0.008080593
-0.008071056
-0.008061002
-0.008050785
-0.00804067
-0.008030874
-0.008021543
-0.008014623
-0.008013967
-0.008023472
-0.008046366
-0.008084403
-0.008137807
-0.008205427
-0.008285023
-0.008373773
-0.008468578
-0.008566353
-0.008664778
-0.008762017
-0.008856952
-0.008949129
-0.009038672
-0.009126114
-0.009212161
-0.009297524
-0.009382964
-0.009469011
-0.009555981
-0.009643985
-0.009732958
-0.009822767
-0.009913105
-0.01000361
-0.01009413
-0.01018445
-0.01027442
-0.01036399
-0.01045322
-0.01054304
-0.01063642
-0.01073775
-0.01085119
-0.0109798
-0.01112495
-0.01128644
-0.01146258
-0.01165081
-0.01184778
-0.01205014
-0.01225874
-0.01248126
-0.01272913
-0.0130132
-0.01334124
-0.01371675
-0.01413867
-0.0146021
-0.01509934
-0.0156213
-0.01615846
-0.01670231
-0.01724579
-0.01778239
-0.01829849
-0.01877465
-0.01919335
-0.0195422
-0.01981605
-0.02001687
-0.02015282
-0.02023633
-0.02028189
-0.02030421
-0.02031663
-0.02032969
-0.02035063
-0.02038339
-0.02042895
-0.02048604
-0.0205516
-0.02062209
-0.02069419
-0.02076477
-0.02083179
-0.0208941
-0.02095158
-0.02100483
-0.02105484
-0.0211029
-0.02115048
-0.02119853
-0.02124772
-0.02129309
-0.02132002
-0.02130932
-0.02124338
-0.02111028
-0.02090504
-0.02062956
-0.02029181
-0.01990393
-0.01948028
-0.01903521
-0.01858158
-0.01812962
-0.01768644
-0.01725551
-0.01683551
-0.01641325
-0.01596543
-0.01546849
-0.014903
-0.01425835
-0.01353217
-0.01272986
-0.01186325
-0.01094788
-0.01000078
-0.009037942
-0.008072776
-0.007115352
-0.006171649
-0.005243824
-0.004331022
-0.003430326
-0.002537555
-0.001648218
-0.0007582558
0.0001350912
0.001033743
0.001938378
0.00284862
0.003763289
0.004680884
0.005599838
0.006518766
0.007436321
0.008352015
0.009265501
0.01017676
0.01107689
0.01194691
0.01276743
0.01352264
0.01420335
0.01480826
0.01534291
0.01581797
0.01624758
0.01664696
0.01703071
0.01741101
0.01779687
0.01819398
0.01860466
0.01902838
0.01946274
0.01990418
0.02034901
0.02079353
0.02122932
0.02164167
0.02201482
0.02233599
0.02259805
0.0227997
0.02294553
0.02304398
0.0231063
0.02314471
0.02317075
0.02319402
0.02322175
0.02325827
0.02330556
0.02336298
0.02342852
0.0235012
0.02358153
0.02367084
0.02377058
0.0238817
0.02400448
0.02413819
0.02428164
0.02443307
0.02459054
0.02475188
0.02491533
0.0250792
0.02524259
0.02540447
0.02556449
0.02571237
0.02582634
0.0258841
0.02586771
0.02576712
0.02558065
0.02531448
0.02498086
0.02459596
0.02417698
0.02374037
0.02329999
0.02286614
0.02244518
0.02203941
0.02164844
0.02126965
0.02089883
0.02053168
0.02016322
0.01978698
0.01939578
0.01898397
0.0185483
0.01808828
0.01760559
0.01710381
0.0165876
0.01606205
0.01553181
0.01500068
0.01447166
0.01394655
0.01342582
0.01290933
0.01239612
0.01188512
0.0113751
0.01087035
0.01038517
0.00993852
0.009547548
0.009224228
0.008973603
0.008793679
0.00867654
0.008609799
0.008579325
0.008570857
0.008571192
0.008570134
0.008560526
0.008538746
0.008503857
0.008457371
0.008402184
0.008340667
0.008268447
0.008175045
0.008049209
0.007881815
0.007667577
0.007405581
0.007099332
0.006755457
0.006382516
0.005989988
0.0055869
0.00518105
0.004778125
0.004381778
0.003993719
0.003613847
0.003240657
0.002872112
0.002505828
0.002139741
0.001772017
0.001401494
0.001027947
0.0006512938
0.0002635469
-0.0001541054
-0.0006233148
-0.001162489
-0.001783121
-0.002488564
-0.003274028
-0.004128664
-0.005037461
-0.005983586
-0.006950556
-0.007924131
-0.008893544
-0.009851795
-0.01079527
-0.01172405
-0.01264042
-0.01354804
-0.01445109
-0.01535353
-0.01625864
-0.01716846
-0.01808376
-0.01900453
-0.01992997
-0.02085868
-0.02178906
-0.0227195
-0.02364173
-0.02453472
-0.02537182
-0.02613019
-0.02679427
-0.02735824
-0.02782595
-0.02820917
-0.02852529
-0.02879397
-0.02903485
-0.02926545
-0.02949812
-0.02973461
-0.02996691
-0.03018319
-0.03037161
-0.03052278
-0.03063136
-0.03069698
-0.03072301
-0.03071607
-0.03068467
-0.03063801
-0.03058469
-0.03053164
-0.03048388
-0.03044445
-0.03041425
-0.03039246
-0.03037721
-0.03036612
-0.03035681
-0.03034688
-0.03033465
-0.03031948
-0.03030094
-0.03027934
-0.03025528
-0.03022972
-0.03020357
-0.03017751
-0.03015211
-0.03012793
-0.03010496
-0.03008311
-0.03006212
-0.03004178
-0.03002169
-0.0299996
-0.0299649
-0.02989967
-0.02978598
-0.02961017
-0.02936513
-0.02905072
-0.02867303
-0.02824254
-0.02777271
-0.0272777
-0.02677057
-0.02626206
-0.02576004
-0.02526891
-0.02478559
-0.02429529
-0.02377863
-0.02321691
-0.02259587
-0.02190827
-0.02115398
-0.02033919
-0.01947469
-0.01857372
-0.01765037
-0.01671756
-0.01578559
-0.01486176
-0.01395021
-0.01305201
-0.01216587
-0.01128877
-0.01041734
-0.009547878
-0.008677268
-0.007803121
-0.006924401
-0.006041039
-0.005166917
-0.004334505
-0.003581312
-0.002939479
-0.002429354
-0.002057753
-0.001818009
-0.001692785
-0.001657379
-0.001683914
-0.00174536
-0.001817932
-0.001883277
-0.001929572
-0.001951227
-0.001948038
-0.001923738
-0.001884519
-0.001837543
-0.001789475
-0.001745659
-0.001709546
-0.001680933
-0.001649088
-0.001594052
-0.001495325
-0.001336468
-0.001107699
-0.0008066152
-0.0004380468
-1.211085e-05
0.0004575096
0.0009560487
0.0014693
0.001985191
0.002494784
0.002992752
0.003476868
0.003947711
0.004407734
0.004860611
0.005307011
0.005741268
0.006154795
0.00653903
0.006887566
0.007197381
0.007468941
0.007705992
0.007914511
0.008101761
0.008275418
0.008442618
0.008609118
0.008779107
0.008955006
0.009137758
0.009326872
0.009520893
0.009718079
0.0099166
0.01011476
0.01031131
0.01050551
0.01069723
0.01088659
0.01107407
0.01126036
0.01144567
0.01162913
0.0118094
0.01198508
0.01215523
0.01231929
0.01247716
0.01262957
0.01277741
0.01292184
0.01306404
0.01320515
0.01334617
0.01348772
0.01363014
0.01377363
0.01391819
0.01406353
0.0142094
0.01435546
0.01450157
0.0146474
0.01479281
0.01493784
0.01508252
0.0152269
0.01537107
0.01551514
0.01565931
0.01580353
0.01594873
0.016097
0.01625061
0.01641144
0.01658073
0.01675882
0.0169454
0.01713904
0.01733807
0.01754106
0.01774615
0.01795187
0.0181571
0.01836115
0.0185637
0.0187647
0.01896432
0.01916306
0.01936136
0.01955957
0.01975809
0.01995711
0.02015682
0.02035704
0.02055767
0.0207587
0.0209599
0.02116113
0.02136228
0.02156325
0.02176407
0.02196459
0.02216473
0.02235893
0.02253368
0.02267353
0.02276531
0.02280085
0.02277766
0.02269857
0.02257111
0.02240606
0.02221491
0.02200925
0.0217988
0.02158839
0.02136612
0.02110512
0.02077674
0.02035738
0.01983278
0.01919944
0.01846421
0.01764199
0.01675279
0.0158184
0.01486031
0.01389662
0.01294088
0.01200164
0.01108256
0.01018321
0.009300091
0.008427922
0.007561204
0.006694662
0.005824192
0.004947137
0.004062548
0.003170669
0.002272825
0.001370751
0.000471874
-0.000411654
-0.001267731
-0.002086641
-0.002863023
-0.003595985
-0.004288923
-0.004948292
-0.005582144
-0.00619545
-0.006782552
-0.007329535
-0.007821785
-0.008248025
-0.008602796
-0.008886724
-0.009106048
-0.009271563
-0.009396621
-0.009495141
-0.009580218
-0.009662695
-0.009750674
-0.009848917
-0.009959236
-0.01008111
-0.01021238
-0.01034986
-0.01049293
-0.01064508
-0.01081156
-0.01099738
-0.01120583
-0.01143861
-0.01169509
-0.01197278
-0.01226777
-0.01257554
-0.01289148
-0.01321626
-0.01355683
-0.01392166
-0.01431817
-0.01475088
-0.01522111
-0.01572675
-0.01626322
-0.01682384
-0.0174012
-0.01798818
-0.01857855
-0.01916732
-0.01975132
-0.0203289
-0.02090004
-0.0214655
-0.02202503
-0.02257011
-0.02308449
-0.02355168
-0.02395898
-0.02429965
-0.02457357
-0.02478601
-0.02494686
-0.02506917
-0.02516616
-0.02525047
-0.02533252
-0.02542013
-0.02551782
-0.02562737
-0.02574805
-0.02587768
-0.02600564
-0.02611295
-0.02618054
-0.02619311
-0.02614191
-0.02602489
-0.02584671
-0.02561694
-0.02534817
-0.02505387
-0.02474694
-0.0244381
-0.02413283
-0.02382144
-0.02348112
-0.02308692
-0.0226176
-0.02205999
-0.0214102
-0.02067325
-0.01986121
-0.01899067
-0.01808057
-0.01714929
-0.0162124
-0.01528189
-0.01436531
-0.01346611
-0.01258402
-0.01171613
-0.01085817
-0.01000522
-0.009152717
-0.008296974
-0.007435788
-0.006568295
-0.005702365
-0.004855335
-0.00404583
-0.003289316
-0.002595113
-0.001966129
-0.001398663
-0.0008841592
-0.0004105052
3.555408e-05
0.0004668996
0.0008945309
0.001326946
0.00176931
0.002223953
0.002690564
0.0031672
0.003650736
0.004137491
0.004624335
0.0051089
0.005589378
0.006063027
0.006517543
0.006932333
0.00728729
0.007567298
0.007765011
0.007881034
0.007922999
0.007903716
0.007839023
0.007745448
0.007638143
0.00752949
0.0074285
0.00734032
0.007266646
0.007206415
0.007156679
0.007113574
0.007073022
0.007031474
0.006986356
0.006936183
0.006880514
0.006819837
0.006755264
0.00668827
0.006620295
0.006552564
0.006486104
0.006420605
0.006353836
0.006282575
0.006203649
0.006114705
0.006014419
0.005902713
0.005780585
0.005649806
0.005512599
0.005371346
0.005228243
0.00508514
0.004943283
0.004803421
0.004665802
0.004530253
0.004396304
0.004263374
0.004130815
0.003998143
0.003864907
0.003730908
0.003596076
0.003460503
0.003324311
0.003187787
0.003051155
0.002917852
0.002796671
0.002698839
0.002634528
0.002610514
0.00262944
0.002689809
0.002786664
0.002912698
0.003059408
0.003218295
0.003381831
0.003544104
0.003701102
0.003850808
0.003992846
0.004128242
0.004258725
0.004386478
0.004513514
0.004640294
0.004760726
0.00486278
0.004934075
0.004964597
0.004948712
0.004885354
0.004778018
0.004633334
0.004460131
0.004262318
0.004037086
0.003779843
0.003486235
0.003154154
0.002783906
0.002378471
0.001942855
0.00148358
0.001007629
0.0005218211
3.203455e-05
-0.0004570688
-0.0009424212
-0.001422403
-0.001896747
-0.002366087
-0.002831786
-0.003295407
-0.003758527
-0.004222311
-0.004687763
-0.005155247
-0.005624877
-0.006096278
-0.006569064
-0.007042568
-0.007516347
-0.007989773
-0.008462716
-0.008934816
-0.009406281
-0.009876911
-0.01034677
-0.01079908
-0.01119836
-0.01150807
-0.0116986
-0.01175301
-0.01166801
-0.01145343
-0.01112894
-0.01072047
-0.01025608
-0.009762657
-0.009262837
-0.008773483
-0.008304944
-0.007861546
-0.00744242
-0.007043107
-0.00665695
-0.006277002
-0.005896794
-0.00551134
-0.005117528
-0.004714223
-0.004301907
-0.003882266
-0.003457645
-0.003030736
-0.002603841
-0.002178801
-0.001756737
-0.001338158
-0.0009228986
-0.0005103583
-9.958312e-05
0.0003101644
0.0007198441
0.001130147
0.001541519
0.001954121
0.002367931
0.00278271
0.003196283
0.003601537
0.003988317
0.004347095
0.004670922
0.004956549
0.00520454
0.005418781
0.005605455
0.00577197
0.005926081
0.006074811
0.00622379
0.006376935
0.006536449
0.006702947
0.006875718
0.007053219
0.007233607
0.007414968
0.007595651
0.007774502
0.007950849
0.00812466
0.008296148
0.008465739
0.008634323
0.008802528
0.00897097
0.009140032
0.00931001
0.009480943
0.009652756
0.009825181
0.009998076
0.01017115
0.01034404
0.01051211
0.01066307
0.01078119
0.01085225
0.01086672
0.010821
0.01071711
0.01056201
0.01036592
0.01014018
0.009893406
0.009630374
0.009353747
0.009064802
0.008764128
0.008452089
0.008129241
0.007796435
0.007454951
0.007106256
0.006752161
0.006394507
0.006034924
0.005674821
0.005315252
0.004956911
0.004600094
0.004244768
0.003890727
0.003537614
0.00318498
0.002832429
0.002479656
0.002126449
0.001772701
0.001418461
0.001065898
0.0007224567
0.0003990624
0.0001060213
-0.0001491561
-0.0003629516
-0.0005359359
-0.0006722331
-0.0007784969
-0.0008628463
-0.0009336118
-0.0009983882
-0.001063317
-0.001132694
-0.001208921
-0.001292662
-0.00138319
-0.001478947
-0.00157782
-0.001677795
-0.001777056
-0.001874368
-0.001968983
-0.002060808
-0.002150059
-0.002237296
-0.002317451
-0.002377773
-0.002403421
-0.002381631
-0.002304373
-0.002169136
-0.001978933
-0.001741055
-0.001465739
-0.001164465
-0.0008485367
-0.0005277542
-0.0002096678
0.0001008237
0.0004012974
0.0006916273
0.0009733415
0.001248969
0.001521336
0.0017932
0.002066775
0.002343568
0.002624105
0.002908416
0.00319595
0.00348574
0.003776747
0.004067949
0.004358593
0.004648119
0.004936213
0.005222939
0.005508882
0.005796516
0.006089922
0.006393149
0.006709372
0.007040261
0.007385898
0.007745137
0.008115747
0.008494835
0.00887937
0.009266496
0.009653897
0.01003983
0.01042325
0.0108039
0.01118197
0.01155803
0.01193279
0.01230703
0.01268158
0.01305674
0.01343259
0.01380676
0.0141694
0.01450607
0.01480302
0.01505027
0.01524303
0.01538187
0.01547209
0.01552254
0.01554386
0.01554702
0.01554206
0.01553714
0.01553806
0.01554797
0.01556777
0.01559668
0.01563253
0.01567193
0.01570823
0.01573241
0.01573612
0.01571324
0.01566086
0.01557934
0.01547164
0.01534263
0.0151983
0.01504474
0.01488757
0.01473102
0.01457786
0.01442828
0.01427981
0.01412913
0.01397292
0.0138086
0.01363456
0.01345039
0.01325672
0.01305518
0.0128477
0.0126365
0.01242367
0.01221098
0.01199967
0.01179038
0.01158339
0.01137858
0.0111754
0.01097328
0.01077157
0.01056978
0.01036744
0.01016432
0.009960352
0.009755662
0.009550354
0.00934464
0.009138777
0.008932958
0.00872736
0.008521919
0.008316793
0.008112039
0.007907473
0.007703071
0.007498778
0.007296947
0.007103996
0.006928278
0.00677737
0.006656449
0.006567485
0.006509467
0.006478776
0.006470009
0.006476831
0.006492864
0.006512515
0.006531377
0.006546349
0.006555912
0.006559745
0.00655856
0.006551802
0.006536078
0.006506548
0.006458771
0.006389674
0.006298176
0.00618513
0.006053072
0.005905657
0.00574704
0.005581633
0.005413307
0.00524503
0.005078972
0.004916283
0.004757306
0.004601632
0.004448435
0.004296747
0.00414558
0.003994025
0.003841466
0.00368755
0.003530595
0.003366202
0.003188798
0.002993634
0.002777545
0.002539368
0.002280104
0.002002381
0.001710048
0.001407369
0.001098623
0.0007876367
0.0004773824
0.0001697461
-0.0001342479
-0.0004344523
-0.0007313395
-0.001025882
-0.001319244
-0.001612182
-0.001905641
-0.002200263
-0.002496291
-0.002793741
-0.003092382
-0.003391938
-0.00369202
-0.003992179
-0.004292128
-0.0045917
-0.004890763
-0.005189296
-0.00548736
-0.005785129
-0.006082739
-0.006379604
-0.00667385
-0.006962501
-0.007242712
-0.007512358
-0.007770444
-0.008017144
-0.008253564
-0.008481471
-0.008703165
-0.008920998
-0.009137056
-0.00935309
-0.009570614
-0.009791505
-0.01001759
-0.0102501
-0.01048985
-0.01073678
-0.01099023
-0.01124907
-0.01151188
-0.01177732
-0.01204404
-0.0123109
-0.01257723
-0.01284256
-0.01310672
-0.01336981
-0.01363205
-0.01389384
-0.01415543
-0.01441703
-0.01467899
-0.01494137
-0.01520422
-0.01546746
-0.01573102
-0.01599481
-0.01625864
-0.01652236
-0.01678602
-0.01704943
-0.01730815
-0.01754677
-0.01774247
-0.01787394
-0.01792535
-0.0178895
-0.01776785
-0.01756906
-0.01730722
-0.01699933
-0.0166629
-0.01631393
-0.01596517
-0.01562569
-0.01530059
-0.01499119
-0.01469601
-0.0144117
-0.01413396
-0.01385852
-0.01358154
-0.01330041
-0.01301374
-0.01272118
-0.01242331
-0.01212142
-0.01181708
-0.01151189
-0.01120714
-0.01090385
-0.01060261
-0.01030354
-0.0100064
-0.00971077
-0.00941609
-0.009121807
-0.008827286
-0.008532289
-0.008236643
-0.007941227
-0.007648842
-0.007363155
-0.007087556
-0.006824374
-0.006574603
-0.006337978
-0.006113083
-0.005897625
-0.00568893
-0.005484307
-0.00528133
-0.005078049
-0.004873071
-0.004665775
-0.004456036
-0.004244083
-0.004030484
-0.003815943
-0.003601139
-0.003386626
-0.003172777
-0.002959832
-0.002747849
-0.002536661
-0.002326068
-0.002115835
-0.001905727
-0.001695505
-0.001484952
-0.001274135
-0.001063022
-0.0008515831
-0.0006399307
-0.0004281331
-0.0002163174
-4.50816e-06
0.0002072313
0.0004188643
0.0006309582
0.000846928
0.001072615
0.001313773
0.001574871
0.00185827
0.002164114
0.002490416
0.002833815
0.003190015
0.003554471
0.003922915
0.00429184
0.00465873
0.005022095
0.005381336
0.005736755
0.006089158
0.006439639
0.006789297
0.007139106
0.007487748
0.007829836
0.008157887
0.008465165
0.008746783
0.009000541
0.009226936
0.009428879
0.009610957
0.00977864
0.009937486
0.01009266
0.01024817
0.01040571
0.01056042
0.0107016
0.01081777
0.01089929
0.01094031
0.01093933
0.01089876
0.01082348
0.01071861
0.01058888
0.01043892
0.0102731
0.01009557
0.009909908
0.009719044
0.009525163
0.009329843
0.009134017
0.008938223
0.008742473
0.008546744
0.008350957
0.008154854
0.007958329
0.00776128
0.007563752
0.007365793
0.007167517
0.006969056
0.006770602
0.006572207
0.006373965
0.006175901
0.005978052
0.005780374
0.005582785
0.005385313
0.005189779
0.005001147
0.004825894
0.004669846
0.004536987
0.004428862
0.004344649
0.004281572
0.004235451
0.004201381
0.004174455
0.004150323
0.004125552
0.004097802
0.004065714
0.004026971
0.003974338
0.003897291
0.003786245
0.003634521
0.003439488
0.003202422
0.002928063
0.002623558
0.002297302
0.001957677
0.001612298
0.001267209
0.0009266419
0.0005928169
0.0002662956
-5.360666e-05
-0.0003685284
-0.0006805523
-0.0009916625
-0.001303583
-0.001617496
-0.001934093
-0.002253472
-0.002575289
-0.002898912
-0.003223672
-0.003548766
-0.003873601
-0.004197678
-0.004520852
-0.004843053
-0.005164257
-0.005484749
-0.005804883
-0.006124801
-0.006444693
-0.006758873
-0.007055234
-0.007321147
-0.007546277
-0.007724748
-0.007855369
-0.0079414
-0.007989517
-0.00800863
-0.008008418
-0.007998091
-0.007985414
-0.007976296
-0.007974336
-0.007981015
-0.007996061
-0.008017959
-0.008044479
-0.008073157
-0.008101749
-0.008128562
-0.008152541
-0.008173231
-0.008190812
-0.00820585
-0.008219218
-0.008231755
-0.008244228
-0.008257357
-0.008271521
-0.008286889
-0.008303393
-0.008320844
-0.008338963
-0.00835769
-0.008377711
-0.008400323
-0.00842675
-0.008457936
-0.008494364
-0.008536035
-0.008582508
-0.00863293
-0.0086863
-0.008741633
-0.008797916
-0.00885433
-0.008910287
-0.008965447
-0.009019689
-0.009073047
-0.009125676
-0.009177881
-0.009229892
-0.009281951
-0.009334209
-0.009386796
-0.009439736
-0.009491897
-0.009537425
-0.009566255
-0.009568308
-0.009535844
-0.009464799
-0.009354974
-0.009209668
-0.00903474
-0.008837664
-0.008626356
-0.008408139
-0.008189072
-0.007973586
-0.007764268
-0.007562044
-0.007366413
-0.007176012
-0.006988991
-0.006803346
-0.006617338
-0.006429654
-0.00623955
-0.006046781
-0.005851527
-0.005654334
-0.005455904
-0.00525695
-0.005058091
-0.004859871
-0.004663814
-0.004474454
-0.004298175
-0.004141005
-0.004007176
-0.003898473
-0.003814314
-0.003752014
-0.003707449
-0.003675718
-0.003651811
-0.003631238
-0.003610426
-0.003586863
-0.003559199
-0.003527107
-0.003491041
-0.003452006
-0.003411177
-0.003369832
-0.003329831
-0.003296561
-0.003278516
-0.003283764
-0.003318284
-0.003384916
-0.003483363
-0.003610493
-0.003761221
-0.003929262
-0.004108156
-0.004291978
-0.004475935
-0.00465664
-0.004832091
-0.005001786
-0.005166285
-0.005326723
-0.005484709
-0.005641789
-0.005799387
-0.005958466
-0.00611959
-0.006282862
-0.006448122
-0.00661484
-0.006781842
-0.006944925
-0.007097378
-0.007232673
-0.007345817
-0.007434282
-0.007498092
-0.007539412
-0.00756212
-0.007571005
-0.007571162
-0.007567232
-0.007563035
-0.007561305
-0.007563671
-0.007570589
-0.007581731
-0.007596133
-0.007612614
-0.007629896
-0.007646798
-0.007662551
-0.007676788
-0.007689261
-0.007700204
-0.007709875
-0.0077187
-0.00772142
-0.007706485
-0.007661901
-0.00757786
-0.007448707
-0.00727328
-0.007054772
-0.006799631
-0.006516423
-0.006214357
-0.005902454
-0.005588246
-0.005277345
-0.00497324
-0.004677436
-0.004389695
-0.004108552
-0.00383181
-0.00355721
-0.003282608
-0.003006293
-0.002726853
-0.00244296
-0.002153469
-0.001857803
-0.001555842
-0.001248383
-0.000936291
-0.0006206774
-0.000302758
1.634266e-05
0.0003357062
0.0006547107
0.0009730172
0.001290377
0.001606892
0.001923425
0.002242454
0.002567505
0.002901913
0.003248156
0.00360741
0.003979362
0.0043628
0.004755636
0.005155296
0.005559137
0.005964757
0.006370282
0.006774372
0.007176189
0.007575609
0.007972895
0.008368553
0.008763222
0.009157572
0.009552242
0.009947633
0.01034374
0.01074078
0.01113857
0.01153692
0.01193557
0.01233432
0.012733
0.01313144
0.01352821
0.01391896
0.0142971
0.0146565
0.01499266
0.01530362
0.01558983
0.0158538
0.01609951
0.01633207
0.01655642
0.0167772
0.01699798
0.01722
0.01743649
0.01763364
0.01779694
0.01791475
0.0179802
0.01799174
0.01795296
0.01787142
0.01775728
0.01762136
0.01747403
0.01732456
0.01717936
0.01704257
0.01691576
0.01679872
0.01668957
0.01658564
0.01647986
0.01636093
0.01621769
0.01604153
0.01582774
0.01557578
0.01528872
0.01497232
0.01463409
0.01428205
0.01392353
0.01356464
0.01320973
0.01286135
0.0125203
0.01218599
0.01185696
0.0115313
0.01120692
0.01088201
0.0105553
0.01022607
0.009894079
0.009559451
0.009222879
0.008885135
0.008546874
0.008208772
0.007871297
0.007534772
0.007199259
0.006864635
0.006530749
0.006197383
0.005864193
0.005530961
0.005197511
0.004863768
0.004529639
0.004195112
0.003860344
0.003525437
0.003190409
0.002855413
0.002520463
0.002185668
0.001850971
0.001516393
0.001181897
0.0008475725
0.0005146415
0.0001908385
-0.000110445
-0.0003759754
-0.0005955963
-0.0007640346
-0.0008808945
-0.0009506366
-0.0009811285
-0.0009822442
-0.0009644351
-0.0009374252
-0.0009092958
-0.0008859067
-0.0008706337
-0.0008647184
-0.0008675841
-0.0008773926
-0.0008916241
-0.0009076832
-0.0009232749
-0.0009366894
-0.0009468532
-0.0009534816
-0.0009568646
-0.0009576803
-0.0009568417
-0.0009552912
-0.0009538956
-0.0009533016
-0.0009538476
-0.0009556756
-0.0009587189
-0.0009627099
-0.0009673388
-0.0009722407
-0.0009771178
-0.0009817572
-0.0009859544
-0.0009896756
-0.0009929658
-0.000995901
-0.0009986053
-0.001001186
-0.001003771
-0.001006458
-0.001009286
-0.001012267
-0.001015417
-0.001018705
-0.001022076
-0.00102549
-0.001028917
-0.001032328
-0.001035669
-0.001038941
-0.001042165
-0.001045338
-0.001048476
-0.001051591
-0.001054713
-0.001057854
-0.001060995
-0.001064152
-0.00106734
-0.001070541
-0.001073768
-0.001076983
-0.001080228
-0.001083496
-0.001086714
-0.001089913
-0.001093119
-0.001096315
-0.001099504
-0.001102685
-0.001105873
-0.001109068
-0.001112267
-0.001115443
-0.001118675
-0.001122717
-0.001132071
-0.00115452
-0.001197783
-0.001267785
-0.00136759
-0.00149735
-0.001654504
-0.0018345
-0.002031554
-0.002239599
-0.00245298
-0.002667021
-0.002878284
-0.003084818
-0.003285913
-0.003481913
-0.003673885
-0.003863264
-0.004051615
-0.00424027
-0.004430143
-0.004621899
-0.004815729
-0.005011451
-0.00520865
-0.005406816
-0.005605403
-0.005803905
-0.006001917
-0.00619927
-0.006395885
-0.006591797
-0.006787153
-0.006982141
-0.007176993
-0.007371867
-0.00756684
-0.007762076
-0.007957593
-0.008153313
-0.008347317
-0.008533016
-0.00870069
-0.008841128
-0.008947649
-0.009017208
-0.009050288
-0.009050581
-0.009024066
-0.008977982
-0.008919823
-0.008856275
-0.008792785
-0.008733324
-0.008679972
-0.008633319
-0.008592716
-0.00855676
-0.008523625
-0.008491429
-0.008458585
-0.008424017
-0.008387064
-0.008347593
-0.008305859
-0.008262423
-0.008217966
-0.008173106
-0.008128421
-0.008084402
-0.008041247
-0.007999003
-0.007957591
-0.007916827
-0.007876481
-0.007836261
-0.007795972
-0.007755495
-0.00771471
-0.007673586
-0.007632152
-0.007590489
-0.007548704
-0.007506746
-0.007463322
-0.007413448
-0.00734958
-0.007264641
-0.007153486
-0.007013713
-0.006845693
-0.006652232
-0.006437971
-0.006208522
-0.005969604
-0.005726473
-0.005483388
-0.005243357
-0.00500803
-0.004777836
-0.004552352
-0.004330504
-0.00411083
-0.003891919
-0.003672543
-0.003451835
-0.00322928
-0.003004756
-0.002778492
-0.002550921
-0.002322517
-0.002093814
-0.001865262
-0.001637217
-0.001409823
-0.001183069
-0.000957047
-0.0007330898
-0.0005141094
-0.0003031859
-0.0001027935
8.568013e-05
0.0002620314
0.0004271832
0.0005827951
0.000731146
0.0008746702
0.001015695
0.001156135
0.001297442
0.001440535
0.001585805
0.001733094
0.001882076
0.002032176
0.002182818
0.002333419
0.002483562
0.002633002
0.002781684
0.002930078
0.003081311
0.003240647
0.00341332
0.003603374
0.003812965
0.004042318
0.004289821
0.00455239
0.004826293
0.005107515
0.005392278
0.005677458
0.005960787
0.006240968
0.006517466
0.006789165
0.00705215
0.007300535
0.007528836
0.007733242
0.007912235
0.008066629
0.008199138
0.008313848
0.008415692
0.008509575
0.008599927
0.008690289
0.008783153
0.008879914
0.008980904
0.009085693
0.009193412
0.009302884
0.009412917
0.009522524
0.009630989
0.009737981
0.00984333
0.009947173
0.01005
0.01015216
0.01025411
0.01035616
0.01045866
0.01056173
0.0106654
0.01076956
0.0108741
0.01097537
0.01106386
0.01112728
0.01115468
0.01113862
0.01107608
0.01096864
0.01082166
0.01064301
0.01044188
0.01022744
0.01000786
0.009786858
0.009561327
0.009323966
0.009066603
0.008782332
0.008466896
0.008119198
0.007741156
0.007337087
0.006912795
0.006474976
0.006030044
0.005583393
0.005139204
0.004700063
0.00426716
0.003840326
0.00341852
0.003000206
0.002583673
0.002167241
0.001749668
0.001330135
0.0009083226
0.0004842497
5.827041e-05
-0.0003689415
-0.0007967899
-0.001224737
-0.001652279
-0.002079125
-0.002505106
-0.002930304
-0.003354839
-0.003778855
-0.004202601
-0.004626339
-0.005050205
-0.005474323
-0.005898714
-0.006323475
-0.006748512
-0.00717361
-0.007598847
-0.008024047
-0.008447094
-0.008860623
-0.00925381
-0.009616485
-0.009941245
-0.01022465
-0.01046734
-0.01067356
-0.01084992
-0.0110045
-0.01114563
-0.01128088
-0.01141629
-0.0115561
-0.01170262
-0.01185411
-0.01200131
-0.01213006
-0.01222648
-0.01227994
-0.01228464
-0.01223997
-0.01215013
-0.01202272
-0.01186738
-0.01169437
-0.01151324
-0.01133192
-0.01115589
-0.01098844
-0.0108307
-0.01068185
-0.01053991
-0.01040232
-0.01026633
-0.01012803
-0.009976165
-0.009793361
-0.009563194
-0.009273432
-0.008918296
-0.00849842
-0.00802023
-0.007494135
-0.006932863
-0.006349624
-0.005756528
-0.005163251
-0.00457673
-0.004000791
-0.003436638
-0.002883143
-0.002337845
-0.001797538
-0.001259045
-0.0007194608
-0.0001768501
0.0003699769
0.0009211664
0.001476276
0.002028848
0.00256597
0.003074542
0.003543828
0.003967552
0.004344211
0.004676909
0.004972243
0.00523903
0.005486845
0.005724904
0.005961015
0.00620094
0.006448234
0.006704308
0.006968774
0.007234933
0.007488436
0.007713201
0.007895206
0.008025419
0.008100456
0.00812269
0.008098928
0.008039084
0.007954357
0.007855956
0.007753444
0.00765432
0.007563266
0.007482474
0.007405963
0.007318071
0.00720015
0.007035622
0.006813062
0.006527653
0.006181078
0.005780496
0.005336842
0.004862908
0.004371569
0.003874287
0.003379953
0.002894533
0.002420971
0.001959629
0.001508778
0.001065523
0.0006264515
0.0001883123
-0.0002516341
-0.0006951678
-0.001143236
-0.001595788
-0.002052281
-0.00251156
-0.002972461
-0.003433651
-0.003894115
-0.004344975
-0.004768846
-0.005148051
-0.005468561
-0.005722564
-0.005908893
-0.006032818
-0.006104094
-0.006135494
-0.006140641
-0.00613247
-0.006121791
-0.006116573
-0.006121603
-0.006138832
-0.006167669
-0.006205873
-0.006250217
-0.006297311
-0.006344085
-0.006388164
-0.006428109
-0.006463482
-0.006494524
-0.006522101
-0.006547387
-0.006571632
-0.00659598
-0.006621251
-0.006648004
-0.006676447
-0.006706489
-0.006737818
-0.006770021
-0.006802595
-0.006833996
-0.00685709
-0.006860091
-0.006831487
-0.006762392
-0.006648318
-0.006489185
-0.006289018
-0.006054757
-0.00579511
-0.005519222
-0.005235638
-0.004951278
-0.004671211
-0.00439832
-0.004133584
-0.00387352
-0.003608559
-0.003326419
-0.003015698
-0.002668152
-0.00227988
-0.00185129
-0.001386583
-0.0008925537
-0.0003774621
0.0001501575
0.00068265
0.00121395
0.001739836
0.002258124
0.00276834
0.003271498
0.003769442
0.004264227
0.004758122
0.00525301
0.00575011
0.006250139
0.00675311
0.007258664
0.007761756
0.00825243
0.008720512
0.009157735
0.009559256
0.009923963
0.01025432
0.01055557
0.01083457
0.01109874
0.01135535
0.01161046
0.01186854
0.01213221
0.01239771
0.01265124
0.01287407
0.01304867
0.01316255
0.01320972
0.01319106
0.01311326
0.01298738
0.01282673
0.01264483
0.01245406
0.01226452
0.01208301
0.01191201
0.0117479
0.01158272
0.01140746
0.011214
0.01099674
0.01075322
0.01048377
0.01019141
0.009880851
0.009557762
0.009227829
0.008895993
0.008566218
0.008241097
0.007921759
0.007608212
0.00729957
0.006994419
0.006691123
0.006388097
0.006084143
0.005778466
0.005470684
0.005162567
0.004859305
0.004567638
0.0042938
0.004042024
0.003814346
0.003610358
0.003427414
0.003261508
0.00310781
0.002961457
0.002818015
0.002673952
0.002526915
0.002375641
0.002219834
0.002060015
0.001897235
0.001732735
0.00156773
0.001403194
0.001239326
0.001073002
0.0008981957
0.0007087695
0.0004997452
0.0002682984
1.382658e-05
-0.0002620588
-0.0005560533
-0.0008638378
-0.001180785
-0.001502398
-0.001824928
-0.00214556
-0.002462638
-0.002562997
-0.002878132
-0.003189768
-0.003499027
-0.003807054
-0.00411491
-0.004423393
-0.004733052
-0.005044019
-0.005356162
-0.005669174
-0.005982667
-0.006296143
-0.006609194
-0.006921461
-0.007232811
-0.007543086
-0.007852234
-0.008160388
-0.008467705
-0.008774269
-0.009080235
-0.009385656
-0.009690655
-0.00999514
-0.01029908
-0.01060244
-0.0109052
-0.01120721
-0.01150849
-0.01180887
-0.01210854
-0.01240715
-0.01270455
-0.01299208
-0.01324913
-0.01345219
-0.01358116
-0.01362367
-0.01357598
-0.01344285
-0.01323581
-0.012971
-0.01266633
-0.01233938
-0.01200525
-0.01167565
-0.01135809
-0.01105607
-0.01076966
-0.01049652
-0.01023262
-0.009973502
-0.009714947
-0.009453612
-0.009187292
-0.008915001
-0.008636882
-0.008353958
-0.008067665
-0.007779666
-0.007491529
-0.007204529
-0.006919504
-0.006636757
-0.006356379
-0.006078114
-0.00580138
-0.005525635
-0.005250313
-0.00497503
-0.004699444
-0.004423407
-0.004146966
-0.003870304
-0.003593556
-0.003316971
-0.003040775
-0.002765184
-0.002490289
-0.002216149
-0.001942845
-0.001670385
-0.001398663
-0.001127652
-0.0008572857
-0.0005875509
-0.0003183821
-4.975985e-05
0.0002186003
0.0004878402
0.0007597036
0.001035768
0.001317164
0.001604354
0.001897234
0.00219513
0.002496758
0.002800847
0.003106078
0.00341118
0.003715173
0.004017323
0.004317288
0.004614926
0.004910311
0.005203676
0.005495384
0.005785683
0.006074876
0.006363072
0.006650353
0.006932633
0.007200279
0.007442426
0.007649748
0.007816451
0.007940788
0.008025045
0.00807462
0.008096998
0.008100489
0.008093304
0.008082468
0.008073371
0.008069476
0.008072394
0.008081509
0.008091931
0.008095273
0.008083252
0.008048994
0.007988561
0.007900842
0.007787658
0.007648998
0.00748194
0.007283793
0.007053321
0.006791323
0.006500613
0.006185633
0.005851867
0.005505136
0.005150959
0.004794169
0.004438535
0.00408658
0.003739664
0.003398132
0.003061598
0.002729137
0.002399642
0.002072025
0.001745402
0.001419142
0.001092954
0.0007668296
0.000441018
0.0001158714
-0.0002081546
-0.0005306296
-0.0008511853
-0.001169599
-0.001485633
-0.001796972
-0.002095547
-0.002369583
-0.002608054
-0.002803161
-0.002951492
-0.003054101
-0.003115863
-0.003144402
-0.003148746
-0.003138151
-0.003120875
-0.00310363
-0.003091042
-0.003085666
-0.003088037
-0.00309565
-0.003096864
-0.003072454
-0.003003566
-0.002875722
-0.002681315
-0.002419781
-0.002097099
-0.001723973
-0.001313975
-0.0008813345
-0.0004392687
1.23167e-06
0.0004323305
0.0008495396
0.001251318
0.00163861
0.002013963
0.002380864
0.002742854
0.003102995
0.003463576
0.003825938
0.004190415
0.004556576
0.004923407
0.0052897
0.005654128
0.006015464
0.006372889
0.00672592
0.007074346
0.007418289
0.007758051
0.008094082
0.008426815
0.008756557
0.009082697
0.009400064
0.009699396
0.009971628
0.01020976
0.01041037
0.01057328
0.01070165
0.01080123
0.01087893
0.01094201
0.0109973
0.01105037
0.01110523
0.01116153
0.0112139
0.01125497
0.01127751
0.01127627
0.01124854
0.01119441
0.01111642
0.01101878
0.01090677
0.010786
0.01066147
0.01053726
0.01041619
0.01029988
0.01018874
0.01008222
0.009979216
0.009877891
0.00977412
0.009662064
0.009536335
0.009393072
0.009230548
0.00904899
0.00885055
0.00863871
0.008417435
0.008190875
0.007962741
0.007736033
0.007512754
0.007294002
0.007080005
0.006870404
0.006664344
0.006460825
0.006258837
0.006057572
0.00585645
0.005655104
0.005453551
0.005252001
0.005050738
0.004850127
0.004650549
0.00445234
0.004255703
0.004060733
0.003867502
0.003675966
0.003486015
0.003297521
0.003110372
0.002924468
0.002739762
0.002556093
0.002373599
0.002192307
0.002012205
0.001833368
0.001655834
0.001479682
0.001304917
0.001131545
0.0009596196
0.0007891467
0.0006200949
0.0004524622
0.0002862335
0.0001214318
-4.197725e-05
-0.0002040149
-0.0003646214
-0.0005237841
-0.0006815315
-0.0008378372
-0.0009926914
-0.001146062
-0.001297975
-0.001448429
-0.001597382
-0.001744822
-0.001890779
-0.002035239
-0.002178196
-0.00231963
-0.002459564
-0.002598028
-0.002734931
-0.002870286
-0.003004127
-0.003136429
-0.003267183
-0.003396382
-0.003524036
-0.003650154
-0.003774687
-0.003897645
-0.004019055
-0.004139121
-0.004258307
-0.004377063
-0.004495802
-0.00461472
-0.004733764
-0.004852808
-0.004971585
-0.005089721
-0.005206831
-0.005322544
-0.005436604
-0.005548765
-0.005658876
-0.005766887
-0.005872851
-0.005976794
-0.006078814
-0.006178978
-0.006277427
-0.006374202
-0.006469244
-0.00656263
-0.006654318
-0.006742138
-0.006821078
-0.006885516
-0.006930786
-0.006954135
-0.006954923
-0.006934665
-0.006896441
-0.006844351
-0.006782872
-0.006716312
-0.006648378
-0.006581806
-0.006518329
-0.00645876
-0.006403047
-0.006350567
-0.006300345
-0.006251306
-0.006202464
-0.006153038
-0.006102509
-0.006050696
-0.005997651
-0.005943601
-0.005888908
-0.005833942
-0.00577909
-0.005724603
-0.005670642
-0.00561733
-0.005564645
-0.005512508
-0.005460789
-0.005409367
-0.005358122
-0.005306948
-0.005255771
-0.005204582
-0.005153372
-0.005102178
-0.005051037
-0.004999995
-0.004949114
-0.004898373
-0.004847729
-0.004797226
-0.004746857
-0.004696601
-0.004646436
-0.004596339
-0.004546298
-0.004496278
-0.004446265
-0.004396266
-0.004346285
-0.00429632
-0.004246395
-0.004196515
-0.00414672
-0.004097
-0.004047347
-0.003997816
-0.003948396
-0.003899096
-0.003849917
-0.003800867
-0.003751953
-0.003703169
-0.003654524
-0.003606025
-0.003557683
-0.003509496
-0.003461479
-0.003413632
-0.00336598
-0.003318532
-0.003272175
-0.003229315
-0.003192958
-0.003165682
-0.003149105
-0.003143644
-0.003148603
-0.003162342
-0.003182651
-0.003207071
-0.003233222
-0.003259032
-0.003282929
-0.003303881
-0.003321425
-0.003335501
-0.003346416
-0.00335469
-0.003360909
-0.003365598
-0.003369214
-0.003372031
-0.003374219
-0.003375733
-0.003376463
-0.003374641
-0.00336679
-0.003349472
-0.003320068
-0.003277322
-0.003221341
-0.003153455
-0.003075898
-0.002991443
-0.002902917
-0.002812937
-0.002723632
-0.002636533
-0.002552525
-0.002471897
-0.002394485
-0.002319828
-0.002247285
-0.002176199
-0.002106007
-0.002036292
-0.001966831
-0.001897514
-0.001828421
-0.001759762
-0.001691727
-0.001624547
-0.001558409
-0.001493466
-0.001429795
-0.001367414
-0.0013063
-0.001246405
-0.001187641
-0.001129935
-0.001073208
-0.001017419
-0.0009625256
-0.0009085095
-0.0008553751
-0.0008031495
-0.0007518408
-0.000701473
-0.0006520605
-0.0006036252
-0.0005561638
-0.0005096746
-0.0004641508
-0.0004195887
-0.0003759644
-0.0003332698
-0.0002914806
-0.000250598
-0.000210602
-0.0001714801
-0.0001332337
-9.586255e-05
-5.935232e-05
-2.370313e-05
1.109293e-05
4.503836e-05
7.814269e-05
0.0001104085
0.0001416451
0.0001713231
0.0001988055
0.000223558
0.0002452906
0.0002639698
0.0002798286
0.0002932892
0.0003048843
0.0003151855
0.0003247409
0.0003340045
0.0003433177
0.0003528898
0.0003628173
0.0003730929
0.0003836427
0.0003943494
0.000405088
0.0004157445
0.0004262284
0.0004364803
0.0004464783
0.0004562319
0.0004657582
0.0004750936
0.00048428
0.0004933548
0.0005023471
0.0005112699
0.0005201339
0.0005289356
0.0005376652
0.000546305
0.0005548452
0.00056327
0.0005715695
0.000579734
0.0005877612
0.0005956513
0.0006034057
0.0006110249
0.0006185147
0.0006258768
0.000633116
0.0006402317
0.0006472769
0.0006544183
0.0006618898
0.0006698875
0.0006785282
0.0006878277
0.000697708
0.0007080181
0.0007185654
0.0007291422
0.0007395492
0.0007496199
0.000759236
0.0007683194
0.0007768416
0.0007848059
0.0007922477
0.0007992125
0.0008057526
0.0008119147
0.0008177404
0.0008232575
0.0008284813
0.0008334175
0.0008380668
0.0008424271
0.0008465003
0.0008502885
0.0008537989
0.0008570322
0.0008599928
0.0008626807
0.0008651009
0.0008672522
0.0008691372
0.0008707581
0.0008721195
0.000873225
0.0008740803
0.0008746894
0.0008750611
0.0008752032
0.0008751181
0.0008748148
0.0008743012
0.0008735821
0.0008726663
0.0008715574
0.0008702635
0.0008687896
0.0008671411
0.0008653234
0.0008633429
0.000861236
0.0008590708
0.0008569082
0.0008547907
0.000852733
0.000850722
0.0008487242
0.000846695
0.0008445815
0.0008423366
0.0008399171
0.0008372961
0.0008344552
0.0008313914
0.0008281083
0.0008246222
0.0008209483
0.0008171071
0.0008131154
0.0008089912
0.0008047465
0.0008003905
0.0007959302
0.0007913715
0.0007867164
0.0007819682
0.0007771293
0.0007722031
0.0007671938
0.0007621061
0.0007569443
0.0007517151
0.0007464239
0.0007410775
0.0007356804
0.0007302391
0.0007247578
0.0007192415
0.0007136931
0.0007081114
0.0007024845
0.0006968036
0.0006910616
0.0006852606
0.000679408
0.0006735173
0.000667603
0.0006616836
0.0006557743
0.0006498898
0.0006440395
0.0006382318
0.0006324694
0.0006267537
0.0006210834
0.0006154576
0.0006098729
0.0006043273
0.0005988188
0.0005933463
0.0005879091
0.0005825075
0.0005771414
0.0005718121
0.0005665202
0.0005612665
0.0005560513
0.000550875
0.0005457377
0.0005406393
0.0005355791
0.0005305571
0.0005255726
0.0005206255
0.0005157147
0.0005108404
0.0005060019
0.0005011991
0.0004964313
0.0004916986
0.0004870003
0.0004823366
0.0004777067
0.0004731102
0.0004685471
0.0004640166
0.0004595184
0.0004550521
0.0004506169
0.0004462128
0.000441839
0.0004374954
0.000433181
0.0004288959
0.000424639
0.0004204106
0.0004162091
0.0004120332
0.0004078808
0.0004037506
0.0003996419
0.0003955554
0.0003914915
0.0003874518
0.0003834371
0.0003794487
0.0003754872
0.0003715526
0.0003676449
0.0003637634
0.0003599073
0.0003560758
0.0003522677
0.0003484819
0.0003447174
0.0003409733
0.0003372483
0.0003335421
0.0003298538
0.0003261834
0.0003225307
0.0003188955
0.0003152778
0.0003116776
0.0003080944
0.0003045282
0.0003009785
0.0002974451
0.0002939274
0.0002904251
0.0002869378
0.0002834654
0.0002800073
0.0002765634
0.0002731335
0.0002697175
0.0002663151
0.0002629263
0.000259551
0.0002561891
0.0002528405
0.0002495052
0.0002461832
0.0002428744
0.0002395787
0.0002362963
0.000233027
0.0002297709
0.000226528
0.0002232983
0.0002200819
0.0002168788
0.000213689
0.0002105126
0.0002073495
0.0002042
0.000201064
0.0001979415
0.0001948327
0.0001917375
0.0001886561
0.0001855885
0.0001825348
0.0001794949
0.0001764691
0.0001734573
0.0001704596
0.0001674761
0.0001645068
0.0001615518
0.0001586111
0.0001556848
0.0001527729
0.0001498756
0.0001469928
0.0001441246
0.0001412711
0.0001384324
0.0001356083
0.0001327992
