-0.001433475
-0.001427899
-0.001422357
-0.001416839
-0.001411361
-0.001405902
-0.001400441
-0.001395009
-0.001389739
-0.001384548
-0.001378912
-0.001372253
-0.001365233
-0.001360148
-0.001358583
-0.001360004
-0.001363294
-0.001365308
-0.001359663
-0.001343331
-0.001321786
-0.001307737
-0.001306746
-0.00131209
-0.001312071
-0.001302381
-0.001287794
-0.001272061
-0.001245461
-0.001193897
-0.001123263
-0.001075643
-0.001082255
-0.001130615
-0.001199529
-0.00128376
-0.001350339
-0.001363038
-0.001330005
-0.001277626
-0.001205433
-0.001100378
-0.001010225
-0.001085966
-0.001372662
-0.001615851
-0.001548698
-0.001382933
-0.001514224
-0.001997133
-0.002464141
-0.00240681
-0.00176339
-0.0008690302
-0.0001696993
-0.0002660829
-0.001176763
-0.002101293
-0.00249673
-0.002676061
-0.003291957
-0.004433149
-0.005224882
-0.004805829
-0.003387627
-0.001781322
-0.0008591472
-0.0009891564
-0.001629641
-0.00152479
4.51595e-05
0.002138183
0.002952811
0.002289288
0.001847335
0.002644151
0.003588999
0.003398821
0.002316867
0.001761825
0.002463695
0.003422203
0.002657956
-0.0002874572
-0.0035487
-0.004281498
-0.002089279
0.0006331097
0.001488787
2.092542e-05
-0.002513124
-0.00461609
-0.00491365
-0.00329924
-0.001592534
-0.001798425
-0.003693684
-0.005380168
-0.006040773
-0.007024118
-0.009174761
-0.01052568
-0.009135703
-0.005721906
-0.00309716
-0.003555421
-0.006410817
-0.008860292
-0.007969675
-0.003762333
0.001304188
0.003576369
0.002022628
0.001017003
0.003017631
0.005073935
0.004324988
0.001277088
-0.002221049
-0.005244101
-0.00705301
-0.005587441
-0.00129308
0.0007499123
-0.002356766
-0.006224914
-0.004948312
0.0001894722
0.00273819
0.0009751662
-0.00064055
0.001028128
0.003670689
0.002470823
-0.002103269
-0.005113201
-0.006890229
-0.01103167
-0.01828814
-0.02570879
-0.02804833
-0.0238854
-0.01688777
-0.01224857
-0.01143526
-0.007321608
0.005232868
0.02254861
0.03819501
0.04713592
0.0488535
0.04740328
0.04642128
0.04629399
0.04562901
0.04385636
0.04038916
0.03158133
0.01915183
0.009808248
0.005615566
0.003846058
0.003746586
0.006718298
0.01246399
0.01912246
0.0254627
0.03349348
0.04668065
0.06147309
0.07128402
0.07549998
0.07709734
0.07635433
0.07244163
0.06515559
0.05515992
0.04171615
0.02412555
0.007286015
-0.003189026
-0.008462267
-0.01349987
-0.02087381
-0.03073965
-0.04278531
-0.05521812
-0.06293193
-0.06324977
-0.05930441
-0.05540964
-0.05302167
-0.05113131
-0.04867144
-0.04568989
-0.04276648
-0.04024241
-0.03945717
-0.04246051
-0.0455277
-0.04160533
-0.03154514
-0.02490507
-0.02344558
-0.01799424
-0.004126784
0.01385954
0.02675131
0.02550074
0.01197578
-0.004059026
-0.01086957
-0.003556754
0.01112594
0.01993995
0.0150555
0.003383831
-0.00395424
-0.004825164
-0.004676991
-0.007895973
-0.01436754
-0.02366053
-0.03482775
-0.04579556
-0.05292044
-0.05277826
-0.04649937
-0.03566843
-0.02096742
-0.003196367
0.01212233
0.01569528
0.007582801
-0.002028297
-0.00256989
0.005962147
0.01525429
0.01539131
0.004873093
-0.009255629
-0.0148119
-0.002431981
0.02306109
0.04789394
0.05375986
0.03518688
0.005046343
-0.0160399
-0.01316678
0.008033586
0.03066324
0.03647245
0.0219644
0.004265989
-0.002771968
-9.29527e-05
0.005697079
0.01285412
0.02310041
0.03180843
0.03135473
0.02253786
0.01459814
0.01499647
0.02182025
0.02877316
0.03269715
0.03500417
0.03764133
0.03847186
0.03424841
0.02523553
0.01366304
0.001980647
-0.008179766
-0.01703131
-0.02667941
-0.03904621
-0.04670638
-0.04233635
-0.02921987
-0.01400385
0.002451182
0.02110994
0.03924207
0.05147269
0.05156708
0.04075447
0.02628742
0.01328579
0.00181821
-0.009992244
-0.02056887
-0.02394439
-0.02035802
-0.01641781
-0.0183057
-0.0269605
-0.03903282
-0.0499818
-0.05550512
-0.05549015
-0.05196592
-0.04316596
-0.02855239
-0.01402918
-0.005237673
-0.001164523
0.003313213
0.01266157
0.0264193
0.03960692
0.04458648
0.04322321
0.04489173
0.05301371
0.06357772
0.06824532
0.05958986
0.04098093
0.02202487
0.009229599
0.006310974
0.0114891
0.01830544
0.02218475
0.0229264
0.0211466
0.01705753
0.005225348
-0.01613183
-0.03468588
-0.03796435
-0.02804074
-0.01580757
-0.00842185
-0.008225674
-0.01304946
-0.0147087
-0.005085261
0.01385334
0.03322672
0.03781465
0.01908513
-0.01127852
-0.03733012
-0.0506243
-0.04406453
-0.01658401
0.02510419
0.06175701
0.06817744
0.0396044
-0.003533083
-0.03171844
-0.03021396
-0.02003973
-0.03226649
-0.06571019
-0.09744598
-0.1134193
-0.1091016
-0.08923865
-0.06133293
-0.02730174
0.00507517
0.02353677
0.02175153
0.008840019
-0.001873745
-0.006779244
-0.01003528
-0.01304826
-0.01165184
-0.004488568
0.002896456
0.004099954
0.004961772
0.01941482
0.04726644
0.0640714
0.0486867
0.00862203
-0.03471216
-0.06579093
-0.08334869
-0.08833606
-0.08160223
-0.06822653
-0.05410163
-0.04155395
-0.03130518
-0.02847492
-0.03556896
-0.04815975
-0.05957536
-0.06277529
-0.05621085
-0.04703708
-0.04531616
-0.05267606
-0.06316778
-0.06994525
-0.06521924
-0.04797251
-0.02405834
0.00897509
0.05454327
0.1004118
0.1352255
0.1571669
0.1696188
0.1744274
0.1719344
0.1650941
0.1579809
0.1519603
0.1405636
0.1149562
0.08012182
0.05120083
0.03524008
0.02709378
0.01828717
0.001915218
-0.02388132
-0.05702866
-0.1012289
-0.1507037
-0.1836831
-0.1833924
-0.1550156
-0.1073798
-0.04864081
0.008362213
0.05306567
0.08226763
0.09561799
0.09393728
0.08776355
0.08334144
0.06481109
0.02013921
-0.05091846
-0.1262014
-0.1773125
-0.2044069
-0.2202198
-0.2212814
-0.1976735
-0.1483872
-0.08085773
0.006871654
0.110677
0.2053732
0.2605436
0.2717811
0.2562343
0.2223638
0.1620075
0.08102038
0.004219569
-0.05424265
-0.09494305
-0.1041672
-0.07510985
-0.02561734
0.0107474
0.009944742
-0.01031335
-0.009792941
0.02265331
0.06720204
0.09971557
0.1021961
0.07803849
0.04551307
0.01738894
-0.004932824
-0.02565061
-0.04674289
-0.0668417
-0.08499747
-0.1005834
-0.1060708
-0.0956014
-0.07507472
-0.05466173
-0.0382531
-0.02199804
-0.001367499
0.02298563
0.04340403
0.0450595
0.0251625
-0.003145667
-0.02613917
-0.04182522
-0.05449939
-0.05613765
-0.03520156
0.003031839
0.04407076
0.07238062
0.07339379
0.0511564
0.02362048
0.007224061
0.006738561
0.01492848
0.02659793
0.04235218
0.0613735
0.07435507
0.07274243
0.06038045
0.04782734
0.042238
0.04187426
0.04001249
0.03121323
0.01161292
-0.01739738
-0.05152352
-0.08429181
-0.1068181
-0.1148165
-0.1058605
-0.08331201
-0.05081272
-0.01050513
0.02590957
0.03799747
0.02420567
0.0009482207
-0.01763498
-0.02341153
-0.01463039
0.003930579
0.02758296
0.05170394
0.07196642
0.08767033
0.09989156
0.1090702
0.1102184
0.09666237
0.06101063
0.01130575
-0.03391595
-0.065325
-0.08305873
-0.09379911
-0.1030783
-0.105738
-0.09435622
-0.07350362
-0.059422
-0.05881884
-0.05998228
-0.05546277
-0.05242165
-0.05734736
-0.0643631
-0.06052237
-0.04349881
-0.0235381
-0.01523559
-0.02193113
-0.03480654
-0.04547474
-0.04982957
-0.04554136
-0.03495813
-0.02269642
-0.0112536
-0.001322671
0.003922989
0.005953721
0.01183256
0.02380117
0.0380433
0.04626644
0.04028654
0.02261543
0.002089842
-0.01545882
-0.02430202
-0.01966541
-0.005414587
0.01068463
0.02050537
0.01422029
-0.007717728
-0.03498071
-0.05929021
-0.07950385
-0.09092209
-0.08617058
-0.0684344
-0.04746614
-0.0319808
-0.02742918
-0.02967614
-0.02734453
-0.01565797
0.0005972079
0.0156518
0.02848843
0.04081029
0.05130197
0.05748047
0.06013994
0.06193402
0.06416995
0.06648937
0.0683005
0.06881411
0.06729465
0.06699118
0.07242662
0.08280431
0.0896016
0.07974377
0.04954175
0.009087692
-0.02301242
-0.03638013
-0.03780619
-0.03413992
-0.02270058
-0.002474652
0.02210792
0.04468052
0.05434666
0.04552053
0.02586098
0.005808262
-0.01112962
-0.02719471
-0.04146427
-0.04562792
-0.03842288
-0.03011231
-0.02849869
-0.03187978
-0.03473209
-0.03308014
-0.02699352
-0.01983744
-0.01444148
-0.01069343
-0.00713495
-0.003380507
-5.907149e-05
0.001530818
0.0005104552
-0.001871275
-0.001446473
0.004660335
0.01265295
0.01633593
0.01494994
0.01120804
0.00629087
0.000206344
-0.006017094
-0.008101761
-0.003696806
0.002724419
0.004361924
0.0003456859
-0.004894784
-0.004651492
0.003923851
0.01480235
0.02086894
0.0216532
0.01844678
0.01114112
-0.000233755
-0.0156987
-0.03201019
-0.04379946
-0.05034074
-0.05494368
-0.05852036
-0.05858332
-0.05472396
-0.04778948
-0.03344547
-0.01113952
0.0113683
0.02633883
0.03302624
0.0335732
0.0305561
0.02720271
0.02827087
0.03532643
0.04534805
0.05501347
0.06213863
0.06325712
0.05825607
0.05359942
0.05496129
0.05918301
0.05998104
0.05635014
0.05184143
0.05071902
0.05337377
0.05563536
0.05483334
0.05213376
0.04952269
0.04643856
0.04118637
0.03361975
0.02509248
0.01674709
0.008242827
-0.001371791
-0.01199923
-0.0212667
-0.02542642
-0.02454063
-0.0218849
-0.01924835
-0.01588571
-0.01116951
-0.005659554
-0.000232334
0.004105094
0.005398398
0.00331498
-0.0002864815
-0.002978962
-0.001324115
0.005010304
0.01124018
0.01407827
0.01439731
0.01366456
0.012301
0.0103551
0.00736536
0.001610247
-0.007769156
-0.02031519
-0.03369965
-0.04321586
-0.04706834
-0.04806448
-0.04942405
-0.05174886
-0.05236634
-0.04825177
-0.04021203
-0.03093143
-0.02194258
-0.01313587
-0.003759584
0.006422051
0.01691711
0.02565121
0.02772363
0.02205003
0.01285266
0.004234512
-0.002772614
-0.006536436
-0.005891067
-0.005204252
-0.008242512
-0.01410516
-0.0200477
-0.02510874
-0.03088216
-0.03866753
-0.04611889
-0.04769833
-0.04233324
-0.03421682
-0.02805211
-0.02530389
-0.02213951
-0.01047013
0.01429435
0.03952805
0.05129271
0.05078691
0.04670575
0.04439902
0.04356308
0.04264715
0.04152758
0.04072711
0.04005013
0.03888657
0.03714557
0.03520437
0.03352966
0.03306297
0.03433558
0.03652694
0.03685334
0.03249852
0.02429336
0.01498133
0.006187979
-0.002183585
-0.009544943
-0.01298055
-0.01178959
-0.008395371
-0.004554413
-7.803926e-05
0.005366218
0.01139783
0.01665762
0.01744941
0.013308
0.008879207
0.007205796
0.007205376
0.004874307
-0.003030264
-0.01504626
-0.0276506
-0.03880972
-0.0456331
-0.04523172
-0.03928887
-0.03107036
-0.02176238
-0.01117642
-0.00187941
0.003285621
0.005177483
0.006443429
0.007472336
0.006194301
0.002094654
-0.003163674
-0.006730782
-0.005196857
0.0009637998
0.007716254
0.01254432
0.01610259
0.01937913
0.0205988
0.0184027
0.01523685
0.01479277
0.01736523
0.01998024
0.01978708
0.01709909
0.01398292
0.01163906
0.01044569
0.01069739
0.01199965
0.01353858
0.01400219
0.01219309
0.008084693
0.000968215
-0.009247267
-0.02104747
-0.03270386
-0.04142526
-0.04434335
-0.04286823
-0.04148149
-0.04283108
-0.04568807
-0.04696365
-0.04545963
-0.04262864
-0.04014654
-0.0384188
-0.03753231
-0.03758699
-0.0382586
-0.03907462
-0.03960483
-0.03791143
-0.03190392
-0.02261704
-0.01337921
-0.008898464
-0.0106905
-0.01561113
-0.02015942
-0.02258846
-0.02228707
-0.02018663
-0.01780105
-0.01667926
-0.01766891
-0.02003113
-0.022548
-0.02457193
-0.02537384
-0.02455478
-0.02273751
-0.0202956
-0.01629732
-0.01042016
-0.003328056
0.005089297
0.0149943
0.0244428
0.02990064
0.03105041
0.0306363
0.030782
0.03107257
0.03032219
0.02921774
0.02979136
0.03244755
0.03588871
0.03911496
0.04270476
0.04746665
0.05232302
0.0526727
0.04603599
0.03536942
0.02473216
0.01541075
0.006407028
-0.003118579
-0.01039267
-0.01102341
-0.01346568
-0.02321802
-0.0310019
-0.03013793
-0.02327234
-0.01517922
-0.007703076
-0.000226559
0.007367239
0.01326815
0.016645
0.01868808
0.02083661
0.02292405
0.02341899
0.02198701
0.01977044
0.01746685
0.01307121
0.004688367
-0.006392546
-0.01633642
-0.02123377
-0.0215294
-0.02058081
-0.02069335
-0.02253944
-0.02577391
-0.02953064
-0.03333185
-0.03732092
-0.04165011
-0.04614814
-0.04926753
-0.04764493
-0.04092225
-0.03213434
-0.0239256
-0.01677398
-0.009942082
-0.002815178
0.005203271
0.01488313
0.02516924
0.03305003
0.03755915
0.03973411
0.04033997
0.03998072
0.03922623
0.03842323
0.03765429
0.03670033
0.03378053
0.02697462
0.0176733
0.01037701
0.007493091
0.007158425
0.006359934
0.00311096
-0.002447855
-0.008747703
-0.01470795
-0.02034196
-0.02518649
-0.02714583
-0.02574681
-0.02282998
-0.0205346
-0.02082451
-0.02403094
-0.0280238
-0.02960888
-0.02806488
-0.02526383
-0.02291724
-0.02113622
-0.01869784
-0.01449322
-0.008975479
-0.004007992
-0.001920394
-0.002745997
-0.004563666
-0.005927767
-0.006901769
-0.008550537
-0.01144377
-0.01503252
-0.01825792
-0.01976719
-0.01933137
-0.0181205
-0.01785645
-0.01947271
-0.02227526
-0.02512517
-0.02743925
-0.02812473
-0.0262498
-0.02261376
-0.0186902
-0.01509458
-0.01044866
-0.00247524
0.008573509
0.02033645
0.02950302
0.0341238
0.03578841
0.03718068
0.03941883
0.04230272
0.04542493
0.04846466
0.05021446
0.04936481
0.04651113
0.04323518
0.0403752
0.03764548
0.03450924
0.03095642
0.02733322
0.02385665
0.02052252
0.01732091
0.01423368
0.01120562
0.008204315
0.005685919
0.0046172
0.005001079
0.005911936
0.006626121
0.007042215
0.00631938
0.002743556
-0.003515591
-0.01067056
-0.01663767
-0.01833132
-0.01503277
-0.009374778
-0.003990849
0.0004446547
0.004256601
0.007792295
0.01028206
0.00982191
0.006412227
0.00198808
-0.00095522
-0.000652764
0.002098557
0.00517959
0.007246044
0.00851326
0.009865314
0.01185278
0.01398928
0.01456478
0.01288404
0.01005441
0.007365876
0.00508373
0.002613442
-0.0004387235
-0.00314306
-0.003910775
-0.002763415
-0.001039614
-0.000333555
-0.002216104
-0.006489098
-0.01167898
-0.01689474
-0.02187256
-0.0260337
-0.02914564
-0.03169118
-0.03423685
-0.03668605
-0.03733755
-0.03496202
-0.03065456
-0.02655258
-0.02467471
-0.0251764
-0.02611976
-0.02456377
-0.01974821
-0.0135039
-0.007665799
-0.003327355
-0.001261366
-0.0009184031
-0.001040003
-0.0008380537
0.0002277065
0.002422283
0.005321209
0.008319126
0.01118115
0.01408217
0.01723456
0.0205899
0.02395567
0.02657753
0.02648519
0.02319093
0.01812525
0.01259633
0.007114127
0.002981057
0.002416967
0.004946418
0.006831515
0.005403494
0.001674098
-0.002080038
-0.004642003
-0.005258996
-0.004047541
-0.002041533
-9.390897e-05
0.001868129
0.004716585
0.00873847
0.01330393
0.01775299
0.02189192
0.0255882
0.02879168
0.03166371
0.03363509
0.03344628
0.03125048
0.02831079
0.02507505
0.02117947
0.01659565
0.01174994
0.007186703
0.003778803
0.001846036
0.0006925883
-0.0004853532
-0.001976868
-0.004132287
-0.007281084
-0.01112622
-0.01507154
-0.01821777
-0.01959898
-0.01949308
-0.01889757
-0.01799005
-0.01637133
-0.014546
-0.01435764
-0.01633207
-0.01764415
-0.01514804
-0.009498028
-0.003731734
0.0004456427
0.003430444
0.005998782
0.008240359
0.008188918
0.004185833
-0.001722666
-0.006512445
-0.009610937
-0.01229855
-0.01551561
-0.01885158
-0.02145419
-0.02280602
-0.0222798
-0.02012326
-0.01784315
-0.01762119
-0.01988509
-0.02316048
-0.02560915
-0.02581519
-0.02408966
-0.02182139
-0.01964763
-0.01679796
-0.01272261
-0.007920418
-0.003166408
0.00124938
0.005521073
0.00988404
0.01432484
0.01792986
0.01900572
0.01758783
0.01529471
0.01335843
0.01185003
0.0106927
0.01023123
0.01047356
0.01100952
0.01148531
0.01180748
0.01168328
0.0107307
0.009128155
0.007370935
0.005739582
0.004240793
0.003213901
0.003147604
0.00385697
0.00468265
0.004718739
0.003508779
0.001552408
-0.0005096787
-0.002898799
-0.006107835
-0.009981533
-0.0138169
-0.01599981
-0.01542034
-0.01303562
-0.01047131
-0.008514751
-0.007442873
-0.007181813
-0.007304658
-0.007606456
-0.008634756
-0.01071705
-0.01339747
-0.01606685
-0.01853381
-0.02069009
-0.02112214
-0.01870601
-0.01449406
-0.01127011
-0.01124623
-0.01366684
-0.0160254
-0.01536529
-0.01097165
-0.004856003
0.0009652509
0.005542639
0.008018626
0.008594306
0.00886521
0.01079178
0.01460265
0.01905589
0.02317537
0.02694276
0.03000576
0.03023189
0.02687436
0.02195722
0.01885673
0.01904412
0.0210036
0.02276918
0.0238377
0.02450026
0.0246092
0.02405029
0.02302759
0.02162672
0.01987591
0.01786314
0.01480862
0.009476123
0.002563781
-0.002485907
-0.003360116
-0.00153091
0.0003841393
0.001408401
0.002021575
0.002159399
0.00126933
-0.0005247134
-0.002588637
-0.004495166
-0.006256024
-0.008019811
-0.009114443
-0.007981224
-0.004560247
-0.0002927846
0.003293814
0.004674729
0.00370037
0.001746213
0.0003934232
0.0003463908
0.001071733
0.001773863
0.002192582
0.001953553
0.0001286302
-0.002145112
-0.002237617
0.0002298609
0.00356735
0.006414156
0.008711948
0.01040871
0.01088579
0.0102033
0.009091825
0.008269181
0.008698241
0.01054517
0.01135563
0.008951009
0.004195092
-0.000892363
-0.005516279
-0.009896818
-0.01286518
-0.01258967
-0.009601981
-0.005933232
-0.003243079
-0.002701979
-0.004099458
-0.006177832
-0.008045933
-0.009671403
-0.01103487
-0.01123646
-0.009881533
-0.007700752
-0.0055637
-0.003720238
-0.002032311
-0.0003635726
0.001679655
0.004601635
0.008259142
0.01200851
0.0141295
0.01275736
0.008602548
0.003814627
-0.0003866631
-0.003528962
-0.004130758
-0.001766315
0.00207964
0.005507868
0.006843065
0.006002281
0.004847309
0.005538216
0.007846013
0.008886961
0.006885719
0.003032509
-0.0007296139
-0.003776539
-0.006637437
-0.009806931
-0.0126589
-0.01316892
-0.0107633
-0.007100452
-0.004713388
-0.004937891
-0.006783337
-0.008615412
-0.00931091
-0.008473265
-0.007082918
-0.007061079
-0.008985773
-0.01177076
-0.01431741
-0.01645534
-0.01789002
-0.01714862
-0.01390602
-0.009519732
-0.005311799
-0.001650801
0.00112819
0.00275865
0.00363975
0.004356023
0.00455105
0.003100809
2.217226e-05
-0.003612398
-0.006988004
-0.009629752
-0.01008889
-0.007793511
-0.004039798
-0.0003328611
0.002527127
0.003749817
0.003341866
0.002223341
0.00118937
0.0004601823
0.0003498275
0.001116988
0.002466205
0.003919723
0.005345828
0.006890684
0.00861176
0.01040957
0.01215187
0.01315013
0.01207929
0.008970976
0.005142477
0.001763874
-0.0008900986
-0.003258728
-0.005696846
-0.008110704
-0.01033384
-0.01248975
-0.01490597
-0.01765766
-0.02034548
-0.02160654
-0.0205895
-0.01841101
-0.01752909
-0.01904346
-0.02156076
-0.02200891
-0.01888423
-0.01374182
-0.008709481
-0.004514456
-0.0009261616
0.002461431
0.005940181
0.01079829
0.01860481
0.02722289
0.03292332
0.03537842
0.03690687
0.03882456
0.03988901
0.03900797
0.03685183
0.03456872
0.03242411
0.03012176
0.02753691
0.02496723
0.0227568
0.02086711
0.01903612
0.01710688
0.01510995
0.01313205
0.01120929
0.009343658
0.007515589
0.005698657
0.003879732
0.002060069
0.0002491144
-0.001224125
-0.00136719
7.911668e-05
0.002260913
0.003958044
0.004091542
0.002802486
0.001090589
-9.911563e-05
-9.801299e-05
0.0009096583
0.002209749
0.003358188
0.004387085
0.005476597
0.006669607
0.007883852
0.008976461
0.009359099
0.008537863
0.006892774
0.005135271
0.003583301
0.002172376
0.001032456
0.0003711411
7.186298e-05
-0.0001496523
-0.0004471998
-0.0007928285
-0.00125364
-0.002898483
-0.006725597
-0.01207684
-0.01725962
-0.02103735
-0.02370104
-0.02592906
-0.02680376
-0.02538816
-0.02243045
-0.01929898
-0.01644875
-0.01308665
-0.008663666
-0.003949652
-0.0002082497
0.00241184
0.004528431
0.005779021
0.005462176
0.003958308
0.002214984
0.0007398741
-0.0005711204
-0.001968775
-0.003456903
-0.004293407
-0.003535314
-0.001455726
0.000933817
0.003027648
0.004907298
0.006837172
0.008455389
0.008920323
0.008237169
0.007167032
0.006282873
0.00559422
0.004871472
0.003992878
0.002868336
0.001466929
-9.306667e-05
-0.001717611
-0.003476599
-0.005410742
-0.00743793
-0.009436985
-0.01134236
-0.01318501
-0.01503708
-0.01720816
-0.02026599
-0.02399874
-0.02635235
-0.02556736
-0.02253697
-0.01923089
-0.01656984
-0.0146344
-0.01360532
-0.01334732
-0.01340229
-0.01342414
-0.01329222
-0.01288465
-0.01221714
-0.01181515
-0.01233618
-0.01366042
-0.015078
-0.01542946
-0.01406119
-0.01162976
-0.009135083
-0.006939256
-0.004819557
-0.002538357
-0.0001421399
0.002032568
0.003714206
0.005045546
0.006335476
0.007525203
0.007788096
0.006735954
0.005151734
0.00446496
0.005152579
0.006472129
0.007606777
0.00800436
0.007240294
0.005584916
0.003691474
0.001931113
0.0002642823
-0.001379568
-0.002411149
-0.002207864
-0.001127308
-0.0004023043
-0.001056841
-0.002790636
-0.004508707
-0.004934679
-0.003771197
-0.001883837
-0.0001403803
0.0008732264
0.0005267133
-0.001015949
-0.002966232
-0.004770741
-0.006091311
-0.006139781
-0.00472748
-0.0026123
-0.0006074225
0.000449552
-4.995602e-05
-0.0009534447
-0.0006412556
0.0008636369
0.001779577
0.0005891084
-0.002188161
-0.004949487
-0.005866205
-0.004368044
-0.001651215
0.000839478
0.002047233
0.001809694
0.000904067
6.563507e-05
-0.0005831721
-0.001435276
-0.002911798
-0.004900942
-0.006990829
-0.008953067
-0.01083862
-0.01256635
-0.01322575
-0.01225385
-0.01032928
-0.009069553
-0.01017176
-0.01341632
-0.01702909
-0.01928699
-0.02007789
-0.02041093
-0.02047188
-0.01943928
-0.01719207
-0.01439602
-0.0111485
-0.007026176
-0.002133748
0.002663574
0.006180296
0.00831686
0.009959634
0.0118153
0.01394098
0.01612256
0.01824234
0.0203367
0.02246852
0.02455011
0.02631814
0.02771826
0.02870869
0.02850444
0.02674158
0.02415156
0.0217353
0.01986695
0.01824744
0.01644642
0.01406979
0.01107073
0.007794165
0.004555362
0.001411543
-0.00167526
-0.004695542
-0.0076481
-0.0105644
-0.01347853
-0.01640208
-0.01931464
-0.02164205
-0.02197917
-0.02015056
-0.01742704
-0.01504424
-0.01404242
-0.01484674
-0.01670481
-0.01864012
-0.02026074
-0.02092453
-0.01968184
-0.01684091
-0.01355027
-0.01055262
-0.008214101
-0.006921077
-0.006490651
-0.006338436
-0.00610198
-0.006090968
-0.006951254
-0.008652031
-0.01060967
-0.01241062
-0.01406815
-0.01564107
-0.01663847
-0.01669168
-0.01614464
-0.01555443
-0.01513869
-0.01478548
-0.01435864
-0.01385998
-0.0133797
-0.01317986
-0.01354813
-0.01436348
-0.01525326
-0.01556525
-0.01457552
-0.01248379
-0.01008996
-0.00790166
-0.006313559
-0.006199427
-0.00759067
-0.008848866
-0.008159545
-0.005715189
-0.003357363
-0.003288982
-0.005524027
-0.00700275
-0.005143265
-0.000792068
0.003776681
0.00735337
0.009278318
0.009405958
0.008540535
0.007607454
0.007354361
0.008366602
0.01037991
0.01265598
0.01470257
0.01592121
0.01577635
0.01463952
0.01330058
0.01233193
0.01244356
0.01388127
0.01602855
0.01817758
0.0199913
0.02059053
0.01918309
0.01637917
0.01357366
0.01186832
0.011167
0.01068711
0.009966007
0.009092466
0.008223532
0.007172394
0.005779343
0.004494049
0.004352445
0.005548001
0.007296614
0.008887632
0.01019014
0.0107774
0.009857252
0.007629257
0.0050127
0.002610579
0.0004863135
-0.0007373186
-0.0001776422
0.00180719
0.003810017
0.004219812
0.002863977
0.0008638061
-0.0006490356
-0.0007639904
0.0005132974
0.002339718
0.003976419
0.004744164
0.004185589
0.00271961
0.001095245
-0.0003427929
-0.001660481
-0.002682406
-0.003035583
-0.002808166
-0.002415144
-0.002125853
-0.001923719
-0.001680904
-0.00133972
-0.0009486208
-0.0006416947
-0.0008494308
-0.001844837
-0.003326184
-0.004838145
-0.006086365
-0.006675638
-0.006517158
-0.005989481
-0.005313809
-0.004164672
-0.002385913
-0.0002789339
0.001797385
0.003592904
0.004734818
0.005180864
0.005315587
0.005491772
0.005771715
0.006086703
0.006481138
0.007013436
0.007642388
0.008285435
0.008903292
0.009508021
0.01009128
0.01022467
0.009307657
0.007524043
0.005938715
0.005777333
0.006989798
0.008599789
0.009912883
0.0105474
0.01021379
0.009176018
0.007964531
0.006860732
0.005824417
0.004739427
0.003589176
0.002431681
0.001364299
0.0008321162
0.001216067
0.002230439
0.003285849
0.00377669
0.003468131
0.002715208
0.002112734
0.002490235
0.004120167
0.006389958
0.008401121
0.008968847
0.007722458
0.005758085
0.005005429
0.006220704
0.00843417
0.01033228
0.01067859
0.009133465
0.006861636
0.005974747
0.007323964
0.009820298
0.01202522
0.01343948
0.01502562
0.01783837
0.02165245
0.02552747
0.02779188
0.02657504
0.02243352
0.01749543
0.0133209
0.01127428
0.01184551
0.0138091
0.01525118
0.01526552
0.01446788
0.01372514
0.01286787
0.01116822
0.008616879
0.005851062
0.003384461
0.001200145
-0.0009731158
-0.003249053
-0.005069791
-0.005340925
-0.004055982
-0.002221899
-0.0006665817
8.164378e-05
-0.0002290739
-0.001213868
-0.002304788
-0.003265374
-0.004178829
-0.005161122
-0.006207445
-0.007249719
-0.008255887
-0.009245686
-0.01023839
-0.01109976
-0.01159056
-0.01173537
-0.01177089
-0.01185247
-0.01186887
-0.01163227
-0.01117474
-0.01066826
-0.01021663
-0.009903758
-0.01028415
-0.01177531
-0.01379299
-0.01453676
-0.01292527
-0.009883688
-0.007169626
-0.005831985
-0.005456164
-0.005123481
-0.00446864
-0.003599161
-0.002499467
-0.001127443
0.0004190052
0.001882006
0.002506132
0.001817274
0.0003165855
-0.001234192
-0.002553052
-0.003794402
-0.004884138
-0.005047699
-0.003982294
-0.00229071
-0.0006584965
0.0007458718
0.001984361
0.00259087
0.002191592
0.001158418
0.0003424009
0.0004170503
0.001210592
0.002131666
0.002848235
0.003311933
0.003593767
0.003806854
0.003974026
0.003765505
0.002869882
0.001491662
4.886739e-05
-0.001241998
-0.002420189
-0.003605018
-0.004835427
-0.006024321
-0.007052222
-0.007934865
-0.008780579
-0.0096582
-0.01051301
-0.01085828
-0.01018342
-0.008770227
-0.007563495
-0.007241173
-0.007559323
-0.007847092
-0.007121618
-0.004705345
-0.001143738
0.00247525
0.005414141
0.007753945
0.009987632
0.01231539
0.01440389
0.01600479
0.01739396
0.0192999
0.02204543
0.02486846
0.02650966
0.02683785
0.02672396
0.02685079
0.02722189
0.02748191
0.02684896
0.0246887
0.02145905
0.01809742
0.0155409
0.0143639
0.01413541
0.01399507
0.01313621
0.01128356
0.008897861
0.006525383
0.004312107
0.002117821
-3.944904e-05
-0.001531212
-0.001955092
-0.001731125
-0.001487123
-0.001445269
-0.001464178
-0.001393893
-0.001394664
-0.002133986
-0.003881147
-0.006123413
-0.007864371
-0.008254807
-0.007556666
-0.006630259
-0.006121776
-0.006368441
-0.007194596
-0.008170078
-0.009058527
-0.009834376
-0.01002373
-0.009008364
-0.007035878
-0.005132945
-0.004841475
-0.006541877
-0.009144755
-0.01157604
-0.01349402
-0.01461118
-0.01488316
-0.0147173
-0.01453413
-0.01445294
-0.01438546
-0.01425862
-0.01409317
-0.01393621
-0.01364708
-0.01282181
-0.01139386
-0.00971912
-0.008414936
-0.00827011
-0.009273412
-0.01069176
-0.01196134
-0.01305392
-0.01396015
-0.01392019
-0.01252141
-0.01041367
-0.008969512
-0.009093078
-0.01028705
-0.0115617
-0.01225586
-0.01193264
-0.01076358
-0.009323042
-0.007980294
-0.006728985
-0.005435388
-0.004102254
-0.002941338
-0.002063671
-0.001342557
-0.0006090693
0.0001844516
0.0009907108
0.001768954
0.002508527
0.00309944
0.003430204
0.003574706
0.003687517
0.003843599
0.004021714
0.004183106
0.004323282
0.00440405
0.004214387
0.003661427
0.002914188
0.00217534
0.001500961
0.0008382965
0.0001432869
-0.0005739448
-0.001163929
-0.001147321
-0.0003472429
0.0008522444
0.002019693
0.003049313
0.004056953
0.005066545
0.005942777
0.006639734
0.00725306
0.007774912
0.007568503
0.006134353
0.003905881
0.001960043
0.001458578
0.002373517
0.00373609
0.004611722
0.004513901
0.003726659
0.002827408
0.002079048
0.001383694
0.0004519583
-0.0009703465
-0.002770484
-0.004647251
-0.006441219
-0.008175536
-0.009597959
-0.01004797
-0.009490142
-0.008545608
-0.007724793
-0.007071069
-0.006401433
-0.005628315
-0.004878797
-0.004545059
-0.00480645
-0.005392291
-0.005963646
-0.006424939
-0.006865601
-0.007361359
-0.00789688
-0.008395868
-0.008574267
-0.008153821
-0.007290754
-0.006345781
-0.005544937
-0.005181579
-0.005466389
-0.006180396
-0.00695729
-0.007630746
-0.008083104
-0.00804498
-0.007519729
-0.006801892
-0.006131967
-0.005529623
-0.00480988
-0.003760223
-0.002431685
-0.001037393
0.0002956286
0.001460266
0.002024861
0.001807246
0.001172436
0.0005515573
6.449435e-05
-0.0003984659
-0.0008754129
-0.00102416
-0.0005561161
0.0003284373
0.001257881
0.002104963
0.002969195
0.003927113
0.00494225
0.005858976
0.006251098
0.005920278
0.005188726
0.004461978
0.00386154
0.003372143
0.003299704
0.003875929
0.004795163
0.005146606
0.004304705
0.002667333
0.0009714514
-0.0004859107
-0.001784402
-0.002892431
-0.003750599
-0.00444169
-0.005102156
-0.005797067
-0.006511074
-0.007216459
-0.007916191
-0.008624971
-0.009345565
-0.01006956
-0.01079024
-0.01150277
-0.01201164
-0.01182547
-0.01088002
-0.009619309
-0.008435875
-0.007312681
-0.005805651
-0.003673436
-0.001187712
0.001214503
0.00316738
0.004668673
0.00601047
0.007413062
0.008823914
0.009888242
0.01042673
0.01067299
0.01093276
0.01129482
0.01166708
0.01178478
0.01134079
0.01042557
0.009385366
0.008431908
0.007545586
0.006734616
0.006226763
0.006094408
0.006143863
0.006170416
0.006129358
0.006080842
0.006067517
0.006076122
0.006077096
0.006056994
0.00600556
0.005924046
0.005828806
0.005734217
0.005643048
0.005551675
0.005457951
0.005361207
0.00522976
0.005008581
0.004704831
0.00437504
0.00405856
0.00375472
0.003447587
0.00313155
0.003080768
0.002752257
0.002418847
0.00208128
0.001742043
0.001403024
0.001064603
0.0007264338
0.0003884606
5.111326e-05
-0.0002669093
-0.0004566803
-0.000441567
-0.000296608
-0.0001417067
-2.359217e-05
8.134467e-05
0.0002015649
0.0003361985
0.000469584
0.0006085356
0.0007932727
0.00103413
0.001298968
0.001556067
0.001799881
0.002040476
0.002291718
0.002661519
0.003294719
0.004047819
0.004188516
0.003224366
0.001564723
-4.686714e-05
-0.0009233978
-0.0009058501
-0.0004631218
-6.945455e-05
0.0001776012
0.0002261023
-0.0004044933
-0.001890132
-0.003801601
-0.005659556
-0.00732192
-0.008875917
-0.01042083
-0.01189786
-0.01272608
-0.01241417
-0.01132627
-0.01014735
-0.009180311
-0.008311286
-0.007371836
-0.006353426
-0.005340794
-0.004381267
-0.003456623
-0.00253473
-0.001610208
-0.0006979348
0.000191028
0.001058254
0.001903976
0.002629289
0.003069041
0.003251324
0.003351378
0.003487796
0.003656999
0.003810851
0.003933287
0.00404277
0.004157077
0.004275342
0.00438785
0.004490097
0.004584779
0.004674137
0.004747894
0.004795249
0.004822257
0.004842419
0.004862277
0.004879879
0.004891775
0.004897558
0.004898872
0.004896758
0.004890896
0.004882861
0.004894602
0.004949815
0.005035496
0.005120894
0.005190133
0.005246795
0.005280918
0.005123188
0.004590515
0.003783798
0.002941145
0.002185208
0.001488308
0.0007911119
8.510494e-05
-0.0006015037
-0.001219515
-0.001634856
-0.001791737
-0.001807611
-0.001821797
-0.001874708
-0.001933243
-0.001968876
-0.001987351
-0.002006772
-0.002037274
-0.002103528
-0.002224854
-0.002379307
-0.002531253
-0.002665377
-0.002787082
-0.002904282
-0.003016757
-0.003095531
-0.003065702
-0.002915111
-0.002713844
-0.002526673
-0.002367963
-0.002308711
-0.002512795
-0.002965562
-0.003485555
-0.003869937
-0.003861491
-0.00343339
-0.00283511
-0.002290237
-0.001835737
-0.001407153
-0.0009835489
-0.0006541075
-0.0004775139
-0.000395438
-0.0003211901
-0.0002247224
-0.0001252747
-4.294674e-05
2.379342e-05
9.985874e-05
0.0002294388
0.0004134613
0.0006073658
0.0007750015
0.0009129355
0.001033378
0.001142512
0.001237218
0.001313382
0.001371168
0.001413333
0.001431178
0.001346959
0.00110547
0.0007761917
0.0004626789
0.0002050744
-8.310412e-06
-0.0001397954
-0.0001362449
-3.940421e-05
6.49981e-05
0.0001336678
0.0001752876
0.000200501
0.0001620775
2.858833e-05
-0.0001531243
-0.0003193848
-0.0004480491
-0.000551963
-0.0006452873
-0.0007205243
-0.0007381924
-0.0006876925
-0.000609002
-0.0005424746
-0.0004970247
-0.0004620025
-0.0004337348
-0.0004278958
-0.0004490254
-0.0004805688
-0.000505972
-0.0005217135
-0.0005322748
-0.0005409616
-0.0005473464
-0.0005493826
-0.000543691
-0.0005301427
-0.000513327
-0.0004973756
-0.0004841023
-0.0004757362
-0.0004713505
-0.0004668266
-0.0004592594
-0.000448556
-0.000435833
-0.000421761
-0.0004063756
-0.0003896439
-0.0003717689
-0.0003528853
-0.0003323153
-0.0003100668
-0.0002874917
-0.0002657803
-0.0002451299
-0.0002251837
-0.0002056894
-0.0001867692
-0.0001685069
-0.0001506148
-0.0001327593
-0.0001148316
-9.688589e-05
-7.897891e-05
-6.111125e-05
-4.32591e-05
-2.537799e-05
-7.448714e-06
1.046041e-05
2.828432e-05
4.602435e-05
6.371933e-05
8.14023e-05
9.908858e-05
0.0001167847
0.0001344967
0.0001522327
0.0001699982
0.0001877927
0.0002056126
0.0002234535
0.0002413105
0.0002591789
0.0002770534
0.0002949282
0.0003127974
0.0003306553
0.0003484958
0.0003663131
0.0003841012
0.0004018543
0.0004195663
