0.0003529758
0.0003477647
0.0003425406
0.0003373223
0.0003321008
0.0003269043
0.0003216805
0.0003163189
0.0003106298
0.0003044218
0.0002979308
0.0002921114
0.000287439
0.0002824952
0.0002751709
0.0002652649
0.0002571946
0.0002582292
0.0002683112
0.0002791044
0.0002860931
0.0002932749
0.0003032491
0.0002980047
0.0002543476
0.0001742883
0.000104302
9.646228e-05
0.0001480081
0.0002096879
0.0002188535
0.0001620298
0.0001050069
0.0001208425
0.000201752
0.0002715161
0.0002787624
0.0002156126
0.0001726151
0.000267298
0.0004305822
0.0005209014
0.0004823173
0.0004442264
0.0006232679
0.0008835264
0.0008651036
0.0004951219
5.352186e-06
-0.0004124386
-0.0007669253
-0.001069407
-0.001269966
-0.001403111
-0.001625941
-0.001994927
-0.00193835
-0.0009391989
0.0003801868
0.001268677
0.001642991
0.001806859
0.0019719
0.002154554
0.002269305
0.002208767
0.001972647
0.001746873
0.00189299
0.002525909
0.003355246
0.003674241
0.003537731
0.003714313
0.003705963
0.002105667
-0.001229849
-0.004988348
-0.006649376
-0.004834699
-0.001190113
0.0004366322
-0.00208293
-0.006642307
-0.008333001
-0.004874251
0.001178643
0.005325191
0.005799435
0.004915666
0.004773474
0.00381607
0.000134086
-0.005506164
-0.008795985
-0.005200336
0.00382938
0.01133709
0.01240767
0.009092491
0.006093116
0.005172039
0.004586326
0.002476138
-0.000964424
-0.004507202
-0.007562771
-0.01063698
-0.01468657
-0.01983013
-0.02413247
-0.02308694
-0.01584409
-0.008698386
-0.007705228
-0.01081319
-0.0119466
-0.009139085
-0.004903667
-0.001746383
-0.0004409196
-0.001599735
-0.004809697
-0.007364807
-0.005935973
-0.00131792
0.001034763
-0.001698185
-0.004860767
-0.003780766
-0.001866829
-0.005150282
-0.01316546
-0.02008681
-0.02348355
-0.02715864
-0.03431847
-0.04330282
-0.04860571
-0.04763724
-0.04337537
-0.03967781
-0.03748867
-0.03554928
-0.0317841
-0.02303781
-0.009055106
0.006661008
0.01650172
0.01344075
0.001004189
-0.009849691
-0.01291992
-0.01184897
-0.01444477
-0.02349504
-0.03409515
-0.03901166
-0.03763624
-0.03718038
-0.04361041
-0.05492866
-0.06240684
-0.05766166
-0.04284883
-0.0262137
-0.0129642
-0.003494511
0.004509199
0.0129218
0.0221791
0.03228097
0.04295702
0.05380358
0.0639888
0.07163531
0.07612323
0.07761542
0.07638094
0.0736369
0.07095133
0.0701962
0.07200238
0.07266178
0.06649772
0.05370349
0.03928692
0.02796821
0.02071043
0.01503886
0.008677142
0.001452228
-0.006007585
-0.01439074
-0.02436143
-0.03210451
-0.02838996
-0.01175576
0.009901649
0.02712208
0.02957633
0.01607185
-0.003952768
-0.0201467
-0.02246801
-0.008924521
0.01301832
0.03592825
0.04943625
0.049202
0.04187398
0.03591423
0.03579069
0.04085357
0.04727965
0.05017172
0.0455625
0.03499222
0.02240975
0.01126545
0.003755518
0.000561442
0.003558064
0.009730209
0.005799812
-0.01476429
-0.0390191
-0.04609839
-0.03341843
-0.01478613
-0.004907259
-0.01344241
-0.03655739
-0.05926278
-0.06404916
-0.05065313
-0.03774678
-0.03806281
-0.04704617
-0.0547911
-0.05757634
-0.05655933
-0.05405128
-0.05289944
-0.05613563
-0.06319224
-0.06792785
-0.06377382
-0.04947058
-0.02581895
-0.000938479
0.01504319
0.02218275
0.02740557
0.03327555
0.034219
0.02722282
0.01609084
0.006449631
0.004040253
0.01055195
0.02063461
0.0252549
0.02107557
0.01444074
0.01425265
0.02130189
0.02702773
0.02218433
0.007932986
-0.007954906
-0.02007685
-0.02862453
-0.03377822
-0.03221755
-0.02414475
-0.01433821
-0.006505946
0.000700013
0.01157002
0.02686156
0.04255483
0.05428531
0.0608412
0.0586127
0.04577525
0.02706399
0.008390139
-0.008141479
-0.01995177
-0.0217217
-0.01411297
-0.001923083
0.01171421
0.02527308
0.02968499
0.0130943
-0.01586386
-0.03909753
-0.05013131
-0.05149402
-0.04443009
-0.03117963
-0.01545787
0.0002914533
0.01549378
0.02868683
0.03787226
0.04387217
0.04819369
0.04821933
0.04075834
0.02541374
0.01049845
0.008754577
0.02054782
0.03514718
0.04347856
0.03968059
0.02264144
0.001066064
-0.01565391
-0.02586793
-0.02815349
-0.02095873
-0.007807959
0.006061668
0.01842209
0.02992651
0.03803022
0.03693779
0.03193604
0.03502738
0.04827383
0.06423077
0.07034916
0.05536672
0.02474538
-0.004785587
-0.01935703
-0.01378438
0.003537642
0.01527855
0.008902579
-0.01068897
-0.03129037
-0.04704792
-0.05354902
-0.04273744
-0.01632705
0.01477794
0.03214748
0.02454606
0.00133939
-0.02103321
-0.03479275
-0.04054422
-0.03658127
-0.02333892
-0.005944807
0.0104124
0.02255418
0.02666274
0.02262788
0.01239063
-0.003894854
-0.02453749
-0.04487541
-0.05339979
-0.04326853
-0.02334155
-0.008187164
-0.003933673
-0.008624354
-0.01664986
-0.02247855
-0.02084718
-0.01153421
0.001002375
0.01296366
0.02327088
0.02979724
0.03191246
0.03603511
0.04720859
0.06307212
0.07648798
0.07862395
0.06901154
0.05665747
0.04893439
0.04084556
0.02429272
0.0008765344
-0.01575476
-0.0141479
-0.001400452
0.008516673
0.0105944
0.006102088
-0.001521967
-0.007877982
-0.01144012
-0.01133905
-0.0028365
0.01732278
0.0427651
0.06230883
0.07068634
0.06584609
0.05029632
0.02311176
-0.01856708
-0.0556342
-0.06214872
-0.03591542
0.003998055
0.03613094
0.04695085
0.02881668
-0.008765507
-0.04119457
-0.0538072
-0.05468568
-0.05907239
-0.07164699
-0.08660305
-0.09508513
-0.09136633
-0.07241194
-0.03735853
0.02186912
0.1011232
0.1595668
0.150553
0.07167142
-0.04174114
-0.130866
-0.15862
-0.1136165
-0.0318777
0.03270263
0.05808331
0.05032286
0.03011118
0.01952542
0.0301535
0.05417716
0.07770044
0.09637262
0.1160371
0.1173714
0.06045605
-0.03549146
-0.1191807
-0.1618806
-0.1635163
-0.1454611
-0.1301123
-0.1293783
-0.1355951
-0.1314826
-0.09837826
-0.02979536
0.0572139
0.1420258
0.2139504
0.2475253
0.2245463
0.1510343
0.03640637
-0.07273314
-0.1295209
-0.1276695
-0.09872469
-0.07360317
-0.05835257
-0.0450722
-0.03145246
-0.01991014
-0.009350068
0.002721705
0.01225074
0.01287272
0.00743491
0.003290284
0.003435971
0.009493782
0.02350661
0.04312458
0.06091138
0.0648679
0.04749493
0.01634154
-0.01591517
-0.0422463
-0.05092707
-0.0323698
0.004217238
0.03908219
0.05424376
0.04237552
-4.085088e-05
-0.05326198
-0.08908717
-0.1036723
-0.1052928
-0.09672071
-0.07933713
-0.05495947
-0.03492307
-0.02989227
-0.03753436
-0.04923171
-0.05892658
-0.06391425
-0.06176411
-0.05198755
-0.03402476
-0.009090897
0.0203797
0.05338136
0.08699594
0.1142705
0.1306274
0.1319913
0.1087296
0.03669339
-0.06103459
-0.1236873
-0.122003
-0.07502603
-0.02135024
0.0141266
0.02788486
0.02748587
0.01859518
0.009469732
0.007216307
0.01147673
0.01757938
0.02501018
0.03665483
0.05174979
0.06061162
0.05350775
0.03373118
0.01271736
0.008242381
0.02809732
0.05727151
0.07456585
0.07069843
0.0508262
0.02443209
-0.002292131
-0.02069864
-0.02498058
-0.01933403
-0.02175891
-0.04243774
-0.07347363
-0.1006662
-0.1095133
-0.09752484
-0.07666389
-0.060366
-0.0539153
-0.05157807
-0.04395748
-0.02671216
-0.004416841
0.01428367
0.02689321
0.0361374
0.03942689
0.03304621
0.0195314
0.004682297
-0.005491785
-0.005508733
0.003771386
0.01733685
0.02845733
0.03149274
0.02783774
0.02279076
0.01913915
0.01623725
0.01568261
0.02484957
0.04509457
0.0640527
0.06569605
0.04876593
0.01991037
-0.00756579
-0.02218501
-0.02332718
-0.01813176
-0.01161991
-0.002548324
0.006788489
0.009337214
0.004361578
-4.331347e-05
0.002411882
0.006873114
0.0068679
0.003157243
0.002814401
0.009738082
0.01991465
0.02724247
0.0306197
0.03204708
0.02798704
0.01275951
-0.01365444
-0.04169305
-0.05656845
-0.05399876
-0.04083057
-0.02309813
-0.004147457
0.01307553
0.02437093
0.02427978
0.01431246
0.002109227
-0.004635326
-0.004513647
-0.003249971
-0.01006257
-0.02585892
-0.03582092
-0.02776133
-0.007372781
0.0109219
0.01800744
0.01653252
0.01207926
0.006683525
0.0005233554
-0.003408227
-0.001121851
0.006341758
0.01388772
0.01614499
0.01259659
0.00586431
-0.002013309
-0.01009683
-0.01811887
-0.02530416
-0.0278048
-0.02343587
-0.01517134
-0.008270246
-0.009620062
-0.02121635
-0.0363085
-0.04487801
-0.04497637
-0.04440755
-0.04982156
-0.05920952
-0.06378398
-0.05832596
-0.04290274
-0.01821631
0.009907108
0.03305716
0.04873522
0.05911553
0.06731969
0.07153233
0.06652571
0.05321778
0.03441238
0.01237594
-0.004433461
-0.00750465
0.002322444
0.01644301
0.02809735
0.03542672
0.03961072
0.04134402
0.04085763
0.0390846
0.03654067
0.03245913
0.02574253
0.01413387
0.002585683
-0.001033166
0.007147613
0.02169836
0.03390807
0.04029635
0.03971102
0.03328302
0.0245235
0.01613638
0.009271912
0.007968806
0.01530807
0.02811257
0.04068744
0.04943606
0.05505576
0.06026947
0.06555607
0.06613021
0.05877123
0.04602871
0.03076648
0.01409471
-0.003347212
-0.01973713
-0.03317478
-0.04285025
-0.04638857
-0.04390141
-0.04087952
-0.0427588
-0.04901131
-0.05578424
-0.05984939
-0.05951085
-0.05607146
-0.05212815
-0.04902132
-0.04690084
-0.04547809
-0.04430866
-0.04292335
-0.04008767
-0.03500132
-0.02896047
-0.02459751
-0.02277441
-0.02296505
-0.02557749
-0.03041596
-0.03611357
-0.04124785
-0.04546979
-0.04837506
-0.04657046
-0.0385629
-0.02851058
-0.02164849
-0.01844155
-0.01610642
-0.01296517
-0.009407417
-0.006272498
-0.003405164
0.0006379515
0.006540712
0.01247264
0.01449797
0.01270929
0.01184687
0.01358897
0.01414902
0.01114017
0.008315113
0.01037551
0.01672194
0.02333385
0.02540491
0.02103868
0.01336036
0.007476739
0.005854687
0.005480035
0.001859639
-0.005271051
-0.01202768
-0.01423603
-0.01247766
-0.01157827
-0.01314579
-0.01173626
-0.003935229
0.007636494
0.01825758
0.02496178
0.02867341
0.03177775
0.03424099
0.03450206
0.03146108
0.02587367
0.01943722
0.01269876
0.006936556
0.003838404
0.001747613
-0.004098337
-0.01438513
-0.02392339
-0.02915173
-0.03164042
-0.03447622
-0.03864723
-0.04318286
-0.04646646
-0.04642824
-0.04300498
-0.03824678
-0.03387937
-0.03008117
-0.02616469
-0.02072418
-0.01243486
-0.00204881
0.008548798
0.01837097
0.02763524
0.0366649
0.04537879
0.05249896
0.05682001
0.05763126
0.05391681
0.04687889
0.03936196
0.03297785
0.02732817
0.02158551
0.01562263
0.009730943
0.004057589
-0.001365795
-0.00599869
-0.009484265
-0.01229378
-0.01509723
-0.01765695
-0.01836654
-0.01667648
-0.01386972
-0.01132079
-0.009352155
-0.008632368
-0.01074099
-0.01549106
-0.02116623
-0.02715297
-0.03409496
-0.04197134
-0.04822174
-0.04962713
-0.0469627
-0.04405625
-0.04425872
-0.04737633
-0.05105419
-0.05388243
-0.05627492
-0.05911271
-0.06250288
-0.06513535
-0.06408468
-0.05873327
-0.05154826
-0.04468065
-0.03820837
-0.03138142
-0.02329634
-0.01217102
0.002202697
0.01775107
0.03246258
0.04509453
0.05454709
0.06010502
0.06284647
0.06385989
0.06219292
0.05758693
0.05072137
0.04224887
0.03331363
0.02679557
0.02411419
0.02307063
0.01966476
0.01260096
0.004044434
-0.003341152
-0.008936006
-0.01393632
-0.01936967
-0.02471567
-0.02861439
-0.0309727
-0.03285559
-0.03450996
-0.03415399
-0.03088105
-0.02437002
-0.01354276
-0.002528687
0.003632957
0.005493091
0.007132528
0.01152152
0.01833389
0.02812913
0.04138101
0.05253327
0.05793288
0.05984759
0.0616474
0.0639733
0.06597931
0.06832743
0.07323949
0.08004163
0.0845515
0.08494773
0.08295109
0.07951279
0.07418396
0.0645536
0.04822204
0.02643873
0.00280843
-0.01764777
-0.03169909
-0.04088199
-0.04767326
-0.05223831
-0.05314278
-0.05327924
-0.05649092
-0.06236802
-0.06600841
-0.06377148
-0.05758282
-0.05135524
-0.04718861
-0.0467363
-0.04941492
-0.0513015
-0.05025771
-0.0469495
-0.03949314
-0.02780592
-0.01795814
-0.01340647
-0.01179385
-0.009484868
-0.005258757
-0.0001888029
0.004478028
0.008600641
0.01270898
0.01711263
0.02137503
0.02383176
0.02364484
0.02201625
0.02051264
0.01957899
0.01875899
0.01718224
0.01369712
0.008394538
0.003174022
0.001615303
0.004795309
0.01012994
0.01484771
0.01705641
0.01529454
0.01052605
0.005085727
0.0002731391
-0.004131582
-0.00824744
-0.01022671
-0.008996602
-0.006030241
-0.00398909
-0.004474741
-0.006638379
-0.008813536
-0.01035636
-0.01125873
-0.0107045
-0.00835237
-0.005553344
-0.00555664
-0.009858888
-0.01644441
-0.02235234
-0.02452702
-0.02202534
-0.01717708
-0.01259247
-0.008784594
-0.004131787
0.002557098
0.009606564
0.01484392
0.01842916
0.02207763
0.02674004
0.03196686
0.03665357
0.0392456
0.03947706
0.03871775
0.03824356
0.03822412
0.03820593
0.03791428
0.03722256
0.03591165
0.03408279
0.03209896
0.03020074
0.02838087
0.02658942
0.02552161
0.02622843
0.02843632
0.03082739
0.03115735
0.0278129
0.02193554
0.01530002
0.008336421
0.0009095762
-0.006179882
-0.01139721
-0.01470956
-0.01708028
-0.0178383
-0.01605021
-0.01255647
-0.00892615
-0.006529236
-0.006805029
-0.009545817
-0.0130812
-0.01533189
-0.01362489
-0.007753283
-0.0002645246
0.006053367
0.008605297
0.007240978
0.004352741
0.001971974
0.0006366648
0.001258887
0.004377851
0.008934605
0.01281114
0.0133423
0.01027243
0.005854482
0.002080417
-0.0002135115
-0.00113332
-0.001493297
-0.002108106
-0.003455049
-0.005176487
-0.006004539
-0.005368768
-0.003992219
-0.002766288
-0.001894274
-0.00129183
-0.001271749
-0.00195638
-0.003131868
-0.004959172
-0.007565911
-0.01046507
-0.01208685
-0.01126366
-0.008821321
-0.006295628
-0.004312992
-0.002558831
-0.0006506486
0.001422639
0.003469457
0.005052237
0.005349443
0.004318271
0.002598789
0.0005534844
-0.001661784
-0.003059272
-0.002270078
0.0003903216
0.00376116
0.007832596
0.01283619
0.01740074
0.01992785
0.02077308
0.02136739
0.0224827
0.02375019
0.02359426
0.02091433
0.01660274
0.01203507
0.007637888
0.003286145
-0.0006535684
-0.003768805
-0.006303591
-0.008861689
-0.01182057
-0.01511594
-0.01895803
-0.02379568
-0.02922443
-0.03298559
-0.03323119
-0.03106253
-0.02873542
-0.02737132
-0.0268943
-0.02671646
-0.02601299
-0.02312152
-0.01752632
-0.01074459
-0.004745921
-9.123007e-05
0.0039629
0.007866883
0.01148432
0.0139318
0.01368037
0.01096017
0.008247544
0.00831858
0.01113158
0.01458664
0.01671205
0.01669784
0.0153925
0.01405974
0.01313629
0.01232101
0.01131491
0.0103743
0.01014672
0.0107065
0.01153595
0.01218282
0.01214146
0.01076664
0.008266268
0.005392863
0.002445996
-0.0006820653
-0.004031461
-0.007385851
-0.009336121
-0.008087073
-0.004235174
0.0001045532
0.003559618
0.006289388
0.009036958
0.01150728
0.01222318
0.01093466
0.008883621
0.007168158
0.005868815
0.004343699
0.001941833
-0.001208239
-0.004501315
-0.007543654
-0.009663153
-0.009797713
-0.008327749
-0.007660424
-0.009678333
-0.0135959
-0.01758254
-0.02086536
-0.02381389
-0.0268638
-0.03004118
-0.03317387
-0.03602575
-0.03705172
-0.03452515
-0.02931832
-0.02331825
-0.01695473
-0.01002515
-0.003757747
0.0001117571
0.001902845
0.003260246
0.005171523
0.00745537
0.009593644
0.01145457
0.01325167
0.01505175
0.01596654
0.01510931
0.0129911
0.01073991
0.008893538
0.007825105
0.008671264
0.01158141
0.01515844
0.01682495
0.01515159
0.01223042
0.01115133
0.01142695
0.01008492
0.006237622
0.001455294
-0.002751577
-0.006255374
-0.008962259
-0.009944394
-0.009213168
-0.007864938
-0.007081745
-0.007676584
-0.00939741
-0.01097843
-0.01069642
-0.008316518
-0.005155996
-0.002343669
4.960977e-05
0.002485489
0.005203721
0.008063995
0.01085825
0.01354964
0.01625379
0.01920362
0.0225056
0.02577623
0.02793256
0.02856481
0.02845565
0.02848864
0.0288154
0.02862907
0.02700139
0.02421194
0.02123899
0.01870013
0.01653767
0.01439847
0.01211236
0.009760495
0.007487379
0.005564578
0.004225155
0.003291688
0.002410389
0.001631919
0.002035512
0.004278841
0.007564522
0.01043318
0.01194575
0.01248557
0.01292726
0.01316202
0.01229329
0.01027257
0.007864351
0.005428337
0.002677496
-0.0005257242
-0.003943907
-0.00728294
-0.01010283
-0.0118546
-0.01270531
-0.0133175
-0.01387797
-0.0138565
-0.01306038
-0.01202174
-0.0118397
-0.01305666
-0.01504921
-0.01669042
-0.01642248
-0.01376515
-0.009948769
-0.006467375
-0.004824194
-0.005699792
-0.008022148
-0.01034651
-0.01219841
-0.01392723
-0.01599362
-0.0195054
-0.02552585
-0.03280863
-0.03844899
-0.04151756
-0.04325498
-0.04393064
-0.04300428
-0.0408297
-0.03838691
-0.03643616
-0.03521217
-0.03438711
-0.03343956
-0.03161383
-0.028564
-0.02483844
-0.02114549
-0.01766316
-0.0141349
-0.01039112
-0.006524452
-0.002691678
0.0009776945
0.004118604
0.006546044
0.008535619
0.009705465
0.008851775
0.006067606
0.002717554
0.0005944149
0.001059619
0.003487815
0.006249015
0.008468768
0.009649016
0.008749088
0.005810706
0.001846659
-0.002330816
-0.00647014
-0.01038273
-0.01331185
-0.01498761
-0.01605377
-0.01692709
-0.01660321
-0.01439499
-0.01147071
-0.01073803
-0.0135355
-0.01819647
-0.02248125
-0.02432688
-0.02227903
-0.01751953
-0.01238279
-0.008550942
-0.007135118
-0.007709482
-0.008621222
-0.007962837
-0.005254677
-0.001665214
0.001360173
0.002295889
0.0008097437
-0.001793386
-0.00418746
-0.005511825
-0.004309862
-0.000365305
0.004770543
0.009562131
0.01266557
0.01302247
0.01140286
0.009452219
0.008160815
0.007816696
0.008117423
0.008479567
0.008117782
0.00660658
0.004404646
0.002199442
0.0003414029
-0.0006552242
-0.0004743052
0.0004128915
0.001326144
0.001756683
0.0006190138
-0.002600839
-0.006762886
-0.009155578
-0.008055972
-0.004759205
-0.001888654
-0.001310564
-0.002617504
-0.004222976
-0.005277546
-0.006013726
-0.006279499
-0.004548186
-0.000393638
0.004744218
0.009140137
0.01241987
0.01535001
0.01817224
0.0196024
0.01898791
0.01730405
0.01577292
0.01507204
0.01626595
0.0196271
0.02402287
0.02827548
0.0318997
0.03344135
0.03151881
0.02720739
0.02262456
0.01892103
0.01611056
0.01361799
0.0110112
0.008315956
0.005838512
0.003695174
0.001701502
-0.0002871269
-0.001724711
-0.001887233
-0.001038761
-1.422952e-05
0.0005177433
1.664798e-05
-0.001439409
-0.003180793
-0.004078649
-0.003198379
-0.001002848
0.001379627
0.003391258
0.005113379
0.006257277
0.006426772
0.005901361
0.005275796
0.004697728
0.003635557
0.001809268
-0.000416822
-0.002563392
-0.003967415
-0.0034023
-0.0008157479
0.002371066
0.004363226
0.004671278
0.004196225
0.0033304
0.001662665
-0.0008128451
-0.003575463
-0.006183791
-0.008469283
-0.01044402
-0.01227209
-0.01410241
-0.01580334
-0.01682874
-0.01701959
-0.01683502
-0.01674479
-0.01682937
-0.01700661
-0.01765463
-0.01915863
-0.02124986
-0.02339338
-0.02535219
-0.02716092
-0.02797426
-0.02642287
-0.02285693
-0.01882075
-0.01552829
-0.01365149
-0.01293236
-0.01253202
-0.01192853
-0.01116636
-0.01047188
-0.009893304
-0.009010044
-0.0070743
-0.00410156
-0.0008027252
0.002291951
0.005189612
0.008121716
0.01116804
0.01372178
0.01436937
0.01294193
0.01072405
0.008826054
0.007338838
0.005876489
0.004871958
0.005360169
0.007244286
0.009507353
0.0113631
0.01259049
0.01344603
0.01428421
0.01523376
0.01635015
0.01778021
0.01950133
0.02132221
0.0230711
0.02424545
0.0240697
0.02269469
0.02099009
0.01953597
0.01828918
0.01692861
0.01510417
0.01277251
0.01023452
0.007760279
0.005377122
0.002979662
0.0005148498
-0.002012415
-0.005113164
-0.009717424
-0.01546805
-0.01952543
-0.01953202
-0.01670669
-0.01378237
-0.01254924
-0.01302819
-0.01404699
-0.01474649
-0.0151525
-0.01563965
-0.01633733
-0.01689044
-0.01650747
-0.01502073
-0.01307658
-0.01128481
-0.009720968
-0.008159427
-0.006471134
-0.004716556
-0.003000235
-0.001553981
-0.0008712392
-0.000987889
-0.001408413
-0.001691301
-0.001245935
0.0009124132
0.004692357
0.009001514
0.01302808
0.01660765
0.01932507
0.02090286
0.02175117
0.02199628
0.02128471
0.01970438
0.01684683
0.0114451
0.003976247
-0.002044169
-0.003744097
-0.002365584
-0.0008181189
-0.000363215
-0.0003659514
2.958395e-05
0.0007319667
0.0004310577
-0.001751119
-0.005086991
-0.008198359
-0.009913251
-0.0102343
-0.01011079
-0.01024903
-0.01063802
-0.01090164
-0.01049114
-0.009206882
-0.007475344
-0.005793478
-0.004283285
-0.002754676
-0.001002835
0.000944077
0.002920484
0.004833128
0.006705538
0.008564483
0.01038916
0.01217121
0.01393286
0.01569842
0.01744109
0.01868154
0.01875899
0.01787601
0.01678474
0.01578771
0.01437071
0.01219295
0.009713237
0.008202973
0.008373458
0.009520078
0.01060728
0.01124353
0.0111906
0.01024556
0.008716591
0.007302005
0.006831807
0.007388365
0.008316786
0.008925223
0.008483411
0.006823326
0.004753122
0.003927311
0.005194085
0.00764288
0.009977406
0.01129058
0.01085233
0.008997367
0.006768486
0.004809952
0.003067519
0.001256762
-0.0007076518
-0.002712469
-0.004654697
-0.006330217
-0.006792409
-0.005512375
-0.003249683
-0.001258591
-0.0009368877
-0.0026092
-0.005187751
-0.007575005
-0.00922512
-0.009111332
-0.006907827
-0.003672843
-0.0005578716
0.002165654
0.004771561
0.006597365
0.006302858
0.004216755
0.002404665
0.002264777
0.00323898
0.004053001
0.00365517
0.00181913
-0.0006801009
-0.002420059
-0.001638381
0.001608673
0.00513644
0.006387013
0.005193373
0.003302658
0.001997027
0.001191703
0.0001777076
-0.001846562
-0.005075473
-0.008865681
-0.01255161
-0.01570134
-0.01709186
-0.01607366
-0.01370538
-0.01138326
-0.009630057
-0.008501736
-0.007887655
-0.007507504
-0.00713109
-0.00665096
-0.005303512
-0.001990659
0.002967023
0.008397608
0.01363929
0.01835438
0.0217649
0.02377001
0.02518837
0.02675182
0.02819432
0.02849953
0.02752476
0.02612471
0.02542368
0.02604511
0.02751282
0.02886187
0.02921026
0.02851857
0.02747412
0.02629053
0.02344557
0.01787037
0.01065282
0.003679484
-0.001177121
-0.003409926
-0.004380179
-0.00534729
-0.006034344
-0.006623174
-0.0079694
-0.01018818
-0.01268656
-0.01498994
-0.01710068
-0.01917159
-0.02105312
-0.02257927
-0.02385822
-0.02474925
-0.02442791
-0.02273192
-0.0204583
-0.01835719
-0.01653147
-0.01474428
-0.01314678
-0.0121543
-0.01153846
-0.01003745
-0.006906576
-0.002834384
0.0007785534
0.002446557
0.002149811
0.001292834
0.001512553
0.003277728
0.005548876
0.006745416
0.006467047
0.005612553
0.005026977
0.00458145
0.003434864
0.001342236
-0.001137027
-0.003435573
-0.005060529
-0.00534006
-0.004408024
-0.00309602
-0.001993159
-0.0010919
-0.0001478555
0.0008788629
0.001766092
0.002402288
0.00291056
0.003447278
0.003984052
0.004305708
0.004350581
0.004278125
0.004228591
0.003748785
0.001802323
-0.001637541
-0.005557758
-0.008533191
-0.009209868
-0.007924658
-0.006206564
-0.00577163
-0.00761314
-0.01091936
-0.0137025
-0.01439272
-0.01342851
-0.0122446
-0.01157044
-0.01115886
-0.01057469
-0.009757
-0.008911056
-0.008112609
-0.006721183
-0.003971958
-0.0001662013
0.003813154
0.007447847
0.009997632
0.01027442
0.008546311
0.006244904
0.004335755
0.002908355
0.002657081
0.004450474
0.007735443
0.01125185
0.01406847
0.01496276
0.01351001
0.0108502
0.00828717
0.006160689
0.004108191
0.001836868
-0.000588053
-0.002969108
-0.004877594
-0.005259766
-0.003888785
-0.001752987
0.000181286
0.00142243
0.001442136
0.0003357184
-0.001177528
-0.002529553
-0.003409818
-0.00355939
-0.003140352
-0.002577909
-0.002122999
-0.001746381
-0.001401196
-0.001458827
-0.002255115
-0.003545682
-0.004853532
-0.005775947
-0.006120408
-0.006103827
-0.006063585
-0.006129759
-0.006231792
-0.006286208
-0.006295671
-0.006307279
-0.006343675
-0.006391545
-0.006430378
-0.006448801
-0.006450415
-0.006452203
-0.006648653
-0.007508637
-0.009087545
-0.01094467
-0.01269515
-0.01412643
-0.01468426
-0.01416367
-0.01310103
-0.01210075
-0.01132209
-0.01089291
-0.01130337
-0.01258042
-0.01418901
-0.01567572
-0.01699587
-0.01808416
-0.01830782
-0.01742739
-0.01600644
-0.01466788
-0.0134983
-0.01224176
-0.01078221
-0.009243143
-0.008019061
-0.007660776
-0.008105331
-0.008663073
-0.008198316
-0.006198839
-0.003454156
-0.001552444
-0.001358131
-0.002171878
-0.002795093
-0.002643115
-0.002021069
-0.001480054
-0.001490382
-0.002321337
-0.00369088
-0.004832724
-0.003296024
0.002858767
0.0115987
0.0181883
0.02067312
0.02100704
0.02062057
0.01914744
0.01633976
0.01279806
0.01117309
0.0137421
0.01926211
0.02499202
0.02904807
0.03083174
0.03128577
0.03168195
0.03244972
0.03287657
0.03135677
0.02758055
0.02288763
0.01851657
0.01470755
0.01198095
0.01118106
0.01190066
0.01295362
0.0136564
0.01412377
0.01466122
0.01478099
0.01338917
0.01052514
0.007404921
0.005092748
0.003520431
0.002041254
0.0004954644
-0.0007653257
-0.001615298
-0.002291128
-0.003080353
-0.004177538
-0.005550631
-0.007005655
-0.008410388
-0.009771181
-0.01114541
-0.01255202
-0.01396829
-0.01525696
-0.01551384
-0.01393291
-0.01109673
-0.00827575
-0.006991529
-0.007946097
-0.01011286
-0.01155783
-0.01116941
-0.009624039
-0.008120811
-0.007075175
-0.006204232
-0.005361444
-0.004668976
-0.004172976
-0.003766136
-0.003333642
-0.00288018
-0.002913174
-0.004242432
-0.006741817
-0.009557994
-0.01204482
-0.01350992
-0.0133924
-0.01219913
-0.01134242
-0.01223618
-0.01472295
-0.01757262
-0.01945433
-0.0190717
-0.01668966
-0.01451963
-0.01465157
-0.01672135
-0.01905106
-0.02065874
-0.02112927
-0.02036574
-0.01890813
-0.01740405
-0.01616633
-0.01529345
-0.01467883
-0.01410316
-0.01323288
-0.01182589
-0.0100515
-0.008240526
-0.006538974
-0.004884752
-0.003194269
-0.00149948
0.0001269704
0.001685394
0.003229515
0.004794539
0.006373943
0.007912518
0.009294245
0.01049746
0.01162612
0.01277734
0.01389121
0.01436258
0.01365607
0.01214467
0.01056444
0.009263116
0.008251135
0.007435622
0.00669302
0.005938533
0.00487948
0.002943536
0.0001394137
-0.002847141
-0.004717644
-0.004691958
-0.003513668
-0.002557387
-0.002540229
-0.003090994
-0.003562613
-0.003765663
-0.003905841
-0.004154288
-0.004190674
-0.003294778
-0.001429089
0.0007624836
0.002766928
0.004354213
0.005064462
0.004815674
0.004133689
0.003530963
0.003102131
0.002731277
0.002675515
0.003302475
0.004457551
0.005699843
0.006794633
0.007764708
0.008351964
0.008146015
0.007300145
0.006319866
0.005497636
0.004779953
0.004015619
0.003139541
0.002173751
0.001181568
0.0002024344
-0.0007446303
-0.001287361
-0.0007799106
0.0006865382
0.002415736
0.003600313
0.003424388
0.001996498
0.0001815903
-0.001341712
-0.001939419
-0.001146477
0.0005888708
0.002449092
0.00406132
0.005473259
0.006373354
0.006402611
0.005825791
0.005178051
0.004708
0.004423969
0.004654697
0.005647108
0.007105026
0.008576188
0.009892939
0.01112624
0.01183432
0.01108143
0.008945717
0.006393133
0.004122086
0.002377669
0.001670503
0.002098558
0.003050305
0.003919033
0.004539292
0.004655515
0.003899532
0.002468095
0.000894345
-0.0005116044
-0.001533851
-0.001763254
-0.001238105
-0.0004502751
0.0002216805
0.0007622123
0.001319873
0.001960465
0.002634386
0.003281453
0.003897391
0.00451159
0.005082643
0.005025512
0.003680252
0.001358573
-0.001115125
-0.003094168
-0.00402244
-0.0039603
-0.003543842
-0.003263143
-0.003143435
-0.002998866
-0.002675635
-0.001895706
-0.0005468702
0.001018298
0.00182756
0.001203019
-0.0003522447
-0.001939749
-0.003166564
-0.003496572
-0.001936311
0.001231685
0.004246049
0.005867022
0.006527095
0.007236854
0.008222179
0.008612769
0.007864383
0.00646712
0.005146708
0.004116956
0.003222977
0.002514602
0.002113207
0.001930435
0.001777969
0.001561948
0.001269862
0.0008687556
0.0003674017
-0.0001731081
-0.0007033679
-0.001217856
-0.001734607
-0.002267654
-0.002814005
-0.003361975
-0.003888714
-0.00409374
-0.003474422
-0.002108372
-0.0006362004
-3.964391e-05
-0.000736809
-0.002121952
-0.003432758
-0.004468354
-0.005453245
-0.006571459
-0.007786116
-0.008897559
-0.009223173
-0.008224006
-0.006351671
-0.004417549
-0.002759293
-0.001212103
0.0003996975
0.001954088
0.003303148
0.004499735
0.00568745
0.00693264
0.008203994
0.0093251
0.00977319
0.009361658
0.00853189
0.007772249
0.007189239
0.006629038
0.005979682
0.005272269
0.004594094
0.004082292
0.003837371
0.003770737
0.003721634
0.003622286
0.003610466
0.004058685
0.005055671
0.006288369
0.007431617
0.008139475
0.008101471
0.007512033
0.006824033
0.006272358
0.005797448
0.005275381
0.004686258
0.00408786
0.00352011
0.002972788
0.002437451
0.002080915
0.002108394
0.002433884
0.002810612
0.003105867
0.003268371
0.002968391
0.001997719
0.0006346734
-0.0007154537
-0.001675301
-0.001840548
-0.001315551
-0.0005928544
-2.96485e-07
0.0004810893
0.000994988
0.001588449
0.00216188
0.002231269
0.001316896
-0.000317851
-0.002052394
-0.003581045
-0.004997675
-0.006365986
-0.007520953
-0.008407565
-0.009172479
-0.009968511
-0.01082317
-0.01167983
-0.0124277
-0.01295183
-0.01329569
-0.01360035
-0.01394763
-0.01432313
-0.01468316
-0.01490828
-0.01473997
-0.01415777
-0.01341796
-0.01273863
-0.01213803
-0.01153299
-0.01087716
-0.01018286
-0.009481943
-0.008790261
-0.008102881
-0.007411114
-0.006714241
-0.006016894
-0.005321962
-0.004628426
-0.003934395
-0.003239391
-0.002544114
-0.001875175
-0.00143585
-0.00140959
-0.001666575
-0.001949879
-0.002145708
-0.002303021
-0.00249271
-0.002692433
-0.002593942
-0.001871195
-0.0006805924
0.0005783939
0.001676516
0.002190178
0.001421896
-0.0004873676
-0.002722677
-0.00486274
-0.006640287
-0.008263792
-0.009030479
-0.00853283
-0.007331069
-0.006176956
-0.005295722
-0.004481507
-0.003546261
-0.002515077
-0.001502272
-0.0005522285
0.0003723825
0.00131317
0.002271129
0.003207072
0.004003423
0.004589812
0.005050606
0.005508339
0.006004075
0.006506808
0.006985088
0.007440988
0.007892121
0.00834593
0.008796627
0.009237163
0.009654481
0.009874561
0.009655897
0.009078099
0.008424436
0.007860848
0.007358534
0.006815957
0.006071528
0.005035258
0.003830276
0.00263391
0.001508903
0.0004150761
-0.0006879433
-0.001661093
-0.002067311
-0.001796474
-0.001229933
-0.0007452154
-0.0004033345
-7.490473e-05
0.0003209248
0.0007524291
0.001161345
0.00157801
0.002158796
0.002953384
0.003837073
0.004679293
0.005456171
0.006211375
0.006973651
0.007732571
0.00844368
0.00900922
0.009402661
0.009710177
0.01001968
0.01034717
0.01066023
0.01085117
0.01074768
0.01037236
0.009915062
0.009509939
0.009153664
0.008789037
0.008394802
0.007991819
0.00760191
0.007225449
0.006851452
0.006474367
0.006097347
0.005724955
0.005351077
0.004905936
0.00431511
0.003621109
0.002923312
0.002271299
0.001650402
0.001033453
0.0004166961
-0.0001869035
-0.0007652537
-0.001271108
-0.001643812
-0.001910374
-0.002149431
-0.002404911
-0.002668118
-0.002916792
-0.003146042
-0.003365253
-0.003581653
-0.00379395
-0.003997567
-0.004190939
-0.004379422
-0.00463386
-0.005065927
-0.005648341
-0.006251834
-0.006824626
-0.007519775
-0.008446408
-0.009491538
-0.01048188
-0.01122677
-0.01137424
-0.01089291
-0.01016166
-0.009516031
-0.008999139
-0.008509092
-0.008166082
-0.008244095
-0.00868925
-0.0092043
-0.009597492
-0.009826407
-0.009701246
-0.009118325
-0.008287616
-0.007477989
-0.006775899
-0.006118859
-0.005446416
-0.004795968
-0.004381314
-0.004327397
-0.004472041
-0.004589616
-0.004607212
-0.00458052
-0.004540761
-0.004307307
-0.00371216
-0.002887885
-0.002080053
-0.001393701
-0.0007834903
-0.0002004024
0.0002961897
0.0006500825
0.0009057843
0.001141081
0.001388338
0.001676076
0.002068462
0.002546701
0.003019148
0.003422918
0.003759263
0.004053968
0.00430602
0.004481493
0.00457591
0.004622715
0.004651516
0.004652433
0.004564918
0.004375203
0.004143184
0.003926633
0.003735564
0.003552181
0.003365297
0.003178883
0.00300045
0.002831679
0.002669087
0.002501578
0.00231945
0.002131685
0.00195437
0.001794317
0.001648463
0.001512359
0.001385061
0.001266646
0.001151616
0.001036574
0.0009268693
0.0008291521
0.0007448587
0.0006714556
0.000606537
0.0005494171
0.0005001095
0.0004582522
0.000426121
0.0004094304
0.0004052207
0.0004037195
0.0003987122
0.0003904107
0.00038122
0.0003720447
0.0003622623
0.000351277
0.0003385274
0.0003222356
0.0003028781
0.0002834629
0.0002661434
0.0002511105
0.0002378265
0.0002255145
0.0002135246
0.0002015874
0.0001896814
0.0001778054
0.0001659006
0.000153896
0.0001417734
0.000129699
0.0001177411
0.0001056227
9.306698e-05
8.004537e-05
6.6683e-05
5.308928e-05
3.930875e-05
2.536513e-05
1.130392e-05
-2.832275e-06
-1.702779e-05
-3.12688e-05
-4.552982e-05
-5.97793e-05
-7.399245e-05
-8.815165e-05
-0.0001022412
-0.0001162448
-0.0001301503
-0.0001439495
-0.0001576364
-0.0001712054
-0.000184651
-0.0001979677
-0.0002111503
-0.000224195
-0.0002370981
-0.0002498558
-0.000262464
-0.0002749187
-0.000287216
-0.0002993519
-0.0003113226
-0.0003231244
